0.296249985695,0.372500002384
0.302500009537,0.367500007153
0.302500009537,0.362500011921
0.302500009537,0.361250013113
0.298750013113,0.357499986887
0.289999991655,0.360000014305
0.28125,0.366250008345
0.278750002384,0.36875000596
0.289999991655,0.354999989271
0.280000001192,0.357499986887
0.280000001192,0.357499986887
0.291249990463,0.351249992847
0.273750007153,0.361250013113
0.271250009537,0.36875000596
0.268750011921,0.362500011921
0.108750000596,0.372500002384
0.111249998212,0.371250003576
0.111249998212,0.371250003576
0.11249999702,0.371250003576
0.109999999404,0.36875000596
0.115000002086,0.366250008345
0.0687500014901,0.357499986887
0.0612500011921,0.367500007153
0.0724999979138,0.353749990463
0.0662499964237,0.353749990463
0.0575000010431,0.361250013113
0.054999999702,0.365000009537
0.058749999851,0.34999999404
0.0575000010431,0.347499996424
-0.192499995232,0.371250003576
-0.204999998212,0.360000014305
-0.207499995828,0.361250013113
-0.209999993443,0.36875000596
-0.21250000596,0.370000004768
-0.170000001788,0.360000014305
-0.215000003576,0.371250003576
-0.21875,0.371250003576
-0.163749992847,0.354999989271
-0.15000000596,0.340000003576
-0.147499993443,0.336250007153
-0.147499993443,0.341250002384
-0.146249994636,0.340000003576
-0.140000000596,0.3125
-0.128749996424,0.327499985695
-0.136250004172,0.308750003576
-0.136250004172,0.308750003576
-0.121250003576,0.322499990463
-0.123750001192,0.301250010729
-0.119999997318,0.298750013113
-0.11874999851,0.297500014305
-0.113750003278,0.311250001192
-0.0974999964237,0.302500009537
-0.102499999106,0.282499998808
-0.0900000035763,0.27500000596
-0.0575000010431,0.286249995232
-0.0874999985099,0.25
-0.0537500008941,0.28749999404
-0.0500000007451,0.286249995232
-0.047499999404,0.291249990463
-0.0412500016391,0.284999996424
-0.0712499991059,0.236249998212
-0.0912500023842,0.23749999702
-0.0337500013411,0.283749997616
-0.078749999404,0.22499999404
-0.0324999988079,0.286249995232
-0.03125,0.28749999404
-0.051249999553,0.239999994636
-0.0450000017881,0.23749999702
-0.035000000149,0.254999995232
-0.078749999404,0.223749995232
-0.027499999851,0.293749988079
-0.0299999993294,0.25
-0.0299999993294,0.247500002384
-0.0812499970198,0.216250002384
-0.0837500020862,0.217500001192
-0.0825000032783,0.216250002384
-0.023749999702,0.296249985695
-0.0337500013411,0.227500006557
-0.0212500002235,0.24375000596
-0.0837500020862,0.213750004768
-0.0187500007451,0.301250010729
-0.0412500016391,0.296249985695
-0.0337500013411,0.226249992847
-0.086249999702,0.20624999702
-0.09375,0.21250000596
-0.0874999985099,0.204999998212
-0.042500000447,0.301250010729
-0.042500000447,0.300000011921
-0.0437499992549,0.298750013113
-0.011250000447,0.23749999702
-0.00875000003725,0.232500001788
-0.102499999106,0.213750004768
-0.102499999106,0.209999993443
-0.0925000011921,0.20000000298
-0.0125000001863,0.308750003576
-0.00749999983236,0.230000004172
-0.0137499999255,0.216250002384
-0.00249999994412,0.228750005364
-0.10625000298,0.203749999404
-0.00999999977648,0.216250002384
-0.10625000298,0.198750004172
-0.107500001788,0.196250006557
-0.00625000009313,0.33750000596
0.00749999983236,0.222499996424
-0.00124999997206,0.342500001192
0.00999999977648,0.324999988079
0.00249999994412,0.203749999404
0.00625000009313,0.20000000298
0.0137499999255,0.326249986887
0.0175000000745,0.326249986887
0.0212500002235,0.209999993443
0.0225000008941,0.207499995828
-0.0987500026822,0.171250000596
-0.116250000894,0.167500004172
-0.116250000894,0.166250005364
-0.11874999851,0.158749997616
0.0337500013411,0.20000000298
0.0337500013411,0.20000000298
0.0250000003725,0.186250001192
0.027499999851,0.186250001192
-0.11874999851,0.157499998808
0.0375000014901,0.194999992847
0.0324999988079,0.183750003576
0.0337500013411,0.185000002384
-0.101250000298,0.138750001788
0.0412500016391,0.360000014305
0.0399999991059,0.362500011921
0.0412500016391,0.340000003576
0.042500000447,0.191249996424
0.0362499989569,0.183750003576
0.03125,0.178749993443
-0.119999997318,0.147499993443
-0.102499999106,0.132499992847
0.046250000596,0.34375
0.0362499989569,0.336250007153
-0.102499999106,0.126249998808
-0.11874999851,0.119999997318
-0.104999996722,0.119999997318
-0.119999997318,0.111249998212
-0.119999997318,0.103749997914
-0.102499999106,0.104999996722
-0.102499999106,0.101250000298
-0.101250000298,0.0887499973178
0.070000000298,0.146249994636
-0.101250000298,0.0874999985099
-0.102499999106,0.086249999702
0.086249999702,0.157499998808
0.0887499973178,0.153750002384
0.0812499970198,0.13750000298
-0.10000000149,0.0812499970198
-0.10000000149,0.0799999982119
0.0900000035763,0.153750002384
0.086249999702,0.133750006557
-0.0974999964237,0.077500000596
-0.11249999702,0.0675000026822
-0.113750003278,0.0662499964237
0.101250000298,0.147499993443
-0.0949999988079,0.0675000026822
-0.113750003278,0.0649999976158
-0.0949999988079,0.0649999976158
-0.109999999404,0.0575000010431
-0.108750000596,0.054999999702
-0.108750000596,0.054999999702
0.10000000149,0.125
-0.0925000011921,0.0612500011921
-0.0925000011921,0.0599999986589
0.115000002086,0.13750000298
0.119999997318,0.13124999404
0.119999997318,0.128749996424
0.108750000596,0.121250003576
-0.102499999106,0.0399999991059
-0.102499999106,0.0399999991059
-0.086249999702,0.0437499992549
-0.102499999106,0.0362499989569
0.132499992847,0.119999997318
-0.09375,0.0187500007451
-0.0850000008941,0.00249999994412
-0.0812499970198,-0.00124999997206
-0.070000000298,0.00999999977648
-0.077500000596,-0.00749999983236
0.146249994636,0.0799999982119
0.146249994636,0.078749999404
0.155000001192,0.0750000029802
0.177499994636,0.0925000011921
0.172499999404,0.0737499967217
0.171250000596,0.0724999979138
-0.0575000010431,-0.0299999993294
-0.0399999991059,-0.0287500005215
0.18125000596,0.0662499964237
0.177499994636,0.0649999976158
-0.0487499982119,-0.0399999991059
-0.046250000596,-0.0412500016391
0.1875,0.0599999986589
0.1875,0.0599999986589
-0.0450000017881,-0.0412500016391
-0.0437499992549,-0.042500000447
-0.03125,-0.035000000149
0.192499995232,0.0537500008941
0.202500000596,0.0500000007451
-0.0412500016391,-0.0487499982119
-0.0250000003725,-0.0399999991059
-0.0212500002235,-0.0450000017881
0.226249992847,0.0500000007451
0.226249992847,0.046250000596
0.209999993443,0.0399999991059
0.215000003576,0.038750000298
0.236249998212,0.042500000447
-0.00749999983236,-0.054999999702
0.248750001192,0.0324999988079
-0.00749999983236,-0.0712499991059
-0.00374999991618,-0.0737499967217
0.241249993443,0.019999999553
0.252499997616,0.0299999993294
0.253749996424,0.03125
-0.00124999997206,-0.0762500017881
0.00625000009313,-0.0637499988079
0.241249993443,0.0175000000745
0.258749991655,0.0262499991804
0.00249999994412,-0.0762500017881
0.0137499999255,-0.0687500014901
0.0175000000745,-0.0724999979138
0.0175000000745,-0.0724999979138
0.0187500007451,-0.0712499991059
0.0250000003725,-0.077500000596
0.0262499991804,-0.0750000029802
0.0362499989569,-0.09375
0.042500000447,-0.0837500020862
0.27500000596,-0.00875000003725
0.288749992847,0.00499999988824
0.051249999553,-0.0874999985099
0.051249999553,-0.0874999985099
0.28125,-0.0125000001863
0.298750013113,-0.00374999991618
0.301250010729,-0.0287500005215
0.310000002384,-0.0125000001863
0.0675000026822,-0.0925000011921
0.070000000298,-0.09375
0.307500004768,-0.0337500013411
0.308750003576,-0.0337500013411
0.311250001192,-0.0337500013411
0.31874999404,-0.019999999553
0.313749998808,-0.035000000149
0.317499995232,-0.0375000014901
0.328750014305,-0.027499999851
0.335000008345,-0.0337500013411
0.323749989271,-0.0450000017881
0.336250007153,-0.0362499989569
0.328750014305,-0.047499999404
0.34375,-0.0399999991059
0.351249992847,-0.0399999991059
0.321249991655,-0.0612500011921
0.347499996424,-0.0637499988079
0.348749995232,-0.0649999976158
0.113750003278,-0.102499999106
0.3125,-0.0662499964237
0.316249996424,-0.077500000596
0.314999997616,-0.0799999982119
0.358749985695,-0.0712499991059
0.371250003576,-0.0599999986589
0.121250003576,-0.104999996722
0.123750001192,-0.116250000894
0.366250008345,-0.078749999404
0.375,-0.0825000032783
0.386249989271,-0.0724999979138
0.138750001788,-0.116250000894
0.293749988079,-0.0912500023842
0.284999996424,-0.078749999404
0.144999995828,-0.104999996722
0.284999996424,-0.0949999988079
0.276250004768,-0.0837500020862
0.153750002384,-0.104999996722
0.151250004768,-0.117499999702
0.153750002384,-0.11874999851
0.28125,-0.0962499976158
0.282499998808,-0.0962499976158
0.389999985695,-0.0962499976158
0.388749986887,-0.0949999988079
0.15625,-0.104999996722
0.407499998808,-0.0874999985099
0.408749997616,-0.0912500023842
0.402500003576,-0.102499999106
0.163749992847,-0.10625000298
0.402500003576,-0.103749997914
0.253749996424,-0.0925000011921
0.253749996424,-0.104999996722
0.25,-0.0925000011921
0.41249999404,-0.109999999404
0.188749998808,-0.104999996722
0.24375000596,-0.107500001788
0.238749995828,-0.0949999988079
0.19374999404,-0.103749997914
0.196250006557,-0.103749997914
0.20000000298,-0.104999996722
0.20000000298,-0.116250000894
0.203749999404,-0.116250000894
0.20624999702,-0.115000002086
0.427500009537,-0.103749997914
0.20624999702,-0.103749997914
0.20624999702,-0.102499999106
0.223749995232,-0.111249998212
0.223749995232,-0.11249999702
0.221249997616,-0.10000000149
0.219999998808,-0.11249999702
0.44374999404,-0.117499999702
0.215000003576,-0.101250000298
0.216250002384,-0.109999999404
0.446249991655,-0.117499999702
0.441249996424,-0.136250004172
0.451249986887,-0.138750001788
0.452499985695,-0.14374999702
0.455000013113,-0.144999995828
0.466250002384,-0.135000005364
0.458750009537,-0.144999995828
0.487500011921,-0.15000000596
0.488750010729,-0.15000000596
0.333750009537,0.361250013113
0.34375,0.356249988079
0.340000003576,0.348749995232
0.323749989271,0.353749990463
0.327499985695,0.34999999404
0.321249991655,0.351249992847
0.34999999404,0.353749990463
0.317499995232,0.357499986887
0.316249996424,0.358749985695
0.330000013113,0.342500001192
0.313749998808,0.348749995232
0.351249992847,0.34999999404
0.353749990463,0.348749995232
0.314999997616,0.361250013113
0.310000002384,0.357499986887
0.310000002384,0.358749985695
0.327499985695,0.336250007153
0.313749998808,0.347499996424
0.314999997616,0.34375
0.308750003576,0.353749990463
0.305000007153,0.347499996424
0.356249988079,0.347499996424
0.360000014305,0.342500001192
0.33750000596,0.33750000596
0.340000003576,0.328750014305
0.365000009537,0.342500001192
0.340000003576,0.327499985695
0.36875000596,0.338750004768
0.371250003576,0.338750004768
0.377499997616,0.333750009537
0.36875000596,0.305000007153
0.393750011921,0.283749997616
0.398750007153,0.278750002384
0.405000001192,0.27500000596
0.40625,0.266250014305
0.41249999404,0.292499989271
0.421249985695,0.28125
0.421249985695,0.282499998808
0.423750013113,0.282499998808
0.41249999404,0.297500014305
0.421249985695,0.247500002384
0.428750008345,0.263749986887
0.421249985695,0.246250003576
0.428750008345,0.251249998808
0.430000007153,0.248750001192
0.425000011921,0.242500007153
0.426250010729,0.242500007153
0.433750003576,0.264999985695
0.433750003576,0.259999990463
0.427500009537,0.239999994636
0.428750008345,0.239999994636
0.442499995232,0.253749996424
0.442499995232,0.253749996424
0.44374999404,0.252499997616
0.435000002384,0.226249992847
0.448749989271,0.232500001788
0.436250001192,0.215000003576
0.451249986887,0.233750000596
0.439999997616,0.211250007153
0.439999997616,0.203749999404
0.457500010729,0.222499996424
0.451249986887,0.201250001788
0.460000008345,0.20624999702
0.461250007153,0.202500000596
0.461250007153,0.201250001788
0.44374999404,0.19374999404
0.442499995232,0.192499995232
0.441249996424,0.1875
0.44374999404,0.180000007153
0.442499995232,0.18125000596
0.466250002384,0.185000002384
0.444999992847,0.177499994636
0.444999992847,0.176249995828
0.466250002384,0.176249995828
0.442499995232,0.171250000596
0.466250002384,0.167500004172
0.465000003576,0.165000006557
0.444999992847,0.152500003576
0.44374999404,0.151250004768
0.467500001192,0.133750006557
0.466250002384,0.129999995232
0.466250002384,0.129999995232
0.444999992847,0.122500002384
0.442499995232,0.10625000298
0.451249986887,0.10000000149
0.458750009537,0.104999996722
0.458750009537,0.102499999106
0.449999988079,0.0974999964237
0.458750009537,0.10000000149
0.441249996424,0.103749997914
0.444999992847,0.0949999988079
0.452499985695,0.09375
0.452499985695,0.0925000011921
0.448749989271,0.0912500023842
0.453750014305,0.0912500023842
0.451249986887,0.086249999702
0.456250011921,0.0887499973178
0.0262499991804,0.332500010729
-0.375,0.183750003576
-0.425000011921,0.115000002086
-0.426250010729,0.11249999702
0.435000002384,0.0799999982119
0.449999988079,0.0762500017881
0.43125000596,0.0675000026822
0.43125000596,0.0675000026822
0.43125000596,0.0687500014901
0.43125000596,0.0687500014901
0.447499990463,0.0612500011921
0.448749989271,0.0612500011921
0.425000011921,0.051249999553
0.423750013113,0.047499999404
0.419999986887,0.0399999991059
0.421249985695,0.0362499989569
0.418749988079,0.035000000149
0.416249990463,0.00374999991618
0.409999996424,-0.00124999997206
0.396250009537,0.00374999991618
0.402500003576,-0.00749999983236
0.395000010729,-0.00124999997206
0.401250004768,-0.00999999977648
0.392500013113,-0.00625000009313
0.398750007153,-0.0149999996647
0.388749986887,-0.00625000009313
0.38124999404,-0.0149999996647
0.379999995232,-0.016249999404
0.386249989271,-0.0287500005215
0.379999995232,-0.0337500013411
0.376249998808,-0.0337500013411
0.372500002384,-0.023749999702
0.367500007153,-0.027499999851
0.36875000596,-0.0412500016391
0.367500007153,-0.0437499992549
-0.270000010729,-0.314999997616
-0.257499992847,-0.322499990463
-0.253749996424,-0.326249986887