553.591552734,-17.3880023956
557.565429688,-2.17467951775
552.74621582,-32.6569061279
601.988464355,-16.9947814941
603.715148926,-18.1467399597
603.655822754,-19.2381649017
600.091796875,-51.8570098877
562.761962891,34.6969947815
614.228088379,42.1369094849
563.27154541,43.9182128906
614.585754395,48.7326583862
551.421569824,-84.8492050171
569.211914062,64.7838973999
553.867553711,-97.6017684937
602.419921875,-108.361351013
602.120910645,-113.864784241
621.618103027,76.697265625
619.821166992,77.6328735352
573.879882812,90.9137420654
550.996520996,-120.957923889
551.450683594,-112.748191833
603.144714355,-128.51159668
623.843688965,83.5174865723
603.993713379,-146.560958862
634.705810547,110.254211426
554.168518066,-149.759933472
552.478759766,-151.46446228
643.681396484,133.917617798
605.887451172,-179.620101929
591.068908691,132.757507324
585.473022461,122.463088989
587.560058594,130.077575684
555.965087891,-175.440567017
605.706298828,-182.963623047
652.769897461,156.89831543
594.842102051,139.698913574
652.830993652,158.040115356
653.014709473,161.465133667
593.356140137,143.616210938
594.842102051,139.698913574
556.985229492,-186.29246521
657.288513184,166.836212158
657.472839355,170.277572632
558.125671387,-195.107086182
608.408508301,-201.836761475
607.053894043,-192.375305176
608.832824707,-193.991592407
607.114257812,-191.257553101
557.895324707,-199.291137695
612.882080078,-223.741958618
612.760009766,-226.002563477
603.484436035,171.933349609
564.728515625,-225.007003784
614.205688477,-234.520935059
562.802734375,-229.748443604
680.066223145,208.627731323
680.440795898,215.679016113
680.440795898,215.679016113
680.440795898,215.679016113
680.440795898,215.679016113
623.321105957,209.795654297
625.231872559,211.381561279
631.67578125,228.312026978
569.705810547,-257.165313721
696.749511719,239.885253906
626.984375,-286.941650391
566.386779785,-255.919403076
569.295166016,-264.660644531
569.236450195,-265.731536865
701.527832031,247.136154175
628.565795898,-294.668945312
706.102172852,249.630081177
706.102172852,249.630081177
708.694396973,256.338653564
632.004394531,-305.574157715
708.821899414,258.761199951
711.044921875,258.224304199
652.393676758,259.81741333
654.382080078,260.451385498
575.13861084,-283.482757568
652.515014648,262.074523926
664.966125488,272.834075928
638.929443359,-328.918731689
662.986877441,273.303131104
579.136352539,-306.295013428
733.363037109,286.855377197
669.815307617,288.001739502
582.233764648,-314.388336182
582.233764648,-314.388336182
676.251953125,293.648376465
650.272338867,-352.277252197
586.997741699,-325.575073242
586.637390137,-332.203369141
651.654968262,-366.48727417
759.347106934,317.803131104
759.28112793,316.525482178
657.847961426,-371.920288086
775.394714355,332.281951904
778.178955078,335.829498291
699.131469727,326.191345215
701.352844238,327.036224365
589.570251465,-344.971618652
663.882385254,-382.34262085
778.312561035,338.434967041
665.591674805,-391.999938965
667.635803223,-395.548950195
713.147338867,340.989501953
717.940490723,346.432250977
715.696716309,346.729522705
601.054016113,-372.600402832
795.223205566,357.546447754
680.141723633,-417.261108398
732.438964844,359.41607666
735.095214844,365.330474854
821.24621582,377.978973389
740.126586914,371.040618896
695.407836914,-440.974365234
839.508483887,394.535461426
839.508483887,394.535461426
758.014404297,388.360961914
616.461425781,-409.108123779
851.803710938,400.774963379
760.68347168,391.979644775
625.672363281,-423.877624512
704.465698242,-453.845336914
790.318847656,418.750854492
887.559997559,424.933227539
887.559997559,424.933227539
641.100708008,-444.970611572
638.929382324,-446.173095703
644.708618164,-457.019256592
633.115356445,-437.873199463
737.811645508,-502.67678833
839.546203613,454.018798828
745.235900879,-515.432067871
747.810424805,-518.368408203
747.740783691,-519.735473633
870.769958496,472.440185547
887.099975586,481.373809814
666.985595703,-493.358215332
675.396484375,-507.699310303
679.838745117,-511.827301025
677.578369141,-510.38848877
950.097900391,507.490447998
788.316345215,-566.080810547
980.430908203,515.264282227
1001.90960693,469.869873047
1012.45544434,521.871032715
1031.29833984,480.162689209
716.489990234,-561.168701172
1073.29321289,535.689941406
726.179931641,-574.572570801
738.917663574,-585.99041748
736.172668457,-586.940246582
1211.67285156,577.349365234
1211.67285156,577.349365234
1157.35510254,572.331176758
1262.88720703,538.684326172
1269.04211426,539.057739258
1269.04211426,539.057739258
1163.33422852,470.103240967
1153.85083008,609.96887207
1167.9942627,455.325012207
1162.52441406,451.630493164
1153.9309082,611.782653809
1159.28088379,616.067504883
1320.01403809,533.910339355
1217.92358398,457.242126465
1024.37658691,-740.440063477
1154.41088867,622.661682129
1353.47595215,520.971496582
1209.29064941,652.475769043
1209.61608887,660.028076172
1161.14685059,420.196014404
1095.52050781,-831.833740234
1149.74206543,632.809814453
1155.13110352,638.971801758
1331.32958984,482.466552734
1171.55761719,414.300231934
1127.97851562,-839.705383301
1127.89257812,-841.68182373
1133.45043945,-843.372619629
1155.53039551,648.028442383
1222.0526123,418.494476318
1165.72058105,403.320220947
1155.69030762,651.649963379
1150.38037109,647.242858887
1150.6998291,654.456237793
1221.96948242,416.554962158
1179.85925293,-853.325866699
1358.35559082,468.071746826
1170.74316406,395.630981445
1130.54907227,-780.478149414
1141.63562012,-785.332702637
1125.03405762,-779.063781738
1379.69128418,466.092132568
1209.64050293,397.660339355
1386.62915039,457.451141357
1393.9798584,457.460327148
1393.9798584,457.460327148
1401.40466309,457.469604492
1220.97729492,393.271881104
1164.33752441,371.693634033
1169.60205078,369.471008301
1209.76000977,-879.370544434
1254.74133301,-900.078369141
1226.38952637,383.24786377
1261.44836426,-902.212219238
1254.56298828,-904.427734375
1254.56298828,-904.427734375
1203.26599121,-883.702514648
1254.02966309,-917.480773926
1260.46789551,-926.257141113
1260.20019531,-932.818786621
1423.52124023,441.896575928
1312.02905273,-872.56842041
1179.28356934,342.330383301
1168.29675293,339.540863037
1208.43994141,-910.954650879
1202.29956055,-906.760192871
1319.54309082,-867.848205566
1319.54309082,-867.848205566
1522.29272461,457.619415283
1522.29272461,457.619415283
1168.05151367,333.925140381
1326.94921875,-867.637939453
1208.52282715,-758.291809082
1208.52282715,-758.291809082
1341.88989258,-869.511779785
1259.53430176,-782.917236328
1253.14758301,-774.891174316
1548.13684082,438.368133545
1307.36450195,-807.719238281
1372.94714355,-866.332458496
1202.95117188,-742.369812012
1566.14160156,433.302246094
1172.12988281,303.311187744
1380.97460938,-863.748901367
1396.81860352,-870.414245605
1260.33166504,-763.442138672
1254.11962891,-751.207275391
1260.68505859,-754.791137695
1260.77392578,-752.62890625
1566.05419922,430.863739014
1575.29455566,430.726989746
1413.63134766,-860.369812012
1528.68969727,393.187774658
1352.0447998,-804.658996582
1352.0447998,-804.658996582
1430.42248535,-859.843261719
1430.51403809,-857.412109375
1228.43981934,292.651092529
1261.56945801,-733.176086426
1546.1270752,382.843658447
1176.41271973,276.18536377
1222.23608398,285.53717041
1564.12963867,377.155975342
1221.98632812,279.662597656
1215.91845703,274.583221436
1170.24475098,259.980621338
1227.77294922,276.917907715
1383.24230957,-804.868469238
1465.25830078,-853.791015625
1473.96960449,-858.477294922
1383.3326416,-802.515869141
1217.12268066,-703.207580566
1217.12268066,-703.207580566
1217.12268066,-703.207580566
1216.94787598,-707.388122559
1210.88024902,-702.054748535
1205.30334473,-686.417724609
1221.40332031,265.949829102
1474.4276123,-846.0
1483.23474121,-850.668273926
1174.76867676,238.310592651
1432.79296875,-796.708740234
1692.1730957,352.680053711
1692.1730957,352.680053711
1692.08557129,350.045562744
1174.27490234,226.937057495
1174.11035156,223.144866943
1458.92492676,-787.50982666
1231.85498047,232.614379883
1467.81872559,-784.37890625
1264.74682617,-655.511535645
1713.22192383,335.444366455
1539.82165527,-833.112365723
1530.04052734,-838.694641113
1530.04052734,-838.694641113
1540.00598145,-827.93182373
1549.80163574,-824.864257812
1559.52258301,-827.000183105
1485.79821777,-780.519104004
1202.46716309,-607.159484863
1208.51806641,-609.938903809
1208.51806641,-609.938903809
1734.53222656,309.671783447
1668.90820312,288.717041016
1690.06640625,289.377227783
1590.0925293,-812.247741699
1259.58154297,-618.120788574
1689.62634277,276.169219971
1230.09655762,191.012268066
1600.35949707,-811.681640625
1700.08654785,267.12197876
1260.63574219,-592.441345215
1755.86279297,266.801818848
1198.37109375,-559.448974609
1254.55895996,-578.999938965
1198.5435791,-555.365905762
1778.89794922,258.898254395
1721.04455566,237.9168396
1790.19750977,240.901397705
1582.51074219,-738.788085938
1602.83666992,-739.486022949
1801.82165527,228.293426514
1255.87219238,-547.100524902
1262.56518555,-545.428100586
1742.18688965,197.041717529
1195.09240723,-493.991333008
1753.40515137,189.950668335
1753.40515137,189.950668335
1232.36474609,102.049484253
1195.26428223,-489.936706543
1195.4362793,-485.882568359
1231.69067383,86.0567398071
1237.45239258,78.3682174683
1259.1048584,-468.583618164
1861.34399414,130.639099121
1197.66821289,-433.23739624
1203.70922852,-433.175048828
1197.75354004,-431.214752197
1253.25231934,-451.618774414
1798.40771484,118.320770264
1798.23181152,112.668281555
1810.36364746,110.483726501
1810.27526855,107.638931274
1235.42321777,30.1004199982
1241.23425293,22.109210968
1247.890625,-424.338134766
1198.86767578,-404.934539795
1248.23803711,-415.955871582
1181.19384766,0.205101177096
1234.40722656,5.93212938309
1234.2376709,1.90189778805
1186.54101562,-7.61403656006
1193.21923828,-397.074890137
1205.25378418,-396.630615234
1248.58508301,-407.576446533
1186.29003906,-13.4544200897
1186.29003906,-13.4544200897
1255.16540527,-405.290313721
1221.17480469,-20.0244998932
1227.46728516,-14.126121521
1255.94689941,-386.361724854
1185.11804199,-40.7267570496
1194.67150879,-362.909698486
1194.7565918,-360.901519775
1184.1126709,-64.1263885498
1237.49731445,-67.0462875366
1183.60974121,-75.8341903687
1237.24194336,-73.1364517212
1251.87683105,-328.10748291
1252.30944824,-317.669342041
1166.05957031,-90.1795349121
1252.74169922,-307.235443115
1254.03674316,-275.959136963
1254.03674316,-275.959136963
1272.45361328,-144.337265015
1193.40783691,-253.532913208
1249.05871582,-241.494674683
1249.05871582,-241.494674683
1190.97924805,-173.217971802
1189.88061523,-198.922012329
1190.1340332,-192.988006592
1603.2947998,-726.138549805
1613.5880127,-727.758239746
1613.9543457,-717.022888184
1691.23327637,-675.353637695
1748.86682129,-693.985229492
1691.59753418,-664.188415527
1760.99377441,-692.634887695
1725.69348145,-676.72442627
1786.06860352,-678.146972656
1786.24926758,-672.280578613
1715.0057373,-647.07611084
1703.55114746,-645.86126709
1798.9296875,-667.816345215
1786.70080566,-657.620544434
1786.70080566,-657.620544434
1774.72070312,-644.645141602
1727.05578613,-634.108398438
1825.85314941,-622.88671875
1751.94775391,-596.228515625
1764.16149902,-591.38659668
1777.33728027,-560.355163574
1867.38427734,-556.464294434
1895.37304688,-530.256896973
1895.63781738,-521.041809082
1895.72595215,-517.97076416
1924.78955078,-478.497039795
1844.46374512,-435.507446289
1925.4909668,-453.648864746
1925.57885742,-450.544616699
1925.66650391,-447.440765381
1926.19177246,-428.824829102
1858.23266602,-414.431976318
1871.72875977,-408.180053711
1886.98693848,-347.243988037
1900.92114258,-337.428833008
1900.92114258,-337.428833008
1873.93652344,-332.853149414
1888.30578613,-301.829925537
1902.14807129,-294.773956299
1889.62219238,-256.496246338
1959.63269043,-256.233612061
1959.63269043,-256.233612061
1931.25256348,-249.563949585
1960.0645752,-240.623733521
1890.32336426,-232.350967407
1961.10058594,-203.198791504
1892.16052246,-169.077728271
1905.81799316,-167.233459473
1919.74438477,-162.315628052
1933.8560791,-157.332260132
1906.51477051,-143.011917114
1906.68908691,-136.960128784
1893.12133789,-135.996963501
1948.58886719,-136.841278076
1893.64489746,-117.97076416
1937.14135742,-40.9808616638
1856.37158203,-36.1306762695
1910.07641602,-19.2355041504
1910.07641602,-19.2355041504
1896.69104004,-13.0715904236
1896.69104004,-13.0715904236
1896.69104004,-13.0715904236
1924.07678223,-10.3253145218
1844.55615234,-0.87201666832
1910.76965332,4.84606838226
1897.38562012,10.8449544907
1910.94238281,10.8629770279
1911.20202637,19.885684967
1845.25646973,22.4167728424
1845.25646973,22.4167728424
1833.43334961,51.2201042175
1833.87097168,65.6552276611
1833.95861816,68.5412521362
2651.95288086,-218.852249146
2813.47900391,-236.381881714
2785.71166992,-195.031570435
2651.54199219,-247.837524414
2757.10791016,-270.448303223
2784.80786133,-273.114593506
2702.97485352,-286.386169434
2784.55639648,-294.84664917
2784.50610352,-299.195281982
4171.60400391,1022.52069092
4231.97265625,1030.52111816
4231.65625,1049.07861328
4423.75097656,1055.93688965
4424.15625,1036.55432129
4562.09960938,1040.88525391
4233.03271484,968.564147949
4708.21679688,1066.09375
4784.65136719,1082.78320312
5045.99121094,-2098.13256836
5331.02246094,-2230.94458008
5329.12744141,-2179.26245117
5331.65478516,-2248.19433594
5538.3515625,-2307.02954102
5233.95507812,-2224.57885742
5139.09667969,-2185.14575195
5047.52978516,-2147.08105469
5135.52441406,-2077.26000977
5134.97509766,-2060.70019531
5876.71777344,-2351.77490234
5997.21337891,-2342.06298828
5996.26367188,-2322.71826172
6258.77880859,-2432.37866211
6258.77880859,-2432.37866211
5995.79003906,-2313.05175781
5031.8046875,1055.63098145
5032.04785156,1048.29663086
5032.29052734,1040.95996094
5303.93945312,1071.90551758
5304.23730469,1064.18371582
6802.54882812,-4309.29394531
6804.69042969,-4343.91162109
