551.647155762,-33.377910614
554.146972656,-17.1864547729
554.383972168,-13.1164064407
556.537841797,-2.97014760971
598.735351562,-52.6203117371
602.383850098,-20.0859699249
600.731079102,-17.8444671631
602.446289062,-18.9972667694
550.172607422,-85.4484481812
599.847106934,-95.5638885498
560.066589355,30.6985874176
558.434936523,29.6308422089
552.570373535,-98.1741714478
561.82434082,33.8164520264
596.87890625,-116.062240601
613.099609375,41.1310539246
562.359313965,43.0187454224
613.476257324,47.7120132446
549.641906738,-121.467575073
550.118469238,-113.279251099
568.339172363,63.8318443298
597.587036133,-134.98789978
595.750427246,-135.734222412
600.656005859,-144.498184204
552.71472168,-150.199554443
620.565124512,75.603515625
576.093383789,86.128364563
551.027282715,-151.897140503
618.778991699,76.5412139893
622.802368164,82.4049453735
604.11138916,-180.046005249
554.427062988,-175.812927246
603.920898438,-183.379394531
633.701171875,109.063392639
555.410522461,-186.635879517
556.519714355,-195.426925659
606.552062988,-202.198699951
605.233215332,-192.764373779
605.29675293,-191.650131226
638.632385254,128.671356201
556.277770996,-199.598632812
609.403381348,-217.845672607
590.315795898,131.633483887
584.710632324,121.370353699
586.812866211,128.966812134
610.808044434,-226.29385376
643.161010742,140.562179565
594.095153809,138.553924561
610.679626465,-228.547271729
651.833679199,155.574966431
592.627197266,142.468505859
594.095153809,138.553924561
563.003845215,-225.247116089
612.220031738,-234.786514282
651.898193359,156.714538574
652.09185791,160.132965088
562.881591797,-227.359268188
656.364074707,165.483215332
656.55847168,168.917922974
564.148071289,-234.262802124
658.710998535,171.621627808
567.861755371,-257.311889648
624.772399902,-287.043884277
567.430786133,-264.783081055
567.368896484,-265.85055542
616.572631836,196.195358276
626.321411133,-294.745452881
679.174194336,207.139709473
629.708190918,-305.614776611
622.676208496,208.464477539
624.584106445,210.042663574
679.569946289,214.177963257
679.569946289,214.177963257
679.569946289,214.177963257
679.569946289,214.177963257
573.190246582,-283.549957275
636.524108887,-328.879730225
631.0546875,226.930007935
577.100280762,-306.289794922
695.883300781,238.297241211
580.158081055,-314.358093262
580.158081055,-314.358093262
641.782714844,-345.768035889
700.663574219,245.522094727
707.827209473,254.68850708
584.865356445,-325.509735107
643.219360352,-357.411865234
651.786193848,258.329925537
653.768066406,258.957000732
707.962097168,257.106628418
710.172912598,256.563964844
584.549560547,-331.013702393
649.063049316,-366.314208984
651.91418457,260.583465576
655.204833984,-371.729370117
664.346801758,271.290466309
662.377624512,271.764801025
732.481323242,285.081054688
669.224121094,286.422424316
662.841796875,-391.732879639
664.86315918,-395.268371582
675.651367188,292.041290283
597.209960938,-365.812316895
604.155090332,-376.364746094
677.228210449,-416.896087646
758.444030762,315.897644043
693.679626465,314.541900635
602.179748535,-377.67098999
602.179748535,-377.67098999
763.83996582,322.78213501
769.29675293,329.744354248
777.243835449,333.834442139
698.536865234,324.468017578
700.751037598,325.304718018
692.328613281,-440.513122559
777.385925293,336.435333252
712.538757324,339.201049805
623.040100098,-423.464599609
717.193481445,342.197052002
717.328430176,344.620849609
794.27722168,355.460754395
724.575195312,352.249023438
731.803894043,357.539123535
731.940307617,360.001678467
734.467407227,363.436859131
736.939941406,365.653045654
638.318664551,-444.476165771
636.155334473,-445.673034668
820.236755371,375.772827148
641.868591309,-456.475189209
734.269042969,-501.941802979
838.46081543,392.239837646
838.46081543,392.239837646
757.357055664,386.358734131
741.603210449,-514.635986328
744.151489258,-517.558166504
744.077270508,-518.918640137
760.025634766,389.963409424
663.903625488,-492.66015625
857.140319824,405.097564697
857.140319824,405.097564697
789.60925293,416.595092773
676.622131348,-511.046600342
886.35736084,422.417449951
886.35736084,422.417449951
784.225219727,-565.026611328
712.88848877,-560.151367188
838.709655762,451.636169434
869.832824707,469.914642334
886.105285645,478.773590088
722.472473145,-573.486755371
735.08972168,-584.843994141
948.837036133,504.606903076
979.015014648,512.248474121
1010.86315918,518.71673584
1029.41967773,477.012145996
878.155395508,-651.177062988
1071.35095215,532.266235352
1208.88745117,573.268920898
1208.88745117,573.268920898
1017.77276611,-738.218933105
1154.96264648,568.489013672
1247.47131348,533.801574707
1087.88818359,-828.890136719
1259.52075195,534.487731934
1160.46875,466.47277832
1119.99499512,-836.663757324
1119.90148926,-838.625244141
1125.39624023,-840.296325684
1151.1192627,595.204650879
1290.14453125,526.149047852
1290.23669434,528.171020508
1303.06921387,528.827575684
1165.03076172,451.714752197
1159.58776855,448.050262451
1151.64160156,606.066040039
1315.95373535,525.377258301
1315.86120605,523.317504883
1171.29016113,-850.114807129
1156.97009277,610.3125
1157.05737305,612.129455566
1214.57263184,453.44039917
1122.78283691,-777.876831055
1133.73901367,-782.684326172
1117.328125,-776.478088379
1349.24560547,516.462036133
1152.25061035,618.73248291
1200.76538086,-875.913330078
1245.16931152,-896.388793945
1196.03930664,652.235595703
1213.40185547,428.440948486
1251.79248047,-898.494995117
1244.97399902,-900.702148438
1244.97399902,-900.702148438
1194.32275391,-880.219299316
1244.38916016,-913.64666748
1196.39257812,659.706787109
1153.03356934,635.009216309
1327.12329102,478.16217041
1168.39379883,410.787200928
1250.71801758,-922.33984375
1250.42456055,-928.846374512
1202.26098633,668.067016602
1218.50061035,414.788787842
1162.55664062,399.858459473
1301.93347168,-869.029663086
1153.46813965,644.047607422
1202.52636719,673.69140625
1202.52636719,673.69140625
1218.41052246,412.85546875
1199.32519531,-907.242858887
1193.26806641,-903.09173584
1309.38244629,-864.339111328
1309.38244629,-864.339111328
1153.64221191,647.66229248
1353.83935547,463.710601807
1167.50732422,392.173309326
1316.70397949,-864.12097168
1200.05737305,-755.782531738
1200.05737305,-755.782531738
1374.96838379,461.657196045
1206.10144043,394.06060791
1166.7088623,375.410308838
1331.4630127,-865.958984375
1250.41967773,-780.169921875
1244.13671875,-772.212463379
1389.08325195,453.001281738
1389.08325195,453.001281738
1396.43725586,452.982879639
1217.32617188,389.645721436
1166.265625,366.093200684
1297.6105957,-804.723327637
1362.16882324,-862.766052246
1354.80407715,-853.740661621
1194.61132812,-739.985290527
1370.11315918,-860.194763184
1251.2923584,-760.846191406
1245.20141602,-748.711914062
1251.68054199,-752.262084961
1251.77734375,-750.116333008
1165.73266602,354.908294678
1165.55517578,351.179138184
1402.39160156,-856.80255127
1341.7935791,-801.639587402
1341.7935791,-801.639587402
1418.97900391,-856.258666992
1419.08056641,-853.849182129
1175.75524902,339.00189209
1164.84460449,336.257171631
1252.64929199,-730.813171387
1516.12072754,452.681549072
1516.12072754,452.681549072
1164.57775879,330.659332275
1372.62390137,-801.813781738
1453.41015625,-850.216125488
1208.80273438,-701.103942871
1208.80273438,-701.103942871
1208.80273438,-701.103942871
1208.61169434,-705.253234863
1202.62988281,-699.963439941
1197.17663574,-684.444702148
1541.59741211,433.412353516
1462.50146484,-842.483337402
1559.38439941,428.302154541
1168.49511719,300.128875732
1471.17480469,-847.098632812
1559.28515625,425.87411499
1421.61767578,-793.671142578
1438.7644043,-787.604858398
1218.47399902,290.061096191
1447.2677002,-789.407958984
1464.75158691,-788.136291504
1595.36547852,397.865478516
1172.62854004,273.078735352
1218.11047363,282.258544922
1456.26953125,-781.411560059
1249.73986816,-648.517944336
1539.3347168,378.129608154
1217.83764648,276.405151367
1211.79943848,271.361968994
1166.44274902,256.947052002
1527.11779785,-829.632873535
1527.32434082,-824.499389648
1537.00732422,-821.448608398
1557.11425781,372.405181885
1217.20056152,262.742523193
1474.04284668,-777.567443848
1194.70678711,-605.75201416
1200.68457031,-608.510070801
1200.68457031,-608.510070801
1170.83862305,235.338226318
1576.8260498,-808.902709961
1251.18457031,-616.615783691
1201.34729004,-594.166870117
1201.34729004,-594.166870117
1520.11901855,-768.864501953
1577.03393555,-803.627197266
1170.30090332,224.006011963
1170.1217041,220.22769165
1252.33959961,-591.119750977
1246.38537598,-577.77520752
1191.04260254,-554.313781738
1693.45959473,328.506286621
1226.50341797,209.772750854
1191.3248291,-548.231689453
1569.71240234,-736.116943359
1589.76428223,-736.791748047
1247.53613281,-552.430725098
1660.25073242,284.050292969
1681.15942383,284.641937256
1225.49572754,188.05909729
1168.14880371,178.631454468
1247.8236084,-546.098083496
1680.65600586,271.504974365
1690.94262695,262.47467041
1746.02746582,261.989318848
1194.14440918,-487.481445312
1745.62255859,251.087463379
1188.26025391,-485.288330078
1711.48986816,233.367874146
1779.78625488,236.135803223
1756.19335938,227.871551514
1244.31103516,-480.5887146
1238.17480469,-474.175231934
1767.6138916,223.692749023
1175.8729248,109.38105011
1175.8729248,109.38105011
1190.69372559,-432.977874756
1196.67663574,-432.91784668
1190.7869873,-430.967834473
1245.64624023,-451.258270264
1227.35949707,99.4525680542
1226.62243652,83.5297927856
1240.45776367,-424.15234375
1192.00170898,-404.850616455
1240.83776855,-415.823791504
1198.36169434,-396.600616455
1241.21789551,-407.497680664
1777.14562988,163.808456421
1247.74182129,-405.229003906
1849.38525391,126.364173889
1230.07958984,27.813117981
1188.0246582,-363.077789307
1188.11743164,-361.081512451
1787.22473145,114.279197693
1229.80151367,21.8013496399
1787.02062988,108.663024902
1798.9798584,106.463356018
1798.87768555,103.636978149
1187.51733398,-1.92770445347
1228.96813965,3.75812268257
1228.78283691,-0.253112405539
1181.47265625,-9.63138771057
1181.19958496,-15.4447126389
1181.19958496,-15.4447126389
1215.74438477,-22.0515155792
1222.00500488,-16.1929168701
1244.82275391,-328.522338867
1227.29931641,-32.3633880615
1245.29614258,-318.147338867
1179.92260742,-42.5898971558
1233.20251465,-36.5810661316
1226.9284668,-40.3966674805
1245.76953125,-307.776184082
1232.5513916,-50.7057189941
1232.45849609,-52.7240943909
1184.50085449,-66.1997299194
1184.40942383,-68.1496353149
1231.7142334,-68.8764419556
1240.52246094,-283.638519287
1234.48010254,-278.209777832
1231.43481445,-74.9359893799
1234.95056152,-267.94644165
1187.23657227,-254.327270508
1160.82458496,-91.7770385742
1242.40869141,-242.414352417
1242.40869141,-242.414352417
1243.72741699,-213.593292236
1243.82141113,-211.535903931
1266.00085449,-145.82359314
1184.24963379,-194.104904175
1185.17028809,-174.439361572
1590.28344727,-723.563537598
1600.43078613,-725.160949707
1611.32043457,-710.726257324
1677.28283691,-673.176513672
1734.00317383,-691.600585938
1677.70007324,-662.112243652
1745.96276855,-690.255310059
1746.06738281,-687.384094238
1711.25183105,-674.514526367
1758.38549805,-680.227355957
1723.34143066,-661.746765137
1747.01062012,-661.556945801
1770.95935059,-670.077026367
1700.87133789,-645.142700195
1759.01379395,-662.903564453
1771.06433105,-667.171813965
1771.48364258,-655.554443359
1771.48364258,-655.554443359
1759.74780273,-642.705932617
1712.8203125,-632.28704834
1796.99328613,-637.64251709
1810.2487793,-621.128295898
1737.55993652,-594.74005127
1749.62536621,-589.938293457
1774.72680664,-565.680053711
1851.52575684,-555.314697266
1879.6550293,-517.175537109
1855.17370605,-450.272064209
1842.15246582,-447.27230835
1842.36096191,-441.321044922
1895.39001465,-456.457244873
1882.25756836,-441.21661377
1896.42895508,-425.912597656
1910.16088867,-428.847503662
1869.82336426,-411.124420166
1843.29663086,-414.556274414
1856.62939453,-408.364257812
1872.00183105,-347.961334229
1885.78503418,-338.239227295
1885.78503418,-338.239227295
1899.53942871,-334.476287842
1899.53942871,-334.476287842
1927.28918457,-336.050842285
1886.40625,-320.105712891
1873.55541992,-302.931243896
1900.47045898,-307.103179932
1900.47045898,-307.103179932
1928.1159668,-311.388366699
1887.23388672,-295.945922852
1887.54382324,-286.891204834
1875.10583496,-257.973205566
1902.12316895,-258.505554199
1916.16162109,-251.140350342
1916.26489258,-248.086212158
1902.74291992,-240.303024292
1944.59301758,-242.304733276
1875.93249512,-234.024856567
1903.36132812,-222.112304688
1931.20996094,-219.096054077
1890.02197266,-214.559234619
1917.50158691,-211.462844849
1903.87670898,-206.962310791
1904.18591309,-197.876281738
1904.49438477,-188.793151855
1918.22265625,-190.121246338
1932.13598633,-191.467330933
1878.09790039,-171.257476807
1891.5670166,-169.445983887
1905.3182373,-164.585784912
1919.2512207,-159.661254883
1892.39099121,-145.415222168
1892.59606934,-139.410705566
1879.22973633,-138.435211182
1933.88305664,-139.353683472
1879.8470459,-120.548301697
1822.02905273,64.7408752441
1821.92663574,61.8743515015
1821.41577148,47.5370674133
1872.08996582,36.775062561
1859.07080078,36.5932807922
1858.86657715,30.7424659729
1832.91882324,18.9051761627
1832.91882324,18.9051761627
1897.92932129,16.2563552856
1884.25708008,7.30850887299
1897.62194824,7.29905509949
1897.41748047,1.32599782944
1844.17163086,-21.7723350525
1883.43847656,-16.434677124
1883.43847656,-16.434677124
1883.43847656,-16.434677124
1896.5982666,-22.5793857574
1896.5982666,-22.5793857574
1869.42773438,-39.8784751892
1856.40820312,-39.5630912781
1910.4486084,-13.7612705231
1882.51586914,-43.1698532104
1895.88134766,-43.5132293701
1895.88134766,-43.5132293701
2650.0625,-198.827804565
2755.55541992,-198.105819702
2649.5480957,-223.600738525
2782.42675781,-239.01461792
2727.0065918,-272.630828857
2754.09887695,-275.292388916
3796.61645508,1923.68103027
3845.79125977,1920.35498047
3948.03857422,1930.23144531
4001.22070312,1932.53173828
4111.9921875,1937.3236084
4169.58447266,1957.54174805
4169.62207031,1951.63562012
4175.67431641,1026.43774414
4175.79345703,1008.09979248
4362.03076172,1032.08300781
4362.22216797,1012.94293213
4495.86621094,1016.41467285
4176.19335938,946.88494873
4637.51123047,1040.42883301
4711.58740234,1056.43505859
4301.34130859,663.111572266
4301.39648438,656.740356445
4927.11083984,-2059.39233398
5198.47509766,-2186.79150391
5197.28076172,-2136.59326172
5198.87207031,-2203.54321289
5105.68164062,-2181.21191406
5015.32177734,-2143.46826172
4928.02099609,-2107.00244141
4949.91357422,1028.21069336
4950.06298828,1020.98370361
5831.57714844,-2262.18945312
5831.89941406,-2271.55004883
5832.54785156,-2290.28027344
