566.216674805,-21.4185314178
569.94354248,-5.77330207825
565.782226562,-37.127658844
617.274658203,-20.8162708282
619.138183594,-21.9965076447
619.111083984,-23.1215019226
616.396484375,-56.801990509
574.298828125,32.0455322266
628.279602051,40.0218505859
574.555786133,41.4798698425
565.945068359,-90.990852356
632.400268555,50.4101028442
632.400268555,50.4101028442
580.162231445,62.8379669189
568.91204834,-104.192649841
620.707275391,-115.37701416
620.569763184,-121.099601746
634.938537598,75.4543457031
633.012145996,76.3942947388
584.264404297,89.514831543
566.578125,-128.412841797
566.812072754,-119.893386841
622.138427734,-136.347335815
637.059631348,82.4427947998
623.635620117,-155.168243408
647.619934082,109.832229614
570.8046875,-158.365997314
569.065612793,-160.136123657
656.280334473,134.03137207
626.74621582,-189.733047485
600.998046875,132.233566284
595.45123291,121.717826843
597.402587891,129.472732544
573.489624023,-185.148071289
626.663818359,-193.233795166
665.071166992,157.504714966
604.736816406,139.321670532
665.096191406,158.665115356
665.171386719,162.145248413
603.055297852,143.276489258
604.736816406,139.321670532
574.903503418,-196.488479614
669.489135742,167.654144287
669.563842773,171.148696899
576.384643555,-205.711181641
628.414550781,-203.103210449
630.368225098,-204.807159424
628.442138672,-201.931610107
576.26776123,-210.087921143
584.330505371,-237.081695557
582.426635742,-242.045562744
692.022583008,210.336868286
692.165100098,217.475738525
692.165100098,217.475738525
692.165100098,217.475738525
692.165100098,217.475738525
632.339111328,210.632019043
634.289428711,212.261993408
640.483642578,229.435974121
590.641479492,-270.930053711
708.477844238,242.205627441
652.978515625,-302.91973877
590.438720703,-278.823028564
590.409729004,-279.95135498
713.249633789,249.607910156
654.947265625,-311.125823975
717.980895996,252.205490112
717.980895996,252.205490112
720.466247559,259.020202637
659.028137207,-322.733215332
720.510498047,261.465820312
722.874755859,260.964569092
661.139770508,261.506958008
663.203063965,262.180450439
597.276916504,-298.736907959
661.190063477,263.778503418
673.87701416,274.823303223
667.313537598,-347.631500244
671.784729004,275.257507324
602.283752441,-322.903106689
745.34161377,290.238555908
678.434692383,290.148986816
605.862548828,-331.51171875
605.862548828,-331.51171875
684.988586426,295.942169189
680.40020752,-372.681243896
611.333740234,-343.43270874
611.162780762,-350.464599609
682.410583496,-387.882080078
771.577209473,321.902496338
771.558044434,320.616760254
689.314025879,-393.784729004
787.962280273,336.797241211
790.763366699,340.421630859
707.835144043,329.036010742
710.13684082,329.929870605
614.729309082,-364.071258545
696.23828125,-405.036682129
790.799194336,343.041137695
698.450866699,-415.416992188
700.801879883,-419.257781982
722.01159668,344.15536499
726.845397949,349.708068848
724.4765625,349.954986572
627.996643066,-393.663696289
807.907348633,362.604980469
715.212890625,-442.802001953
741.597167969,363.023742676
741.638916016,365.492218018
744.165466309,368.997802734
746.684631348,371.281982422
834.61126709,383.71005249
732.76348877,-468.639556885
853.265136719,400.750305176
853.265136719,400.750305176
767.389465332,392.55166626
645.859558105,-432.948303223
866.043029785,407.310791016
770.057250977,396.229644775
656.335571289,-448.952362061
743.161987305,-482.721405029
800.210876465,423.688354492
902.971374512,432.433258057
902.971374512,432.433258057
673.808410645,-471.91897583
671.494934082,-473.172698975
678.161682129,-484.973480225
664.89239502,-464.129577637
781.704345703,-536.41015625
850.721374512,460.161956787
790.408813477,-550.47833252
793.368774414,-553.741271973
793.349853516,-555.231262207
882.975341797,479.394256592
899.892883301,488.765441895
703.7578125,-524.719177246
703.733337402,-526.065795898
718.499633789,-545.045349121
715.972961426,-543.430725098
965.689086914,516.672668457
840.223205566,-606.984741211
997.700805664,525.362609863
1023.05279541,480.639953613
1031.66027832,532.961486816
1054.11987305,491.825134277
760.659484863,-599.726745605
1096.34375,548.718811035
771.882385254,-614.656982422
786.414672852,-627.525634766
783.423034668,-628.493103027
1243.97705078,595.093017578
1243.97705078,595.093017578
1185.17236328,588.173950195
1302.55847168,557.984008789
1309.30004883,558.566345215
1309.30004883,558.566345215
1197.86877441,485.628570557
1179.12072754,625.608825684
1203.86413574,470.82421875
1198.11169434,466.927825928
1179.09936523,627.41809082
1184.63769531,631.881347656
1365.85375977,555.069580078
1258.46240234,474.218994141
1115.68408203,-809.025085449
1178.9708252,638.264160156
1403.83959961,543.068847656
1198.42834473,442.548065186
1236.66699219,670.001342773
1236.54821777,677.522460938
1203.578125,-916.14630127
1173.23400879,655.360046387
1173.23400879,655.360046387
1381.9934082,503.245178223
1210.29003906,429.324981689
1241.8996582,-926.626098633
1241.93261719,-928.897705078
1248.53430176,-931.092590332
1173.15136719,662.534179688
1265.50012207,434.960327148
1204.5703125,418.007995605
1178.6282959,667.110656738
1173.06921387,669.701416016
1265.53466797,432.983123779
1303.57055664,-944.671447754
1413.07006836,489.405395508
1210.55163574,410.316131592
1240.91320801,-858.762573242
1254.14758301,-864.772460938
1234.40478516,-856.920898438
1437.00524902,488.02822876
1253.17272949,413.398925781
1445.39221191,479.404754639
1453.61083984,479.632720947
1453.61083984,479.632720947
1461.91760254,479.863250732
1265.94714355,409.217651367
1205.00134277,385.761779785
1210.9185791,383.624298096
1340.63781738,-976.238098145
1395.41210938,-1002.50866699
1272.56970215,399.118927002
1403.54016113,-1005.32818604
1395.53173828,-1007.57562256
1395.53173828,-1007.57562256
1333.29370117,-980.960388184
1395.89208984,-1022.79534912
1404.2175293,-1033.38513184
1404.40270996,-1041.05358887
1487.88952637,464.555328369
1205.33215332,361.010650635
1461.42712402,-973.168457031
1211.33996582,353.004699707
1341.38659668,-1012.9105835
1333.828125,-1007.72332764
1470.01342773,-968.015014648
1470.01342773,-968.015014648
1598.06286621,483.640014648
1598.06286621,483.640014648
1211.41882324,347.24987793
1478.83691406,-968.119262695
1330.40820312,-836.476623535
1330.40820312,-836.476623535
1496.8458252,-971.014709473
1392.20141602,-866.850402832
1384.06628418,-857.341247559
1629.00366211,464.555206299
1450.73205566,-897.537963867
1533.79382324,-968.767944336
1322.74206543,-818.022277832
1649.93493652,459.843841553
1217.81750488,315.940155029
1543.21411133,-966.123596191
1562.828125,-974.684875488
1391.67126465,-844.454833984
1383.43566895,-830.144226074
1391.43591309,-834.520507812
1391.37756348,-832.03918457
1650.04248047,457.318664551
1660.59448242,457.444519043
1582.21142578,-963.706298828
1610.64929199,417.261291504
1503.6730957,-895.916870117
1503.6730957,-895.916870117
1602.41699219,-963.880981445
1602.31433105,-961.032958984
1280.7713623,306.155395508
1390.84960938,-809.737609863
1631.38098145,406.992401123
1224.24377441,288.120910645
1274.35717773,298.688903809
1652.42126465,401.553344727
1274.46533203,292.621124268
1268.0670166,287.255401611
1218.44873047,271.29397583
1281.06726074,289.90335083
1540.97717285,-897.509887695
1644.00695801,-958.41595459
1540.88830566,-894.777099609
1336.5045166,-773.812805176
1336.5045166,-773.812805176
1336.5045166,-773.812805176
1336.60229492,-778.575378418
1329.12561035,-772.27331543
1321.4967041,-754.26739502
1274.7175293,278.444335938
1654.41394043,-949.691650391
1665.52026367,-955.588989258
1224.81237793,248.995300293
1599.7512207,-890.147644043
1802.06176758,379.2628479
1802.06176758,379.2628479
1802.20666504,376.495544434
1224.98364258,237.218963623
1225.04077148,233.289428711
1630.41821289,-880.539550781
1288.53735352,244.114517212
1640.86865234,-877.265258789
1388.7520752,-721.130615234
1828.14367676,361.669311523
1732.73742676,-937.559997559
1721.3392334,-943.682067871
1721.3392334,-943.682067871
1732.46948242,-931.470458984
1744.12939453,-928.30682373
1756.20812988,-931.265136719
1662.23974609,-873.521972656
1312.58056641,-664.375976562
1319.80615234,-667.695251465
1319.80615234,-667.695251465
1855.4609375,334.998748779
1781.01940918,311.41506958
1805.55480957,312.570739746
1792.1796875,-915.269226074
1806.28674316,298.60333252
1289.34509277,200.828796387
1804.71032715,-915.062255859
1379.24609375,-649.481872559
1819.33374023,289.246520996
1304.48388672,-610.568359375
1371.16381836,-634.128967285
1884.61682129,290.055358887
1304.3984375,-605.991027832
1912.46899414,282.123504639
1846.62402344,258.668884277
1370.5111084,-605.401123047
1927.59094238,263.171081543
1775.73266602,-828.757080078
1800.60766602,-830.385498047
1370.34814453,-598.234863281
1942.59179688,249.928192139
1239.09008789,117.50806427
1239.09008789,117.50806427
1296.14501953,-537.26776123
1875.41992188,215.468490601
1296.06274414,-532.752929688
1295.98022461,-528.24041748
1889.32592773,208.069717407
1889.32592773,208.069717407
1298.16125488,90.9196777344
1305.14807129,82.8762130737
1368.35229492,-510.367919922
1294.91503906,-469.807098389
1301.8581543,-469.85559082
1294.87426758,-467.568084717
1360.33691406,-491.336639404
2023.53857422,145.811035156
1949.81066895,131.676712036
1950.18395996,125.563560486
1964.84057617,123.346595764
1965.03186035,120.265983582
1306.14428711,31.8613758087
1313.234375,23.4325504303
1352.1652832,-460.904876709
1294.34472656,-438.516998291
1351.96264648,-451.611968994
1301.10461426,-429.457672119
1351.76049805,-442.329833984
1247.20922852,-0.135332524776
1306.6451416,6.22849655151
1306.72851562,1.94824981689
1253.71630859,-8.39530849457
1359.19299316,-439.914642334
1253.81628418,-14.5914983749
1253.81628418,-14.5914983749
1300.18530273,-15.1182460785
1358.72705078,-418.97253418
1286.65515137,-392.125549316
1286.61584473,-389.918273926
1254.28417969,-43.5714302063
1254.6862793,-68.4968643188
1315.13037109,-71.5254821777
1254.88793945,-80.989151001
1315.26086426,-78.0418319702
1349.85131836,-354.678863525
1349.6015625,-343.216674805
1349.35253906,-331.771026611
1236.07128906,-96.3202514648
1348.6060791,-297.531524658
1348.6060791,-297.531524658
1277.79589844,-272.493927002
1360.27075195,-154.615493774
1340.45690918,-259.869781494
1340.45690918,-259.869781494
1269.65307617,-185.496658325
1270.12353516,-213.248825073
1270.01489258,-206.835906982
1799.85217285,-814.799072266
1812.58776855,-817.095947266
1811.97094727,-804.565856934
1902.43786621,-758.791931152
1975.52478027,-782.73223877
1901.72375488,-745.774536133
1990.40454102,-781.602722168
1945.0222168,-761.643798828
2019.92944336,-765.518005371
2019.50292969,-758.636962891
1928.70959473,-726.636230469
1914.49755859,-724.827392578
2034.7635498,-753.855712891
2018.43835449,-741.459594727
2018.43835449,-741.459594727
2002.15625,-725.851806641
1942.1673584,-711.932983398
2063.18774414,-702.12713623
1968.77050781,-668.666503906
1983.29980469,-663.418884277
1996.17102051,-627.796386719
2107.2668457,-625.878540039
2139.08056641,-596.163391113
2138.33227539,-585.457275391
2138.08251953,-581.891601562
2169.65185547,-536.830078125
2065.10180664,-485.440673828
2167.57958984,-508.094238281
2167.3215332,-504.509399414
2167.06298828,-500.926086426
2165.51611328,-479.45993042
2079.70361328,-461.540924072
2095.64575195,-454.636260986
2107.50927734,-385.23059082
2123.56054688,-374.2527771
2123.56054688,-374.2527771
2089.81030273,-368.645690918
2103.9519043,-333.593658447
2120.16845703,-325.758514404
2100.41748047,-282.287567139
2186.55053711,-282.678222656
2186.55053711,-282.678222656
2150.76757812,-274.852020264
2185.23730469,-264.999328613
2098.54174805,-255.058410645
2182.09741211,-222.729537964
2143.28491211,-171.039672852
2178.45507812,-173.697021484
2091.1015625,-147.064529419
2089.71728516,-126.978393555
2133.9453125,-41.4673271179
2035.53491211,-36.3872184753
2098.61230469,-17.5472488403
2098.61230469,-17.5472488403
2081.71435547,-10.8176307678
2081.71435547,-10.8176307678
2081.71435547,-10.8176307678
2114.58886719,-7.65395784378
2017.50061035,2.31658768654
2096.75683594,8.98168373108
2079.90209961,15.494178772
2096.29370117,15.5999612808
2095.6003418,25.516784668
1999.80883789,40.2855110168
1998.60058594,59.2049789429
1997.59558105,74.9363555908
1997.39465332,78.0787963867
3069.07666016,-245.797851562
3289.36157227,-267.912231445
3244.17944336,-218.753952026
3129.11181641,-177.060043335
3164.9831543,-179.018264771
3149.10302734,-326.017547607
3149.77612305,-331.031036377
3260.88378906,-337.150482178
3261.61572266,-342.338165283
4209.85986328,2166.24267578
4216.23193359,2139.40380859
4277.640625,2169.57080078
4415.71337891,2193.40112305
4418.55517578,2182.1784668
4488.859375,2203.05078125
4642.63134766,2223.33862305
4718.56201172,2251.91894531
4720.21191406,2245.95483398
4647.40966797,2205.67358398
4647.40966797,2205.67358398
4798.67333984,2275.37963867
4912.66894531,1225.36804199
4998.97167969,1238.9387207
4993.25292969,1259.59326172
5276.65722656,1282.60302734
5072.47167969,1308.83605957
5283.12353516,1260.82629395
5490.92626953,1276.83300781
5018.14941406,1169.66015625
5707.80761719,1317.60900879
5821.31982422,1343.17834473
5116.27880859,1154.19116211
5122.32568359,1132.84533691
5041.40625,1085.64343262
5064.93261719,1000.64862061
5158.98339844,1003.44012451
5070.85839844,979.244873047
5070.85839844,979.244873047
5161.04052734,996.183166504
5146.69189453,1046.82983398
5064.93261719,1000.64862061
4890.43457031,2268.85644531
4892.22460938,2262.68310547
4972.77050781,2305.99975586
4895.80957031,2250.31884766
5302.00195312,849.554077148
5304.19140625,842.004699707
5323.99511719,773.71307373
5337.29785156,727.834960938
5481.90722656,591.381835938
5489.01025391,567.462890625
5489.01025391,567.462890625
5536.94238281,406.043579102
5637.51855469,438.6456604
5558.84619141,332.274810791
5571.10644531,290.983612061
5571.10644531,290.983612061
5595.82861328,207.730957031
5598.31542969,199.356185913
5714.33886719,186.088317871
5618.30761719,132.029830933
5274.6328125,2306.71850586
5471.78808594,2382.90893555
6666.29931641,-1170.3404541
6684.81738281,-1225.42822266
6703.45751953,-1280.87731934
6714.70263672,-1314.32214355
6737.32080078,-1381.6081543
6741.11035156,-1392.87463379
6741.11035156,-1392.87463379
7149.11376953,-2136.42236328
7175.19091797,-2212.00048828
7175.19091797,-2212.00048828
7680.41455078,-3170.1262207
8372.41601562,-3477.63720703
8335.94140625,-3382.82348633
8384.65527344,-3509.4519043
8890.0859375,-3675.09326172
8155.36865234,-3441.0847168
7927.10009766,-3346.32006836
7711.06640625,-3256.63305664
7857.05810547,-3153.89282227
7846.40917969,-3124.63330078
9724.54296875,-3860.0612793
10013.8056641,-3877.83935547
9996.05664062,-3839.30883789
10757.4511719,-4144.96728516
10757.4511719,-4144.96728516
9987.20605469,-3820.10058594
6223.78271484,1333.28466797
6226.87695312,1324.77587891
6229.97705078,1316.25756836
6664.09130859,1376.55285645
6519.76513672,1337.77539062
6667.68164062,1367.47790527
6678.48583984,1340.18322754
8091.80566406,-202.423355103
8102.87939453,-227.237838745
8136.31835938,-302.148651123
8153.15820312,-339.869293213
8187.07275391,-415.846984863
9284.90820312,-1721.69018555
9292.39550781,-1737.42260742
9368.02832031,-1896.32849121
9375.66992188,-1912.37841797
14601.7080078,-9201.37988281
14661.421875,-9310.65136719
