551.648376465,-33.5144462585
554.110900879,-17.3206577301
554.338378906,-13.2504768372
556.46862793,-3.10361146927
598.784362793,-52.7323493958
602.352661133,-20.1914100647
600.694274902,-17.9508934021
602.412475586,-19.1026287079
550.293457031,-85.6011352539
600.002258301,-95.6921615601
559.918579102,30.5600128174
558.289855957,29.4916534424
552.721130371,-98.332069397
561.668701172,33.6778106689
600.766967773,-114.611366272
612.914123535,41.0201873779
562.182128906,42.8769111633
613.274108887,47.5986442566
549.845397949,-121.642158508
550.303283691,-113.447883606
568.11126709,63.6833534241
597.838745117,-135.144515991
596.003417969,-135.892425537
600.932434082,-144.660934448
552.985351562,-150.396011353
620.290222168,75.4791183472
575.809631348,85.9703369141
551.301269531,-152.096160889
618.502258301,76.4151306152
622.509216309,82.277305603
604.477416992,-180.242660522
554.757629395,-176.03427124
604.295166016,-183.579910278
633.335083008,108.921455383
555.766662598,-186.869018555
556.896728516,-195.670028687
606.974609375,-202.420516968
605.631347656,-192.975280762
605.692321777,-191.859603882
638.212890625,128.513839722
556.664489746,-199.847137451
609.866821289,-218.086868286
589.915588379,131.444122314
584.338684082,121.187812805
586.421020508,128.778106689
611.293701172,-226.546173096
642.707702637,140.394836426
593.676025391,138.35949707
611.170776367,-228.803009033
651.335449219,155.3956604
592.19921875,142.268951416
593.676025391,138.35949707
563.454406738,-225.526382446
612.727966309,-235.050598145
651.397094727,156.533813477
651.581542969,159.948226929
563.337158203,-227.641738892
655.836669922,165.294326782
656.02166748,168.724868774
564.620727539,-234.554656982
658.165466309,171.426345825
568.391723633,-257.638122559
625.422790527,-287.389099121
567.977416992,-265.122314453
567.918395996,-266.191619873
615.994934082,195.940612793
626.993041992,-295.104400635
678.517150879,206.905776978
630.410949707,-305.993041992
622.062316895,208.194671631
623.964599609,209.771591187
678.893371582,213.933181763
678.893371582,213.933181763
678.893371582,213.933181763
678.893371582,213.933181763
573.786743164,-283.919372559
637.293823242,-329.30267334
630.386413574,226.635269165
577.754455566,-306.700775146
695.125427246,238.021499634
580.834716797,-314.783538818
580.834716797,-314.783538818
642.602294922,-346.225524902
699.880859375,245.236251831
707.01171875,254.389846802
585.573425293,-325.956054688
644.071044922,-357.89553833
651.016296387,257.990997314
652.994628906,258.618041992
707.139404297,256.803588867
709.349731445,256.263305664
585.270751953,-331.472015381
649.944763184,-366.815643311
651.138305664,260.240325928
656.108154297,-372.240447998
663.529663086,270.933654785
661.561279297,271.406005859
588.123718262,-345.32723999
731.552612305,284.736816406
668.360900879,286.037567139
663.807922363,-392.290161133
665.841369629,-395.833770752
674.765686035,291.648376465
598.030212402,-366.343475342
605.009765625,-376.917694092
678.281738281,-417.512695312
757.394042969,315.501251221
692.711120605,314.109771729
603.035095215,-378.228271484
603.035095215,-378.228271484
762.762695312,322.37286377
768.191589355,329.321777344
776.116333008,333.406738281
697.534667969,324.015777588
699.743835449,324.851715088
693.468261719,-441.188415527
776.250061035,336.001373291
711.477478027,338.721466064
624.037536621,-424.131744385
716.117370605,341.71295166
716.245300293,344.130706787
793.060180664,354.98916626
723.460693359,351.743927002
730.664245605,357.024597168
730.793273926,359.480865479
733.30682373,362.908691406
735.76965332,365.120361328
639.391662598,-445.195037842
637.22833252,-446.396820068
818.919677734,375.262969971
642.97833252,-457.22833252
735.649475098,-502.786346436
837.063842773,391.695068359
837.063842773,391.695068359
756.096374512,385.782043457
743.033203125,-515.51953125
745.594299316,-518.450500488
745.524536133,-519.815734863
758.750427246,389.378143311
665.143737793,-493.515228271
855.672851562,404.527069092
855.672851562,404.527069092
788.207885742,415.950073242
677.933044434,-511.956207275
884.785827637,421.812896729
884.785827637,421.812896729
785.884155273,-566.06842041
714.400817871,-561.21673584
837.1171875,450.91104126
868.126037598,469.147705078
884.339904785,477.986297607
724.04107666,-574.59753418
736.716003418,-585.991699219
946.866638184,503.766296387
976.960266113,511.398254395
1008.72338867,517.861816406
1027.40942383,476.316833496
880.286437988,-652.517944336
1069.04150391,531.396850586
1206.12390137,572.320556641
1206.12390137,572.320556641
1020.54882812,-739.88873291
1152.33190918,567.527648926
1244.8125,533.031860352
1091.21643066,-831.002807617
1256.83544922,533.722717285
1158.27539062,465.891723633
1123.44592285,-838.801940918
1123.36120605,-840.774902344
1128.87854004,-842.452087402
1148.38000488,594.130371094
1287.44006348,525.433959961
1287.52282715,527.448608398
1300.32714844,528.110290527
1162.89489746,451.184967041
1157.47717285,447.529174805
1148.85424805,604.945739746
1313.20373535,524.680480957
1313.12133789,522.628356934
1174.94592285,-852.300354004
1154.15185547,609.176940918
1212.34655762,452.934936523
1125.9888916,-779.689147949
1136.99438477,-784.516052246
1120.51367188,-778.286560059
1346.47705078,515.818359375
1149.40637207,617.557312012
1204.62365723,-878.234069824
1249.25512695,-898.807189941
1211.29199219,428.013793945
1255.90905762,-900.922546387
1249.08044434,-903.147338867
1249.08044434,-903.147338867
1198.1817627,-882.569335938
1248.55493164,-916.172790527
1204.38439941,661.971740723
1204.38439941,661.971740723
1150.11621094,633.762207031
1324.58666992,477.641448975
1166.43322754,410.386260986
1254.94506836,-924.916564941
1254.68115234,-931.464416504
1216.44592285,414.40612793
1160.65319824,399.486053467
1306.05627441,-871.249267578
1150.51049805,642.759887695
1199.31982422,672.294250488
1199.31982422,672.294250488
1216.36486816,412.478393555
1203.32263184,-909.755371094
1197.22851562,-905.58203125
1313.50427246,-866.526794434
1313.50427246,-866.526794434
1150.66796875,646.357971191
1351.32910156,463.254608154
1165.63085938,391.825897217
1320.84619141,-866.302856445
1203.36364746,-757.434020996
1203.36364746,-757.434020996
1372.43310547,461.22076416
1204.15991211,393.730834961
1164.90771484,375.108795166
1335.65722656,-868.143066406
1253.96948242,-781.919372559
1247.63244629,-773.92364502
1386.5690918,452.601623535
1386.5690918,452.601623535
1393.9107666,452.587585449
1215.38830566,389.335021973
1164.50585938,365.816314697
1301.40478516,-806.577758789
1366.43640137,-864.913146973
1359.00378418,-855.839172363
1197.83166504,-741.559509277
1374.38964844,-862.322021484
1254.75268555,-762.493530273
1248.58874512,-750.300537109
1255.10095215,-753.86517334
1255.18811035,-751.708557129
1164.0234375,354.660522461
1163.86230469,350.940643311
1406.74414062,-858.890930176
1345.6920166,-803.451538086
1345.6920166,-803.451538086
1423.3770752,-858.334289551
1423.46630859,-855.910339355
1174.10339355,338.800140381
1163.21875,336.055541992
1255.97070312,-732.307312012
1513.3972168,452.359069824
1513.3972168,452.359069824
1162.97717285,330.471099854
1376.60571289,-803.608154297
1457.875,-852.236083984
1211.87976074,-702.478820801
1211.87976074,-702.478820801
1211.87976074,-702.478820801
1211.70715332,-706.6484375
1205.68701172,-701.337097168
1200.1505127,-685.748474121
1538.94189453,433.166320801
1466.94946289,-844.453186035
1556.7298584,428.082641602
1167.02490234,300.013031006
1475.67321777,-849.090087891
1556.64538574,425.66204834
1425.68847656,-795.392272949
1442.84814453,-789.282958984
1519.76403809,388.365142822
1216.99304199,289.997039795
1451.38391113,-791.090942383
1468.90686035,-789.802062988
1592.83410645,397.757965088
1171.27380371,273.022277832
1216.66589355,282.210540771
1460.36572266,-783.046691895
1252.66308594,-649.627990723
1536.99841309,378.043762207
1216.42028809,276.369049072
1210.41137695,271.332458496
1165.16589355,256.918395996
1531.67578125,-831.491027832
1531.85424805,-826.328613281
1541.54638672,-823.255004883
1554.78588867,372.345367432
1215.84680176,262.733184814
1478.16442871,-779.171325684
1197.31665039,-606.712463379
1203.31860352,-609.478271484
1203.31860352,-609.478271484
1169.65332031,235.351470947
1253.95983887,-617.587890625
1203.91723633,-595.076416016
1203.91723633,-595.076416016
1524.31164551,-770.395324707
1581.57849121,-805.311157227
1591.73425293,-804.699523926
1169.16650391,224.038223267
1169.00415039,220.266098022
1254.99584961,-591.986877441
1193.24157715,-559.145385742
1248.96655273,-578.593078613
1193.41149902,-555.074645996
1691.21801758,328.63961792
1225.38598633,209.86164856
1573.84082031,-737.450256348
1593.94714355,-738.116821289
1249.99963379,-553.151062012
1658.32263184,284.263031006
1679.20556641,284.865936279
1224.47973633,188.1796875
1167.2175293,178.730941772
1250.2578125,-546.794921875
1678.78381348,271.755340576
1689.11608887,262.74899292
1744.14990234,262.297454834
1196.21520996,-488.005859375
1743.81494141,251.415878296
1190.31176758,-485.808868408
1709.82702637,233.707519531
1778.04418945,236.511520386
1754.52600098,228.247390747
1246.42956543,-481.061004639
1240.2532959,-474.630523682
1765.96337891,224.082519531
1175.24499512,109.562355042
1175.24499512,109.562355042
1192.51171875,-433.33581543
1198.50292969,-433.272216797
1192.59619141,-431.320007324
1247.62817383,-451.637939453
1226.75317383,99.6727142334
1226.0904541,83.7615127563
1173.3626709,65.5597839355
1173.3626709,65.5597839355
1242.30493164,-424.455657959
1193.69445801,-405.129272461
1242.64611816,-416.10357666
1200.02502441,-396.853515625
1242.98754883,-407.754394531
1775.87890625,164.290863037
1249.50915527,-405.47555542
1848.32641602,126.931427002
1229.80505371,28.0747947693
1189.52319336,-363.252044678
1189.6072998,-361.250854492
1786.27770996,114.820625305
1229.55541992,22.0644721985
1786.11083984,109.209350586
1798.07861328,107.018676758
1797.9954834,104.194732666
1187.38525391,-1.68547105789
1228.80627441,4.02432489395
1228.6394043,0.0135899409652
1181.37597656,-9.39204406738
1181.12854004,-15.2055053711
1181.12854004,-15.2055053711
1215.70288086,-21.7918510437
1221.93591309,-15.9294013977
1246.22412109,-328.583831787
1227.30517578,-32.0975761414
1246.64941406,-318.186340332
1179.97387695,-42.353729248
1233.22814941,-36.3122406006
1226.97192383,-40.132194519
1247.07397461,-307.793426514
1232.64318848,-50.4400062561
1232.55957031,-52.4588775635
1184.65820312,-65.967124939
1184.57543945,-67.9177932739
1231.89038086,-68.6166915894
1241.70861816,-283.612030029
1235.63513184,-278.177001953
1231.63916016,-74.6787033081
1236.05859375,-267.894958496
1188.24291992,-254.281021118
1161.09143066,-91.5697402954
1243.40258789,-242.316101074
1243.40258789,-242.316101074
1244.58618164,-213.451843262
1244.67102051,-211.391601562
1266.55029297,-145.592086792
1184.98217773,-193.97354126
1185.81530762,-174.284408569
1594.38891602,-724.822631836
1604.57043457,-726.421813965
1615.3996582,-711.910217285
1681.28503418,-674.14453125
1738.25244141,-692.620727539
1681.6348877,-663.029846191
1750.23120117,-691.262084961
1750.31677246,-688.377258301
1715.33947754,-675.46875
1762.61645508,-681.179992676
1727.37426758,-662.635742188
1751.0949707,-662.431152344
1775.15319824,-670.975769043
1704.75,-645.971374512
1763.1340332,-663.776550293
1775.23901367,-668.057128906
1775.58300781,-656.387390137
1775.58300781,-656.387390137
1763.73693848,-643.489013672
1716.64245605,-633.052856445
1801.02990723,-638.381896973
1814.2019043,-621.78918457
1741.19311523,-595.334960938
1753.25097656,-590.506774902
1778.24194336,-566.13861084
1855.11535645,-555.688842773
1883.03186035,-517.394897461
1858.05102539,-450.288024902
1844.9901123,-447.286834717
1845.15856934,-441.317749023
1898.36975098,-456.468109131
1885.11157227,-441.189300537
1899.19677734,-425.832458496
1912.96850586,-428.767608643
1872.45178223,-411.018585205
1845.91369629,-414.47567749
1859.22143555,-408.258636475
1874.19824219,-347.694396973
1887.92871094,-337.941955566
1887.92871094,-337.941955566
1901.67175293,-334.162628174
1901.67175293,-334.162628174
1929.46289062,-335.724060059
1888.42456055,-319.768585205
1875.44226074,-302.566497803
1902.41247559,-306.730834961
1902.41247559,-306.730834961
1930.11621094,-311.008270264
1889.08581543,-295.559082031
1889.33288574,-286.487060547
1876.68432617,-257.524627686
1903.72705078,-258.04196167
1917.72509766,-250.656066895
1917.80664062,-247.597045898
1904.21948242,-239.809463501
1946.11547852,-241.789474487
1877.34545898,-233.537612915
1904.71130371,-221.590988159
1932.55725098,-218.553985596
1891.30981445,-214.035324097
1918.78649902,-210.918380737
1905.12036133,-206.419906616
1905.36633301,-197.321792603
1905.61181641,-188.227249146
1919.35668945,-189.548812866
1933.28796387,-190.888320923
1879.07861328,-170.687316895
1892.5423584,-168.865859985
1906.26611328,-163.992340088
1920.17102051,-159.054656982
1893.19897461,-144.810897827
1893.36279297,-138.800994873
1879.98474121,-137.832565308
1934.66589355,-138.719497681
1880.47753906,-119.931228638
1821.3972168,65.3393554688
1821.31433105,62.4743041992
1820.89953613,48.1436882019
1871.63549805,37.4162063599
1858.6204834,37.2268066406
1858.45581055,31.3778324127
1832.59289551,19.5283794403
1832.59289551,19.5283794403
1897.61206055,16.9190158844
1884.00439453,7.96459722519
1897.36755371,7.96322536469
1897.20446777,1.99080443382
1844.11999512,-21.1383647919
1883.34936523,-15.7772827148
1883.34936523,-15.7772827148
1883.34936523,-15.7772827148
1896.55187988,-21.91431427
1896.55187988,-21.91431427
1857.30236816,-9.60581016541
1869.50024414,-39.2314224243
1856.47802734,-38.9237632751
1882.61254883,-42.5155677795
1895.9810791,-42.8511581421
1895.9810791,-42.8511581421
2651.70898438,-197.831329346
2757.26171875,-197.045959473
2651.43261719,-222.63848877
2784.56103516,-237.996704102
2729.42993164,-271.702331543
2756.57421875,-274.352478027
3770.38208008,1912.54345703
3819.27270508,1909.29101562
3920.70043945,1919.09863281
3973.49609375,1921.40063477
4083.45458984,1926.19555664
4140.36474609,1946.17700195
4140.48974609,1940.35107422
4160.12158203,1024.7244873
4160.51171875,1006.51702881
4345.72412109,1030.44189453
4346.20898438,1011.43859863
4479.32714844,1014.96685791
4161.81494141,945.721435547
4620.07519531,1038.89343262
4693.61669922,1054.82727051
4963.01708984,-2071.57177734
5238.71289062,-2200.7019043
5236.57177734,-2149.74731445
5239.42724609,-2217.70996094
5145.10791016,-2195.09033203
5053.37744141,-2156.82861328
4964.77832031,-2119.87329102
4931.56005859,1026.95214844
4931.83398438,1019.77703857
5878.22802734,-2276.90429688
5878.75097656,-2286.41333008
5879.79541016,-2305.44213867
