554.974975586,-18.3632469177
558.975097656,-3.12343072891
554.115539551,-33.6639404297
603.57244873,-18.0413246155
605.305664062,-19.1986179352
605.245178223,-20.292547226
601.645141602,-52.9833374023
560.983886719,32.6790962219
615.901977539,41.2070770264
564.736083984,43.0567245483
616.265258789,47.8167533875
552.748352051,-85.9720001221
602.872375488,-96.1428222656
570.714355469,63.9564094543
555.195129395,-98.7589645386
603.947143555,-109.633132935
603.643676758,-115.15032196
623.345214844,75.8331832886
621.541015625,76.7727127075
575.418579102,90.1315612793
552.295837402,-122.166046143
552.75769043,-113.937232971
604.66229248,-129.837631226
625.584472656,82.6652679443
605.503845215,-147.936935425
636.510070801,109.446289062
555.460449219,-151.045761108
553.762573242,-152.751296997
645.538818359,133.149719238
607.385009766,-181.091323853
592.703979492,132.036331177
587.078918457,121.728187561
589.179504395,129.354782104
557.246337891,-176.796096802
607.201171875,-184.443862915
654.680541992,156.168792725
596.496826172,138.987121582
654.742736816,157.312713623
654.929016113,160.744491577
595.007507324,142.912887573
596.496826172,138.987121582
558.263000488,-187.678833008
659.225036621,166.122787476
659.411804199,169.570877075
559.402160645,-196.519302368
609.903808594,-203.376586914
608.54876709,-193.885055542
610.335021973,-195.509872437
608.610290527,-192.764266968
559.167785645,-200.714096069
566.012390137,-226.515609741
564.075073242,-231.265838623
682.127990723,207.980117798
682.507995605,215.044921875
682.507995605,215.044921875
682.507995605,215.044921875
682.507995605,215.044921875
625.136352539,209.187210083
627.056091309,210.774475098
633.536987305,227.730422974
570.989379883,-258.777038574
698.903991699,239.288497925
628.515686035,-288.784057617
567.656555176,-257.519470215
570.571777344,-266.293212891
570.512084961,-267.367156982
703.708251953,246.550628662
630.100219727,-296.54006958
708.305175781,249.047210693
708.305175781,249.047210693
710.913146973,255.767379761
633.54901123,-307.489532471
711.042297363,258.194549561
713.275390625,257.655517578
654.360839844,259.278991699
656.358093262,259.91305542
576.428649902,-285.185455322
654.483886719,261.539733887
666.994689941,272.31237793
640.495056152,-330.929748535
665.007263184,272.782958984
580.429016113,-308.077148438
735.713928223,286.332580566
671.873413086,287.50390625
583.535095215,-316.203460693
583.535095215,-316.203460693
678.341430664,293.157745361
651.882446289,-354.398925781
588.313842773,-327.437866211
587.947387695,-334.086273193
653.264160156,-368.662750244
761.838989258,317.332061768
761.772033691,316.051940918
659.48638916,-374.132171631
777.973388672,331.835449219
780.773071289,335.389312744
701.340087891,325.749328613
703.571838379,326.595214844
590.885437012,-346.90335083
780.90838623,337.999938965
667.260253906,-394.306427002
669.313293457,-397.874328613
715.427307129,340.569885254
720.245239258,346.021118164
717.991027832,346.319213867
602.405944824,-374.654876709
797.913330078,357.146209717
681.875488281,-419.704376221
734.817749023,359.02532959
737.489135742,364.949645996
824.080688477,377.617401123
742.546936035,370.669219971
697.214050293,-443.555084229
842.447387695,394.207000732
842.447387695,394.207000732
760.528686523,388.018920898
617.866027832,-411.332702637
854.812561035,400.459716797
763.212341309,391.643890381
627.114562988,-426.182189941
706.317077637,-456.504669189
793.00579834,418.46383667
890.777954102,424.671630859
890.777954102,424.671630859
642.610046387,-447.399291992
640.426635742,-448.59954834
646.229919434,-459.504241943
634.586975098,-440.251068115
739.836242676,-505.644134521
842.502685547,453.804504395
747.300109863,-518.47857666
749.889160156,-521.436401367
749.81829834,-522.809387207
873.903198242,472.269134521
890.327453613,481.225799561
668.606201172,-496.054901123
668.539855957,-497.303649902
677.056213379,-510.480926514
679.248657227,-513.188049316
681.386474609,-517.181091309
953.703369141,507.420593262
790.632080078,-569.502197266
984.226989746,515.225280762
1005.8414917,469.735900879
1016.45910645,521.862609863
1035.42736816,480.063415527
718.359802246,-564.314453125
1077.71069336,535.746765137
728.101867676,-577.811279297
740.91229248,-589.325805664
738.150085449,-590.269897461
1217.1237793,577.605651855
1217.1237793,577.605651855
1162.3828125,572.53503418
1268.76940918,538.857299805
1274.97680664,539.235656738
1274.97680664,539.235656738
1168.42651367,470.021057129
1158.8458252,610.268249512
1300.04174805,532.64654541
1313.09484863,533.366455078
1173.12573242,455.199554443
1167.61425781,451.492431641
1158.92614746,612.086730957
1164.3157959,616.387084961
1319.71264648,533.731567383
1326.22375488,529.954284668
1326.14025879,527.881225586
1223.45617676,457.136047363
1028.43322754,-745.702026367
1159.40820312,622.993835449
1360.1619873,521.134338379
1214.703125,652.936096191
1215.02905273,660.508544922
1166.23120117,419.960662842
1100.21044922,-837.980651855
1155.02307129,640.398254395
1155.02307129,640.398254395
1337.83166504,482.48248291
1176.72485352,414.047485352
1132.97253418,-846.05267334
1132.88586426,-848.041870117
1138.49633789,-849.76953125
1155.34375,647.631591797
1227.62902832,418.261535645
1170.84399414,403.032012939
1160.69262695,652.055053711
1155.66369629,654.862792969
1227.54638672,416.315643311
1185.35656738,-860.004516602
1365.11108398,468.044281006
1175.90759277,395.318450928
1135.55932617,-786.44519043
1146.75097656,-791.380126953
1129.99255371,-784.997802734
1386.64685059,466.063751221
1215.11987305,397.356231689
1393.65454102,457.391693115
1401.07568359,457.402893066
1401.07568359,457.402893066
1408.57104492,457.4140625
1400.90478516,453.017059326
1226.55187988,392.953338623
1169.45617676,371.303070068
1174.76257324,369.072937012
1215.56201172,-886.372009277
1261.01293945,-907.443969727
1232.01220703,382.894622803
1267.79150391,-909.625549316
1260.8347168,-911.824584961
1260.8347168,-911.824584961
1209.00378418,-890.704101562
1260.2989502,-924.971191406
1266.80810547,-933.844238281
1266.5402832,-940.453430176
1430.9107666,441.784545898
1168.39343262,347.011199951
1318.90319824,-880.002502441
1173.45239258,339.042602539
1214.23632812,-918.176086426
1208.03308105,-913.92175293
1326.49731445,-875.282104492
1326.49731445,-875.282104492
1530.6730957,457.597473145
1530.6730957,457.597473145
1173.20654297,333.407836914
1333.98510742,-875.105102539
1214.28222656,-764.447692871
1214.28222656,-764.447692871
1349.09069824,-877.062866211
1265.81848145,-789.463256836
1259.36315918,-781.353027344
1556.80566406,438.266723633
1314.16223145,-814.653564453
1380.49560547,-874.005004883
1208.65136719,-748.394897461
1575.00915527,433.181335449
1177.32397461,302.687011719
1388.61291504,-871.43927002
1404.64135742,-878.230529785
1266.61706543,-769.855102539
1260.33789062,-757.508911133
1266.97167969,-761.145385742
1267.06005859,-758.968444824
1574.92236328,430.731506348
1584.26379395,430.595855713
1421.64355469,-868.186157227
1537.1842041,392.878692627
1359.32922363,-811.769958496
1359.32922363,-811.769958496
1438.63061523,-867.733398438
1438.72155762,-865.283752441
1234.10473633,291.970062256
1267.85791016,-739.38470459
1554.81591797,382.486907959
1181.64697266,275.463195801
1227.85021973,284.831726074
1573.01831055,376.772155762
1227.59960938,278.935119629
1221.48205566,273.839019775
1175.4317627,259.202453613
1233.43664551,276.17767334
1390.87609863,-812.119506836
1473.87719727,-861.795532227
1482.69592285,-866.559814453
1390.96618652,-809.749633789
1222.95324707,-709.030639648
1222.95324707,-709.030639648
1222.95324707,-709.030639648
1222.77770996,-713.237976074
1216.64868164,-707.844970703
1211.01269531,-692.082580566
1641.27355957,391.488433838
1227.01538086,265.17074585
1483.15136719,-853.984436035
1492.06787109,-858.73059082
1179.99694824,237.450668335
1440.99279785,-804.117675781
1174.19580078,230.800308228
1702.54760742,352.163726807
1702.54760742,352.163726807
1702.46118164,349.515319824
1179.33618164,222.228744507
1467.4263916,-794.962341309
1237.56640625,231.700958252
1476.42382812,-791.846130371
1271.04248047,-661.20703125
1712.79626465,332.888519287
1549.34130859,-841.292053223
1539.44238281,-846.875793457
1539.44238281,-846.875793457
1549.52368164,-836.069519043
1559.44067383,-833.021606445
1569.28637695,-835.219177246
1494.61633301,-788.034851074
1745.4630127,308.912536621
1679.06591797,287.863555908
1700.47619629,288.519805908
1600.23535156,-820.481933594
1265.81213379,-623.549560547
1700.04382324,275.239196777
1235.80444336,189.93359375
1600.41674805,-815.114196777
1710.63867188,266.137390137
1266.8684082,-597.70703125
1767.10290527,265.790924072
1203.98291016,-564.283325195
1260.72644043,-584.157104492
1204.15612793,-560.175964355
1790.43762207,257.830535889
1731.88208008,236.756271362
1801.90136719,239.720977783
1592.4967041,-746.38494873
1613.08349609,-747.174194336
1261.77954102,-558.475646973
1813.68969727,227.03024292
1262.04296875,-552.059570312
1753.32897949,195.628646851
1200.65808105,-498.419708252
1764.69567871,188.487426758
1764.69567871,188.487426758
1238.11779785,100.596214294
1200.8302002,-494.341522217
1201.00292969,-490.264068604
1237.44177246,84.5347366333
1243.25708008,76.8059692383
1265.28210449,-473.06628418
1874.11413574,128.711288452
1203.24328613,-437.318603516
1209.34155273,-437.274383545
1203.32971191,-435.284576416
1259.36633301,-455.979919434
1810.3548584,116.374290466
1810.18334961,110.685882568
1822.47607422,108.474845886
1822.39086914,105.611740112
1241.22375488,28.3244533539
1247.08984375,20.2890224457
1253.94421387,-428.519897461
1204.44787598,-408.857391357
1254.29211426,-420.089202881
1186.52502441,-1.63030648232
1240.20593262,4.04697990417
1240.03625488,-0.00166893994901
1191.91992188,-9.4919757843
1198.74438477,-400.93661499
1210.89196777,-400.525085449
1254.64001465,-411.661346436
1191.66809082,-15.3581256866
1191.66809082,-15.3581256866
1261.28344727,-409.381195068
1226.86206055,-22.0104198456
1233.2088623,-16.0941448212
1262.0670166,-390.343902588
1190.49206543,-42.7522010803
1200.20263672,-366.584747314
1200.28845215,-364.565429688
1189.48291016,-66.2577514648
1243.34509277,-69.2811508179
1188.9777832,-78.0191497803
1243.0892334,-75.4003295898
1257.93884277,-331.743408203
1258.37219238,-321.247619629
1171.27819824,-92.4005584717
1258.80517578,-310.756225586
1260.10327148,-279.309509277
1260.10327148,-279.309509277
1278.65222168,-147.023788452
1198.9029541,-256.615844727
1255.06689453,-244.645126343
1255.06689453,-244.645126343
1196.43371582,-175.88621521
1195.33117676,-201.716567993
1195.58544922,-195.75328064
1613.53649902,-733.719665527
1623.9642334,-735.395568848
1624.3260498,-724.574035645
1702.58569336,-682.874328613
1761.02734375,-701.894836426
1702.94458008,-671.617675781
1773.32226562,-700.582092285
1737.51574707,-684.393798828
1703.21350098,-663.178955078
1715.04162598,-653.18548584
1798.73425293,-686.069274902
1798.91064453,-680.152709961
1726.65246582,-654.454589844
1811.76733398,-675.699829102
1799.35314941,-665.36730957
1799.35314941,-665.36730957
1787.18945312,-652.234008789
1738.85351562,-641.425170898
1751.73278809,-610.977416992
1839.02404785,-630.483398438
1764.0480957,-603.322998047
1776.42541504,-598.485656738
1789.75109863,-567.243225098
1881.07800293,-563.637756348
1909.70251465,-528.007263184
1909.78808594,-524.909973145
1939.23193359,-485.192047119
1857.68103027,-441.587158203
1939.91137695,-460.132720947
1939.99621582,-457.002166748
1940.08093262,-453.872039795
1940.58959961,-435.099456787
1871.62109375,-420.381011963
1885.30371094,-414.11807251
1900.70605469,-352.728546143
1914.82946777,-342.871704102
1914.82946777,-342.871704102
1887.44946289,-338.186309814
1901.9864502,-306.95324707
1916.02026367,-299.876434326
1903.26489258,-261.264587402
1974.29699707,-261.168212891
1974.29699707,-261.168212891
1945.4888916,-254.377120972
1974.7142334,-245.433349609
1903.94628906,-236.932540894
1975.71398926,-207.711257935
1933.69995117,-166.420715332
1948.00891113,-161.427810669
1977.04504395,-157.506820679
1906.66235352,-139.849029541
1907.17041016,-121.689300537
1951.18713379,-44.2042999268
1869.27624512,-39.1909179688
1923.70861816,-22.2580909729
1923.70861816,-22.2580909729
1910.12719727,-16.0298175812
1910.12719727,-16.0298175812
1910.12719727,-16.0298175812
1937.89562988,-13.3044261932
1857.25634766,-3.66797804832
1924.38000488,1.99545383453
1910.80041504,8.05591583252
1924.5480957,8.05498981476
1924.79943848,17.141582489
1845.41027832,31.3450546265
1845.92224121,48.7943000793
1846.34887695,63.3256645203
1846.43432617,66.2308883667
2678.62988281,-225.057983398
2843.54125977,-243.152587891
2815.07763672,-201.278289795
2678.27905273,-254.350753784
2786.06738281,-277.464813232
2814.35791016,-280.229705811
2732.23779297,-165.609451294
2759.41821289,-167.256027222
2730.85205078,-293.443756104
2730.80493164,-297.716552734
2814.1574707,-302.206573486
2814.11645508,-306.604278564
3879.57495117,1968.55859375
3879.94677734,1941.20812988
3931.3659668,1965.9552002
4038.93530273,1977.60717773
4039.12915039,1966.22497559
4094.99511719,1980.79077148
4153.08349609,1960.65795898
4211.89794922,1987.42810059
4272.48095703,2008.93237305
4272.61328125,2002.91992188
4212.26806641,1969.62756348
4212.26806641,1969.62756348
4334.93212891,2024.95385742
4231.77392578,1030.85864258
4293.91943359,1039.10864258
4293.50488281,1057.90380859
4491.51806641,1065.34057617
4356.67822266,1098.40270996
4492.03564453,1045.69665527
4634.41064453,1050.43078613
4233.06054688,968.977722168
4295.30664062,976.350769043
4785.26708984,1076.37329102
4864.22314453,1093.50927734
4359.96386719,958.42578125
4360.41259766,939.27331543
4296.97607422,900.819580078
4298.65185547,825.045715332
4363.11767578,824.030944824
4299.0703125,806.064086914
4299.0703125,806.064086914
4363.26904297,817.611877441
4362.21484375,862.507629395
4298.65185547,825.045715332
4399.97314453,2010.5090332
4400.12744141,2004.31774902
4465.87304688,2039.59631348
4400.43652344,1991.93029785
4432.92626953,685.789978027
4433.08935547,679.236877441
4513.08056641,246.230300903
4513.97265625,212.32850647
4513.97265625,212.32850647
4515.76123047,144.380599976
4515.93994141,137.575119019
4587.78271484,125.737426758
4517.37548828,83.0621490479
4679.24121094,2013.96459961
4830.74511719,2070.18823242
4934.83984375,-966.725891113
4935.63232422,-989.861816406
4937.22119141,-1036.19946289
4937.48486328,-1043.93066406
4937.48486328,-1043.93066406
4938.015625,-1059.40087891
4941.47021484,-1160.19567871
4944.40576172,-1245.80737305
4944.67236328,-1253.60522461
5040.92382812,-1530.48815918
5042.65771484,-1578.64453125
5042.65771484,-1578.64453125
5053.72509766,-1885.82385254
5054.60400391,-1910.23657227
5146.90332031,-1960.70129395
5154.15039062,-2152.25317383
5452.19824219,-2291.35229492
5449.87890625,-2238.26245117
5452.97119141,-2309.07348633
5669.33056641,-2371.65722656
5350.86181641,-2283.83398438
5251.69873047,-2242.41455078
5156.05175781,-2202.46484375
5247.30078125,-2131.70263672
5246.62695312,-2114.71264648
6023.95117188,-2421.25463867
6150.26855469,-2412.53491211
6149.12451172,-2392.60351562
6425.75341797,-2508.43359375
6425.75341797,-2508.43359375
6148.55419922,-2382.64379883
5120.30224609,1066.58764648
5120.60009766,1059.13793945
5120.89453125,1051.68518066
5402.54248047,1083.83569336
5306.02050781,1057.30944824
5402.90234375,1075.98474121
5904.83984375,-250.464080811
5906.31396484,-277.342071533
5909.26806641,-331.188171387
6056.17285156,-772.747802734
6057.24511719,-791.41973877
7015.53466797,-4459.35302734
7018.11474609,-4495.36621094
