553.612304688,-18.1843452454
557.631591797,-2.97938656807
552.721191406,-33.450340271
602.007751465,-17.8882026672
603.730529785,-19.0436439514
603.667602539,-20.1349372864
600.003051758,-52.7424583435
562.93963623,33.8850669861
614.431030273,41.2228622437
563.476867676,43.1070098877
551.240234375,-85.6287612915
618.681091309,51.3242912292
618.681091309,51.3242912292
569.481262207,63.965587616
549.032958984,-96.6366424561
602.155639648,-109.234191895
601.83972168,-114.734596252
621.930053711,75.777130127
620.135986328,76.7164993286
574.229125977,90.0948257446
550.707092285,-121.722358704
551.18536377,-113.517333984
602.817687988,-129.376647949
624.177307129,82.5951538086
603.610656738,-147.41796875
635.125793457,109.320724487
553.791564941,-150.515716553
552.09753418,-152.21585083
644.178649902,132.978042603
605.401000977,-180.459701538
591.549682617,131.923553467
585.920898438,121.634902954
588.031799316,129.249206543
555.510375977,-176.183624268
605.209411621,-183.800521851
653.342651367,155.954116821
595.345275879,138.861236572
653.407592773,157.096496582
653.602050781,160.523498535
593.87109375,142.783828735
595.345275879,138.861236572
556.497436523,-187.029983521
657.89453125,165.88949585
658.08996582,169.332962036
557.611083984,-195.84022522
607.851867676,-202.664749146
606.527160645,-193.20791626
608.300415039,-194.826568604
606.591247559,-192.091140747
557.368103027,-200.020553589
604.08984375,171.099014282
564.120727539,-225.728561401
562.181518555,-230.461914062
680.815124512,207.667022705
681.213012695,214.723648071
681.213012695,214.723648071
681.213012695,214.723648071
681.213012695,214.723648071
624.052124023,208.950897217
625.968505859,210.534225464
632.468261719,227.467010498
568.99810791,-257.866271973
697.607543945,238.919372559
626.151672363,-287.723937988
568.564941406,-265.352996826
568.503112793,-266.42276001
702.41204834,246.167526245
627.707824707,-295.445465088
706.996765137,248.654937744
706.996765137,248.654937744
709.612609863,255.364959717
631.109558105,-306.344482422
709.74822998,257.789825439
711.970092773,257.247833252
653.296020508,258.961791992
655.287475586,259.592407227
574.347961426,-284.166320801
653.424621582,261.220977783
665.916625977,271.96697998
637.956359863,-329.673309326
663.938110352,272.440582275
578.273742676,-306.959686279
734.395446777,285.865234375
670.817687988,287.142242432
581.344299316,-315.049255371
581.344299316,-315.049255371
677.276062012,292.782287598
649.216552734,-353.022644043
586.070983887,-326.231201172
585.690307617,-332.850128174
650.552978516,-367.215026855
760.499084473,316.798095703
760.428466797,315.518920898
656.723510742,-372.652160645
776.606140137,331.263305664
779.40423584,334.809906006
700.27557373,325.319702148
702.500915527,326.1612854
588.58190918,-345.607116699
779.54675293,337.418609619
664.39654541,-392.716461182
666.427429199,-396.263946533
714.349243164,340.109405518
719.163635254,345.550018311
716.919250488,345.852264404
599.971984863,-373.219238281
796.534912109,356.522521973
678.852233887,-417.965484619
733.715332031,358.522888184
733.852416992,360.992279053
736.393249512,364.440551758
738.87902832,366.666290283
822.647277832,376.932281494
694.027038574,-441.668212891
840.981811523,393.477172852
840.981811523,393.477172852
759.406921387,387.459350586
615.253112793,-409.700531006
853.308654785,399.701507568
762.090270996,391.078277588
624.41003418,-424.463623047
703.033996582,-454.533935547
791.840881348,417.832794189
889.180236816,423.826782227
889.180236816,423.826782227
639.757751465,-445.550445557
637.584472656,-446.746551514
643.323852539,-457.584533691
631.802001953,-438.449645996
736.18347168,-503.337310791
841.232788086,453.061981201
743.556640625,-516.080993652
746.118347168,-519.016418457
746.044311523,-520.380615234
872.550109863,471.453613281
888.927307129,480.371002197
665.462341309,-493.898284912
665.392822266,-495.139709473
673.818115234,-508.227111816
678.2421875,-512.355285645
675.988830566,-510.915100098
952.080932617,506.410369873
786.414428711,-566.704223633
982.472167969,514.137817383
1003.79333496,468.609985352
1014.55310059,520.692382812
1033.24816895,478.862121582
714.690185547,-561.662719727
1075.5045166,534.415588379
724.323791504,-575.054870605
737.007568359,-586.471008301
734.262756348,-587.413269043
1214.19848633,575.88293457
1214.19848633,575.88293457
1159.80249023,570.964904785
1265.29345703,537.026855469
1271.45605469,537.38861084
1271.45605469,537.38861084
1165.35461426,468.513000488
1156.45349121,608.698730469
1169.95581055,453.697998047
1164.46594238,450.008239746
1156.54150391,610.516418457
1161.91577148,614.800964355
1322.45202637,532.125427246
1219.9329834,455.516418457
1021.49975586,-741.064208984
1157.0682373,621.421691895
1355.88562012,519.091064453
1212.13891602,651.197937012
1212.49719238,658.769226074
1162.95397949,418.522155762
1092.15698242,-832.304931641
1152.78662109,638.83972168
1152.78662109,638.83972168
1333.54296875,480.555450439
1173.34692383,412.595397949
1124.52453613,-840.21282959
1124.4309082,-842.182312012
1129.97119141,-843.877990723
1153.13659668,646.072998047
1223.89599609,416.693267822
1167.45935059,401.609588623
1158.47167969,650.480895996
1153.48669434,653.304626465
1223.80493164,414.751037598
1176.25366211,-853.886779785
1360.52429199,466.078369141
1172.45288086,393.898071289
1127.33679199,-781.185180664
1138.3840332,-786.045776367
1121.83679199,-779.764526367
1381.86743164,464.051483154
1211.38476562,395.851104736
1388.76989746,455.380554199
1396.12683105,455.374725342
1396.12683105,455.374725342
1403.55688477,455.368682861
1222.71044922,391.432647705
1165.94152832,369.937408447
1171.19995117,367.700866699
1205.98681641,-879.897705078
1250.79138184,-900.617553711
1228.08251953,381.382263184
1257.47595215,-902.756530762
1250.59460449,-904.950744629
1250.59460449,-904.950744629
1199.48681641,-884.201538086
1250.00427246,-917.954162598
1256.39111328,-926.710205078
1256.09545898,-933.246582031
1425.61645508,439.722961426
1308.09191895,-873.317443848
1180.7713623,340.502380371
1169.76635742,337.731628418
1204.53344727,-911.364685059
1198.42297363,-907.17388916
1315.6126709,-868.628417969
1315.6126709,-868.628417969
1524.5357666,455.271331787
1524.5357666,455.271331787
1169.49731445,332.108795166
1323.0057373,-868.433227539
1205.27380371,-759.219482422
1205.27380371,-759.219482422
1337.90966797,-870.329101562
1256.09191895,-783.866760254
1249.75109863,-775.853515625
1550.30285645,435.933654785
1303.72827148,-808.681335449
1368.92224121,-867.221130371
1199.77929688,-743.335205078
1568.29492188,430.82232666
1173.44775391,301.448242188
1376.94677734,-864.662353516
1392.72949219,-871.334533691
1256.9732666,-764.454528809
1250.82580566,-752.245117188
1257.36474609,-755.830810547
1257.46276855,-753.675231934
1568.19494629,428.379730225
1577.44116211,428.223968506
1409.55725098,-861.358032227
1530.61779785,390.720062256
1348.34326172,-805.717407227
1348.34326172,-805.717407227
1426.3190918,-860.865844727
1426.42163086,-858.443237305
1229.73791504,290.661224365
1258.34313965,-734.283203125
1548.01391602,380.324859619
1177.61682129,274.282867432
1223.50036621,283.551849365
1565.99780273,374.591888428
1223.22509766,277.671234131
1217.13256836,272.598754883
1171.37731934,258.073699951
1229.00195312,274.911743164
1379.48400879,-805.98651123
1461.11804199,-854.902282715
1469.78979492,-859.588745117
1379.58569336,-803.642211914
1214.09777832,-704.315856934
1214.09777832,-704.315856934
1214.09777832,-704.315856934
1213.90527344,-708.483825684
1207.86987305,-703.154174805
1202.36828613,-687.550354004
1633.62487793,389.121063232
1222.58215332,263.945068359
1470.3079834,-847.155944824
1479.07629395,-851.825134277
1175.81066895,236.373443604
1428.98583984,-797.949829102
1693.98364258,349.820770264
1693.98364258,349.820770264
1175.26867676,224.990615845
1175.08764648,221.195419312
1455.11560059,-788.831115723
1704.50537109,343.877044678
1232.89233398,230.556167603
1464.00854492,-785.727478027
1261.85876465,-656.844787598
1714.95092773,332.51965332
1535.64233398,-834.438903809
1525.85229492,-839.983459473
1525.85229492,-839.983459473
1535.85229492,-829.276611328
1545.64538574,-826.238342285
1555.33776855,-828.385986328
1481.97558594,-781.915039062
1199.87780762,-608.495727539
1205.90820312,-611.279968262
1205.90820312,-611.279968262
1736.13195801,306.672241211
1670.37084961,285.827331543
1691.54040527,286.445159912
1585.92614746,-813.74230957
1256.86608887,-619.54107666
1691.03051758,273.223937988
1230.95166016,188.923721313
1596.17700195,-813.197692871
1194.47143555,-593.498535156
1194.47143555,-593.498535156
1701.44555664,264.14642334
1258.03222656,-593.927124023
1757.23840332,263.712677002
1195.99157715,-560.890563965
1252.02282715,-580.506103516
1196.18139648,-556.817199707
1780.23754883,255.754562378
1722.25415039,234.871231079
1791.44140625,237.718200684
1578.72961426,-740.501831055
1599.01782227,-741.237121582
1802.99890137,225.075881958
1253.47509766,-548.682739258
1260.16662598,-547.027282715
1192.99768066,-495.5675354
1754.36352539,186.802093506
1754.36352539,186.802093506
1232.83129883,99.9071273804
1193.18688965,-491.521453857
1193.37585449,-487.475708008
1232.08703613,83.9103927612
1237.81494141,76.2079772949
1257.0501709,-470.335876465
1861.98364258,127.23928833
1195.83117676,-434.934204102
1201.86706543,-434.883911133
1195.92565918,-432.915313721
1251.27868652,-453.391540527
1798.97753906,115.042869568
1798.77087402,109.388595581
1810.78637695,104.333137512
1235.57495117,27.9354801178
1798.46069336,100.905036926
1241.35058594,19.9321155548
1246.04272461,-426.149536133
1197.15148926,-406.682373047
1246.42651367,-417.782501221
1181.22180176,-1.85155916214
1234.453125,3.76849579811
1234.26623535,-0.261397451162
1186.53479004,-9.68106937408
1191.54199219,-398.824493408
1203.56762695,-398.404846191
1246.81005859,-409.418060303
1186.25878906,-15.5204591751
1186.25878906,-15.5204591751
1253.39404297,-407.148529053
1221.10974121,-22.1599121094
1227.42663574,-16.2748298645
1254.25842285,-388.252502441
1184.97058105,-42.7866439819
1193.1394043,-364.715698242
1193.2331543,-362.710662842
1183.86560059,-66.1784515381
1237.22338867,-69.2043762207
1183.31225586,-77.8815917969
1236.94128418,-75.2920379639
1250.44885254,-330.07635498
1250.92700195,-319.653167725
1165.70666504,-92.1865539551
1251.40478516,-309.233551025
1252.83679199,-277.997772217
1252.83679199,-277.997772217
1271.82617188,-146.529190063
1192.34606934,-255.475845337
1248.01379395,-243.560623169
1248.01379395,-243.560623169
1190.26257324,-175.227859497
1189.05444336,-200.909591675
1189.33325195,-194.980957031
1599.75354004,-722.609924316
1609.81091309,-729.565734863
1599.54296875,-727.930664062
1610.23193359,-718.863037109
1687.60351562,-677.463867188
1745.04614258,-696.154968262
1688.02636719,-666.330444336
1757.16088867,-694.832336426
1722.00219727,-678.898071289
1782.27416992,-680.434326172
1782.48657227,-674.584716797
1711.48937988,-649.310180664
1700.05883789,-648.07635498
1795.17224121,-670.157592773
1783.01794434,-659.965881348
1783.01794434,-659.965881348
1771.1262207,-647.00213623
1723.59069824,-636.40057373
1822.30224609,-625.401000977
1748.64990234,-598.666015625
1760.87231445,-593.859985352
1774.19921875,-562.928833008
1864.14611816,-559.223388672
1892.24560547,-533.130615234
1892.56274414,-523.936462402
1892.66845703,-520.872314453
1921.92138672,-481.538635254
1841.93261719,-438.473999023
1922.76464844,-456.740966797
1922.87060547,-453.642822266
1922.97558594,-450.54486084
1923.60778809,-431.964874268
1855.80517578,-417.463897705
1869.32177734,-411.249450684
1884.91052246,-350.441894531
1898.88696289,-340.668609619
1898.88696289,-340.668609619
1871.95324707,-336.046203613
1886.4855957,-305.093994141
1900.35693359,-298.074615479
1888.05895996,-259.818084717
1958.01733398,-259.694763184
1958.01733398,-259.694763184
1929.6973877,-252.976272583
1958.53991699,-244.103042603
1888.89685059,-235.700302124
1959.7935791,-206.71736145
1918.69958496,-165.785980225
1932.83239746,-160.834518433
1961.2532959,-163.162811279
1905.79711914,-140.422164917
1892.24182129,-139.432479858
1947.6751709,-140.386962891
1892.86804199,-121.418418884
1936.78796387,-44.5477180481
1856.07287598,-39.5368270874
1909.85754395,-22.7528934479
1909.85754395,-22.7528934479
1896.51135254,-16.5630054474
1896.51135254,-16.5630054474
1896.51135254,-16.5630054474
1923.90515137,-13.8720874786
1844.45849609,-4.26030731201
1910.68835449,1.32444787025
1897.34216309,7.34966039658
1910.89611816,7.3405046463
1911.2076416,16.3623466492
1845.28918457,19.0258235931
1845.28918457,19.0258235931
1833.62939453,47.8547172546
1834.14770508,62.2910423279
1834.25097656,65.177444458
2676.21142578,-200.846954346
2783.86108398,-200.198730469
2675.68676758,-225.869064331
2811.29443359,-241.561203003
2754.71972656,-275.474975586
2782.3737793,-278.192962646
2703.10961914,-164.951797485
2729.7109375,-166.578521729
2700.51953125,-291.284973145
2700.43359375,-295.505706787
2781.95947266,-299.895721436
2781.87695312,-304.238311768
3660.75146484,1905.6895752
3706.55053711,1923.31213379
3850.8840332,1978.84814453
3850.87353516,1951.55224609
3850.86279297,1924.22851562
3901.48266602,1948.54272461
4006.77197266,1959.32922363
4006.79931641,1947.96398926
4061.57202148,1962.06335449
4175.77734375,1967.76000977
4235.19726562,1988.73413086
4235.23583984,1982.73388672
4175.87695312,1949.99621582
4175.87695312,1949.99621582
4296.33496094,2004.21569824
4181.05517578,1016.27111816
4241.59326172,1024.17553711
4241.47070312,1042.80603027
4433.91943359,1049.28796387
4303.47509766,1082.6628418
4434.1171875,1029.82897949
4181.39501953,954.938354492
4242.00585938,961.984741211
4718.91113281,1058.88793945
4572.55419922,1013.81860352
4795.64648438,1075.48339844
4304.54980469,943.963378906
4304.69580078,924.996032715
4242.50244141,887.172119141
4242.99951172,812.158935547
4305.58007812,810.922485352
4243.12353516,793.374206543
4243.12353516,793.374206543
4305.62939453,804.571472168
4305.28613281,848.998840332
4242.99951172,812.158935547
4359.50634766,1989.28381348
4359.56201172,1983.1081543
4424.15527344,2017.76000977
4371.20947266,674.000061035
4371.26757812,667.524291992
4371.78613281,609.17376709
4372.13232422,570.206054688
4439.93359375,452.924499512
4440.13378906,433.046936035
4440.13378906,433.046936035
4441.47265625,300.17074585
4510.15722656,324.827758789
4442.07861328,240.17199707
4442.4140625,206.784301758
4442.4140625,206.784301758
4443.08886719,139.89050293
4443.15722656,133.192352295
4512.45556641,121.468719482
4443.69677734,79.5507888794
4631.39453125,1990.4888916
4779.57324219,2045.26953125
4827.94970703,-873.247253418
4828.57128906,-910.75958252
4829.19238281,-948.32043457
4829.56835938,-970.880615234
4830.31640625,-1016.0536499
4830.44091797,-1023.58935547
4830.44091797,-1023.58935547
4830.69189453,-1038.66687012
4833.70068359,-1220.20983887
4833.82568359,-1227.79858398
4921.45800781,-1496.57397461
4922.29980469,-1543.32678223
4922.29980469,-1543.32678223
4928.08789062,-1864.81921387
5015.51513672,-1913.09606934
5019.12402344,-2098.34301758
5301.0703125,-2230.47314453
5299.82910156,-2179.26342773
5301.48242188,-2247.56225586
5506.31347656,-2306.20996094
5204.59082031,-2223.98901367
5110.70800781,-2184.74682617
5020.06835938,-2146.86010742
5108.46240234,-2077.81494141
5108.11962891,-2061.39892578
5842.21533203,-2351.1315918
5963.52441406,-2380.08374023
5962.16796875,-2341.73217773
5961.49169922,-2322.57568359
5961.15234375,-2313.00146484
5042.828125,1047.70458984
5042.98388672,1040.34143066
5043.14013672,1032.97595215
5315.53271484,1063.47143555
5221.95898438,1037.71240234
5315.73632812,1055.71887207
5657.42285156,-148.669235229
5770.421875,-195.306243896
5772.16699219,-247.723052979
5773.04150391,-273.967559814
6046.63964844,-1257.64196777
6046.98974609,-1267.06103516
6732.68847656,-4283.31982422
6734.28076172,-4317.32861328
