555.081665039,-18.3829021454
559.078552246,-3.14700508118
554.224731445,-33.6795272827
603.66583252,-18.0598068237
605.398803711,-19.2167549133
605.338500977,-20.3103904724
601.744689941,-52.9927749634
564.31463623,33.7835159302
615.982177734,41.1721992493
564.830749512,43.020111084
552.865722656,-85.9748153687
620.221801758,51.2940635681
620.221801758,51.2940635681
602.978637695,-96.1419754028
570.804382324,63.9136276245
555.313781738,-98.7587738037
604.055175781,-109.629341125
603.752441406,-115.145233154
623.417602539,75.7879333496
578.561462402,86.2965393066
621.613830566,76.7271347046
552.418640137,-122.160751343
552.879089355,-113.933769226
604.773498535,-129.829391479
625.655090332,82.6179428101
605.617553711,-147.924987793
636.572692871,109.390487671
555.586669922,-151.034500122
553.889526367,-152.739654541
645.594726562,133.086166382
607.50378418,-181.072769165
592.776489258,131.971908569
587.154907227,121.667198181
589.253601074,129.29119873
557.376037598,-176.779785156
607.320251465,-184.42477417
654.729614258,156.097366333
596.567138672,138.920425415
654.791442871,157.240997314
654.977416992,160.671554565
595.077636719,142.84475708
596.567138672,138.920425415
558.394165039,-187.660446167
659.270690918,166.048049927
659.457092285,169.494857788
559.534423828,-196.499359131
610.02557373,-203.353988647
608.669311523,-193.864151001
610.455566406,-195.488586426
608.730651855,-192.743621826
559.300720215,-200.693313599
566.147766113,-226.490310669
564.211547852,-231.239883423
619.067504883,196.778167725
682.158935547,207.890365601
682.537475586,214.952484131
682.537475586,214.952484131
682.537475586,214.952484131
682.537475586,214.952484131
625.186157227,209.095703125
627.104736328,210.682495117
633.580749512,227.632110596
571.128356934,-258.746704102
698.923461914,239.187057495
628.647338867,-288.74786377
570.712036133,-266.261749268
570.652648926,-267.335510254
703.724853516,246.446472168
630.232849121,-296.502990723
708.319885254,248.942016602
708.319885254,248.942016602
710.925476074,255.659576416
633.682983398,-307.450897217
711.054138184,258.085754395
713.286499023,257.547119141
654.392150879,259.168487549
656.38861084,259.802337646
576.570556641,-285.151153564
654.514648438,261.428375244
667.019226074,272.196655273
640.631530762,-330.888244629
665.032592773,272.667175293
580.573852539,-308.039855957
735.711791992,286.212677002
671.893676758,287.382202148
583.680419922,-316.165100098
583.680419922,-316.165100098
678.358459473,293.033782959
652.020751953,-354.354736328
588.459899902,-327.398101807
588.094421387,-334.045837402
653.404602051,-368.616851807
761.821350098,317.199462891
761.754821777,315.919952393
659.626647949,-374.085845947
777.946960449,331.696899414
780.744934082,335.249237061
701.342651367,325.611785889
703.573730469,326.457336426
591.034301758,-346.861572266
780.879882812,337.858703613
667.40246582,-394.258026123
669.455749512,-397.825653076
715.422180176,340.426055908
720.237243652,345.875091553
717.983764648,346.17288208
797.874389648,356.996795654
682.019592285,-419.653564453
734.801818848,358.873657227
737.471069336,364.795379639
604.281188965,-377.842926025
606.076416016,-379.951629639
606.076416016,-379.951629639
824.02746582,377.458953857
742.525878906,370.512359619
697.359863281,-443.502532959
842.383728027,394.041259766
842.383728027,394.041259766
760.497558594,387.854370117
618.020141602,-411.284484863
854.742431641,400.291168213
763.179260254,391.477600098
627.26953125,-426.13269043
706.463623047,-456.451324463
792.955932617,418.285369873
890.688537598,424.4921875
890.688537598,424.4921875
642.76574707,-447.348114014
640.582824707,-448.548522949
646.387023926,-459.452514648
634.743103027,-440.200622559
739.986816406,-505.587921143
842.425720215,453.609649658
747.451904297,-518.421875
750.041442871,-521.379516602
749.97076416,-522.752258301
873.809448242,472.065582275
890.225097656,481.017669678
668.766357422,-496.000823975
668.700134277,-497.249786377
677.217407227,-510.426269531
681.682128906,-514.585632324
679.410095215,-513.133483887
953.568786621,507.200134277
790.788024902,-569.443725586
984.078186035,515.001220703
1005.69525146,469.536254883
1016.29498291,521.635620117
1035.26611328,479.859069824
718.524963379,-564.258483887
1077.51721191,535.513793945
728.268310547,-577.755065918
741.079162598,-589.269165039
738.317504883,-590.213439941
1216.85791016,577.351928711
1216.85791016,577.351928711
1162.14257812,572.283325195
1268.49389648,538.626342773
1274.69848633,539.004516602
1274.69848633,539.004516602
1168.21459961,469.824645996
1158.59570312,609.994567871
1172.91625977,455.010803223
1167.40759277,451.305389404
1158.67553711,611.811828613
1164.06115723,616.110107422
1326.09411621,533.872924805
1223.2253418,456.947387695
1028.60229492,-745.645385742
1159.15405273,622.712646484
1359.8536377,520.914855957
1214.41491699,652.638183594
1214.73852539,660.205749512
1166.03491211,419.789367676
1100.39831543,-837.932617188
1154.76574707,640.106689453
1154.76574707,640.106689453
1337.54614258,482.283325195
1176.52648926,413.879394531
1133.16015625,-846.004394531
1133.07446289,-847.99420166
1138.68444824,-849.721557617
1155.08374023,647.335632324
1227.40930176,418.092407227
1170.65112305,402.86907959
1160.42834473,651.756164551
1155.40197754,654.5625
1227.3269043,416.147338867
1185.54431152,-859.956787109
1364.81896973,467.852935791
1175.71557617,395.159301758
1135.72924805,-786.389343262
1146.92126465,-791.324401855
1130.16271973,-784.941772461
1386.34655762,465.873962402
1214.91125488,397.196929932
1393.35461426,457.206481934
1400.77307129,457.21774292
1400.77307129,457.21774292
1408.26464844,457.229125977
1400.60339355,452.834136963
1226.34020996,392.796325684
1169.2734375,371.155151367
1174.57849121,368.926269531
1215.75585938,-886.327453613
1261.21044922,-907.401306152
1231.80151367,382.742645264
1267.98950195,-909.583251953
1261.03344727,-911.782775879
1261.03344727,-911.782775879
1209.19934082,-890.66027832
1260.50195312,-924.93157959
1267.01428223,-933.806091309
1266.74841309,-940.416625977
1430.60119629,441.607910156
1168.21838379,346.874450684
1319.08776855,-879.953430176
1173.27807617,338.909698486
1214.44030762,-918.136901855
1208.23596191,-913.882202148
1326.67993164,-875.232177734
1326.67993164,-875.232177734
1530.31738281,457.41506958
1530.31738281,457.41506958
1173.03381348,333.277252197
1334.16638184,-875.054870605
1214.43774414,-764.386962891
1214.43774414,-764.386962891
1349.27233887,-877.012634277
1265.97717285,-789.403686523
1259.51977539,-781.292724609
1556.44677734,438.094665527
1314.32470703,-814.595397949
1380.6730957,-873.953063965
1208.8026123,-748.333007812
1574.64453125,433.012145996
1177.15905762,302.570007324
1388.78930664,-871.38671875
1404.81921387,-878.178283691
1266.76940918,-769.793640137
1260.48657227,-757.446472168
1267.12145996,-761.082946777
1267.20910645,-758.905578613
1574.55944824,430.563537598
1583.8972168,430.428161621
1421.8157959,-868.132141113
1536.85131836,392.72869873
1359.48681641,-811.709960938
1359.48681641,-811.709960938
1438.80187988,-867.678955078
1438.89160156,-865.22857666
1268.0,-739.3203125
1554.48022461,382.342132568
1181.48828125,275.357940674
1227.67224121,284.72354126
1572.67834473,376.630462646
1227.4239502,278.829467773
1221.30993652,273.735321045
1175.28063965,259.103790283
1233.25939941,276.073181152
1391.03125,-812.058837891
1474.04272461,-861.738647461
1482.86315918,-866.503540039
1391.12084961,-809.688720703
1223.09069824,-708.965026855
1223.09069824,-708.965026855
1223.09069824,-708.965026855
1222.91625977,-713.172729492
1216.78637695,-707.779052734
1211.14611816,-692.015869141
1640.90026855,391.341217041
1226.84448242,265.070739746
1483.31420898,-853.926391602
1492.23181152,-858.673095703
1179.85058594,237.360916138
1441.14038086,-804.054504395
1702.16674805,352.036254883
1702.16674805,352.036254883
1702.08190918,349.389068604
1179.35925293,225.94984436
1179.19494629,222.144882202
1467.56835938,-794.897155762
1237.40222168,231.614700317
1476.56359863,-791.780273438
1271.15869141,-661.136779785
1723.48461914,334.71307373
1549.49279785,-841.229736328
1539.59741211,-846.814941406
1539.59741211,-846.814941406
1549.67333984,-836.006958008
1559.58837891,-832.958129883
1569.43395996,-835.155822754
1494.75292969,-787.967895508
1208.23901367,-612.235168457
1214.34899902,-615.054504395
1214.34899902,-615.054504395
1745.08520508,308.805541992
1678.72192383,287.764160156
1700.1237793,288.420654297
1600.28503418,-823.100585938
1600.37438965,-820.415649414
1699.6973877,275.145751953
1235.65393066,189.863464355
1266.96484375,-597.63494873
1710.29296875,266.04788208
1204.07788086,-564.21295166
1260.81921387,-584.085021973
1766.7364502,265.702911377
1204.24975586,-560.105529785
1790.31896973,266.116699219
1790.06628418,257.746368408
1731.54089355,236.679367065
1801.53405762,239.644424438
1592.60571289,-746.310852051
1613.19152832,-747.09967041
1262.12463379,-551.987365723
1268.88256836,-550.327575684
1813.32385254,226.959060669
1185.57470703,110.49331665
1185.57470703,110.49331665
1200.73266602,-498.350311279
1200.90368652,-494.272216797
1201.07507324,-490.194824219
1764.3651123,188.430145264
1764.3651123,188.430145264
1243.47619629,84.8435134888
1243.14074707,76.7753372192
1265.33752441,-472.99609375
1203.29870605,-437.25213623
1209.39562988,-437.207702637
1203.3840332,-435.218231201
1259.41772461,-455.910766602
1873.77380371,128.678405762
1810.04138184,116.344169617
1809.87231445,110.657646179
1822.16210938,108.44770813
1822.07824707,105.585533142
1241.12341309,28.3087329865
1246.98986816,20.2757968903
1253.98742676,-428.452575684
1204.49414062,-408.792877197
1254.33251953,-420.02230835
1198.78967285,-400.872894287
1210.93444824,-400.460968018
1254.67773438,-411.595153809
1186.44995117,-1.63877022266
1240.11352539,4.03818559647
1239.94482422,-0.00926857721061
1191.84594727,-9.4981212616
1261.3190918,-409.314941406
1191.59558105,-15.3627080917
1191.59558105,-15.3627080917
1233.12512207,-16.0974140167
1262.09619141,-390.27923584
1200.2364502,-366.523895264
1200.32189941,-364.504943848
1190.42822266,-42.7495002747
1189.42700195,-66.2490386963
1243.27514648,-69.2703857422
1188.92565918,-78.0075683594
1243.02160645,-75.388053894
1257.95019531,-331.684753418
1258.37976074,-321.190124512
1258.80932617,-310.70010376
1171.23498535,-92.3860549927
1260.0970459,-279.257415771
1260.0970459,-279.257415771
1198.9029541,-256.568908691
1278.59790039,-146.99446106
1255.05004883,-244.598434448
1255.05004883,-244.598434448
1196.40966797,-175.853210449
1195.31530762,-201.678833008
1195.56774902,-195.716629028
1613.63818359,-733.643920898
1624.0657959,-735.319763184
1624.42272949,-724.497192383
1702.65551758,-682.792236328
1761.09790039,-701.812072754
1703.00976562,-671.535400391
1773.39135742,-700.499206543
1737.58178711,-684.310791016
1798.79321289,-685.984313965
1798.96716309,-680.067443848
1726.70727539,-654.370483398
1715.09655762,-653.101379395
1811.81970215,-675.614135742
1799.40209961,-665.281433105
1799.40209961,-665.281433105
1787.23449707,-652.147827148
1738.9005127,-641.340209961
1839.05200195,-630.395019531
1764.0736084,-603.236328125
1776.44763184,-598.3984375
1802.09301758,-573.810852051
1881.06738281,-563.547180176
1909.66992188,-527.916381836
1909.75390625,-524.819396973
1939.17346191,-485.101928711
1939.84057617,-460.043914795
1939.92358398,-456.913391113
1940.00683594,-453.783477783
1940.50634766,-435.012145996
1871.54394531,-420.296600342
1885.2208252,-414.033905029
1900.59033203,-352.649749756
1887.33007812,-338.109619141
1901.84863281,-306.87991333
1915.87536621,-299.803741455
1903.10437012,-261.197875977
1974.11901855,-261.099517822
1974.11901855,-261.099517822
1945.31506348,-254.310302734
1974.52844238,-245.3671875
1903.77319336,-236.869766235
1975.50939941,-207.651733398
1905.52539062,-173.126296997
1919.37084961,-171.296432495
1947.78820801,-161.378067017
1976.65112305,-163.72567749
1906.44152832,-139.804824829
1906.94055176,-121.649223328
1950.90686035,-44.1820602417
1869.01745605,-39.1720924377
1923.42565918,-22.2424736023
1923.42565918,-22.2424736023
1909.8449707,-16.0162734985
1909.8449707,-16.0162734985
1909.8449707,-16.0162734985
1937.60437012,-13.2909765244
1856.98498535,-3.659096241
1924.08508301,2.00427556038
1910.50646973,8.06259441376
1924.24963379,8.0621471405
1924.49731445,17.1459465027
1857.65539551,19.7820472717
1857.65539551,19.7820472717
1845.62939453,48.7871665955
1846.04882812,63.3139381409
1846.13232422,66.2183151245
2704.73339844,-201.837463379
2814.65039062,-201.197738647
2704.46264648,-227.147094727
2843.13647461,-243.063537598
2785.70214844,-277.371673584
2813.98754883,-280.135437012
2731.80859375,-165.538314819
2758.98388672,-167.183776855
2730.51245117,-293.349700928
2730.46850586,-297.621887207
2813.80297852,-302.109039307
2813.76611328,-306.506134033
3683.32250977,1919.69921875
3729.80053711,1937.67150879
3876.33813477,1994.33618164
3876.73510742,1967.05322266
3877.13110352,1939.73730469
3928.48291016,1964.45227051
4035.95361328,1976.09106445
4036.15844727,1964.72387695
4091.96240234,1979.2701416
4208.76074219,1985.90039062
4269.27197266,2007.37780762
4269.41210938,2001.37353516
4331.65283203,2023.37841797
4229.64013672,1030.34460449
4291.73876953,1038.58874512
4291.30517578,1057.36828613
4489.19091797,1064.80200195
4354.39550781,1097.83398438
4489.72900391,1045.17407227
4632.00976562,1049.90673828
4293.19287109,975.881591797
4782.74511719,1075.83007812
4861.63085938,1092.95288086
4357.83154297,957.972045898
4358.30273438,938.834655762
4294.94384766,900.409057617
4296.70019531,824.691040039
4361.13183594,823.678222656
4297.14013672,805.722900391
4297.14013672,805.722900391
4361.2890625,817.26373291
4360.18847656,862.127075195
4296.70019531,824.691040039
4396.65429688,2008.95336914
4396.81542969,2002.76965332
4462.46582031,2038.00268555
4431.05615234,685.53314209
4431.22607422,678.984313965
4507.77539062,388.010559082
4578.51806641,400.64654541
4511.66796875,246.212799072
4512.60058594,212.325485229
4512.60058594,212.325485229
4514.46484375,144.404495239
4514.65185547,137.601699829
4586.48095703,125.770065308
4516.1484375,83.1085662842
4675.68164062,2012.40710449
4826.98779297,2068.55688477
4933.39697266,-928.056274414
4934.76367188,-966.573913574
4935.58544922,-989.714172363
4937.22998047,-1036.06030273
4937.50634766,-1043.79382324
4937.50634766,-1043.79382324
4938.05615234,-1059.26745605
4944.67578125,-1245.72277832
4944.95263672,-1253.52270508
5041.54931641,-1530.50756836
5043.34521484,-1578.68664551
5043.34521484,-1578.68664551
5142.5859375,-1820.22436523
5144.20117188,-1861.53295898
5155.58691406,-2152.64501953
5453.87646484,-2291.84106445
5451.48681641,-2238.70947266
5454.67480469,-2309.57714844
5671.16943359,-2372.20532227
5352.50878906,-2284.32226562
5253.27001953,-2242.87329102
5157.55224609,-2202.89599609
5248.7265625,-2132.07495117
5248.02929688,-2115.07275391
6025.94384766,-2421.83032227
6154.63427734,-2453.04467773
6152.28076172,-2413.09765625
6427.98339844,-2509.07080078
6427.98339844,-2509.07080078
6151.10693359,-2393.1484375
6150.51855469,-2383.18017578
5117.58398438,1066.0579834
5117.88964844,1058.61437988
5118.19482422,1051.16821289
5399.62548828,1083.29589844
5303.19970703,1056.79052734
5399.99511719,1075.4519043
5781.46240234,-148.921478271
5899.55224609,-178.777923584
5900.55859375,-196.63621521
5903.58007812,-250.291412354
5905.09521484,-277.164398193
7021.35058594,-4462.71826172
7023.99951172,-4498.80419922
