554.011291504,-17.4089584351
557.981933594,-2.19837284088
553.168212891,-32.6753463745
602.399536133,-17.0145969391
604.125793457,-18.1664199829
604.06652832,-19.257642746
600.508544922,-51.8712005615
563.172485352,34.6665267944
614.627258301,42.1062469482
563.680358887,43.8860282898
614.983825684,48.7006568909
551.851257324,-84.8597183228
601.764587402,-94.9153747559
569.616638184,64.747428894
554.298828125,-97.6105117798
602.844970703,-108.367515564
602.54699707,-113.870124817
622.010375977,76.6594848633
620.213684082,77.5947647095
574.279663086,90.8717346191
551.43145752,-120.963729858
551.884338379,-112.755020142
603.572753906,-128.51524353
624.234313965,83.478302002
604.424682617,-146.562454224
635.08984375,110.209106445
554.606994629,-149.762405396
552.91809082,-151.466812134
644.059387207,133.867126465
606.323181152,-179.618255615
591.458679199,132.705932617
585.865356445,122.413955688
587.951049805,130.026626587
556.407165527,-175.440444946
606.142578125,-182.961517334
653.141967773,156.842147827
595.229980469,139.645751953
653.203063965,157.983627319
653.386047363,161.407821655
593.743835449,143.562026978
595.229980469,139.645751953
557.428771973,-186.291305542
657.65802002,166.777587891
657.841552734,170.218093872
558.570373535,-195.105102539
608.847351074,-201.832962036
607.491455078,-192.372314453
609.270385742,-193.988388062
607.551757812,-191.254623413
558.340637207,-199.288757324
613.323669434,-223.736373901
613.202270508,-225.996780396
603.86529541,171.872131348
565.176696777,-225.002456665
614.648925781,-234.514511108
563.251953125,-229.743652344
680.423217773,208.558181763
680.796447754,215.607543945
680.796447754,215.607543945
680.796447754,215.607543945
680.796447754,215.607543945
623.69152832,209.724502563
625.601501465,211.309936523
632.041015625,228.235671997
570.158081055,-257.158630371
697.096923828,239.807113647
627.434570312,-286.932006836
569.748657227,-264.653564453
569.690246582,-265.724517822
701.872619629,247.055755615
629.017150879,-294.658996582
706.44543457,249.549102783
706.44543457,249.549102783
709.035888672,256.255645752
632.456970215,-305.563690186
709.162780762,258.677398682
711.385498047,258.140808105
652.748535156,259.732116699
654.736206055,260.365905762
575.594299316,-283.474639893
652.869506836,261.988464355
665.315551758,272.744995117
639.385314941,-328.907440186
663.337036133,273.213745117
579.595153809,-306.28604126
733.692749023,286.763244629
670.161010742,287.907897949
582.69329834,-314.378936768
582.69329834,-314.378936768
676.594909668,293.55279541
650.730773926,-352.265411377
587.458435059,-325.565216064
587.099243164,-332.193450928
652.115844727,-366.475341797
759.664001465,317.701416016
759.598144531,316.424255371
658.308898926,-371.908050537
775.704406738,332.175598145
778.487243652,335.721893311
699.46295166,326.085449219
701.683410645,326.930145264
590.033569336,-344.961364746
664.344665527,-382.330383301
778.620300293,338.326538086
666.055480957,-391.987670898
668.100097656,-395.536590576
713.472167969,340.878845215
718.263000488,346.319854736
716.01965332,346.616912842
601.520629883,-372.589752197
795.522338867,357.43170166
680.608764648,-417.248809814
732.755187988,359.299346924
735.409423828,365.211669922
821.533874512,377.857391357
740.438415527,370.919799805
695.877807617,-440.962432861
839.787475586,394.408172607
839.787475586,394.408172607
758.317993164,388.234100342
616.932312012,-409.097473145
852.077941895,400.645446777
760.985473633,391.851501465
626.144958496,-423.867034912
704.937194824,-453.833587646
790.607177734,418.613220215
887.81854248,424.795166016
887.81854248,424.795166016
641.575622559,-444.960296631
639.404663086,-446.162841797
645.185119629,-457.009368896
633.589599609,-437.862731934
738.290039062,-502.666656494
839.812683105,453.868164062
745.716064453,-515.422363281
748.29107666,-518.359069824
748.221679688,-519.726379395
871.022766113,472.282440186
887.34564209,481.212860107
667.46685791,-493.349456787
667.401489258,-494.593597412
680.322387695,-511.81930542
678.061889648,-510.380432129
950.317687988,507.319641113
788.804138184,-566.074279785
980.639709473,515.090759277
1002.1227417,469.716094971
1012.65216064,521.69519043
1031.50012207,480.005218506
716.980407715,-561.163696289
1073.46655273,535.509033203
726.672546387,-574.56854248
739.411560059,-585.987182617
1211.7890625,577.15234375
1211.7890625,577.15234375
1157.49047852,572.135253906
1262.99804688,538.50604248
1269.15161133,538.879577637
1269.15161133,538.879577637
1163.49780273,469.952697754
1153.97680664,609.755187988
1168.16101074,455.180480957
1162.6940918,451.487487793
1154.05615234,611.567932129
1159.40283203,615.851074219
1320.10778809,533.735290527
1218.07458496,457.097961426
1024.89758301,-740.450317383
1154.53308105,622.442016602
1353.5637207,520.802978516
1209.38439941,652.242248535
1209.70739746,659.79083252
1161.32617188,420.065368652
1096.06604004,-831.859863281
1150.17956543,639.798828125
1150.17956543,639.798828125
1331.43713379,482.314300537
1171.73510742,414.172180176
1128.52697754,-839.732543945
1128.44140625,-841.709350586
1133.99963379,-843.40032959
1150.49682617,647.010803223
1222.21386719,418.365814209
1165.90307617,403.196350098
1155.80371094,651.415771484
1150.81359863,654.22052002
1222.13171387,416.427215576
1180.41210938,-853.354248047
1358.4597168,467.925994873
1170.9263916,395.510192871
1131.08056641,-780.492675781
1142.16809082,-785.347839355
1125.56518555,-779.07824707
1379.7890625,465.947723389
1209.81188965,397.539611816
1386.7277832,457.31036377
1394.07641602,457.319671631
1394.07641602,457.319671631
1401.49853516,457.329071045
1221.14685059,393.152984619
1164.5300293,371.581604004
1169.7935791,369.360046387
1210.32080078,-879.40435791
1255.31005859,-900.115966797
1226.56054688,383.132751465
1262.01782227,-902.250061035
1255.13354492,-904.466552734
1255.13354492,-904.466552734
1203.82873535,-883.737487793
1254.60351562,-917.522766113
1261.04504395,-926.301269531
1260.77954102,-932.864685059
1423.61425781,441.762756348
1163.47888184,347.378601074
1312.58959961,-872.597351074
1168.49707031,339.44052124
1209.01074219,-910.996398926
1202.86914062,-906.801086426
1320.10253906,-867.875854492
1320.10253906,-867.875854492
1522.34924316,457.481445312
1522.34924316,457.481445312
1168.25402832,333.826568604
1327.50878906,-867.665649414
1209.04724121,-758.299804688
1209.04724121,-758.299804688
1342.45019531,-869.53894043
1260.06591797,-782.928466797
1253.67675781,-774.900817871
1548.19262695,438.238342285
1307.90405273,-807.733825684
1373.50671387,-866.358093262
1203.47045898,-742.374938965
1566.19421387,433.175048828
1172.34033203,303.223236084
1381.53405762,-863.773986816
1397.37976074,-870.440185547
1260.85656738,-763.44934082
1254.64111328,-751.212585449
1261.20751953,-754.796875
1261.29553223,-752.634094238
1566.10766602,430.737365723
1575.34533691,430.600830078
1414.1895752,-860.39276123
1528.7689209,393.075378418
1352.58325195,-804.67175293
1352.58325195,-804.67175293
1430.98046875,-859.86541748
1431.07092285,-857.433776855
1228.63793945,292.567932129
1262.08508301,-733.178039551
1546.20532227,382.735534668
1176.62976074,276.10635376
1222.43835449,285.456207275
1564.20483398,377.050292969
1222.1907959,279.583465576
1216.12573242,274.505493164
1170.46838379,259.906677246
1227.97607422,276.83972168
1383.78051758,-804.880126953
1465.81420898,-853.810852051
1474.52807617,-858.49786377
1383.86975098,-802.527099609
1217.62988281,-703.205749512
1217.62988281,-703.205749512
1217.62988281,-703.205749512
1217.45617676,-707.38684082
1211.38745117,-702.05291748
1205.80554199,-686.413635254
1631.69189453,391.691467285
1221.61157227,265.87512207
1474.9810791,-846.017883301
1483.79016113,-850.686645508
1174.99743652,238.243331909
1433.32910156,-796.717529297
1692.22106934,352.586120605
1692.22106934,352.586120605
1174.50708008,226.873291016
1174.34399414,223.082092285
1459.45690918,-787.515625
1702.76806641,346.674163818
1232.0715332,232.550094604
1468.34924316,-784.383911133
1265.23779297,-655.501464844
1713.27124023,335.356964111
1540.37036133,-833.125244141
1530.59191895,-838.709289551
1530.59191895,-838.709289551
1540.55249023,-827.943481445
1550.34729004,-824.875
1560.06921387,-827.011291504
1486.32739258,-780.523010254
1197.20593262,-598.254943848
1197.20593262,-598.254943848
1734.58642578,309.59375
1668.98913574,288.644683838
1690.14147949,289.305084229
1590.63366699,-812.254638672
1260.06103516,-618.106140137
1689.70739746,276.101379395
1230.32592773,190.960006714
1600.8996582,-811.687866211
1700.16870117,267.057373047
1261.10681152,-592.42364502
1755.92944336,266.738494873
1198.83544922,-559.429931641
1255.02612305,-578.981201172
1199.0065918,-555.346618652
1778.96264648,258.83795166
1721.13342285,237.861755371
1790.26672363,240.847106934
1583.02246094,-738.78112793
1603.3482666,-739.47869873
1256.06884766,-553.456115723
1801.89331055,228.243240356
1256.3293457,-547.079040527
1180.64807129,111.861473083
1180.64807129,111.861473083
1195.53686523,-493.96786499
1753.5065918,189.910629272
1753.5065918,189.910629272
1232.62121582,102.020210266
1195.70739746,-489.912841797
1195.87841797,-485.858642578
1231.95239258,86.0311889648
1237.71520996,78.3445281982
1259.53662109,-468.557098389
1861.44567871,130.617416382
1198.09399414,-433.211273193
1204.13513184,-433.148895264
1198.17895508,-431.18862915
1253.67907715,-451.591644287
1798.52978516,118.300682068
1798.35681152,112.649627686
1810.48632812,110.465881348
1810.39978027,107.621780396
1235.70166016,30.086894989
1241.51403809,22.0974407196
1248.30932617,-424.31036377
1199.28491211,-404.907928467
1248.65405273,-415.928039551
1181.49182129,0.196130603552
1234.69335938,5.9233622551
1234.52526855,1.89385020733
1186.8404541,-7.62152147293
1205.66833496,-396.603729248
1248.99853516,-407.548400879
1186.59143066,-13.4607543945
1186.59143066,-13.4607543945
1255.57727051,-405.262084961
1221.47167969,-20.0287952423
1227.76098633,-14.1314115524
1256.35302734,-386.333465576
1185.42773438,-40.7285385132
1195.07678223,-362.883239746
1195.16137695,-360.874908447
1184.4296875,-64.1243515015
1237.80566406,-67.0425415039
1183.93066406,-75.8304138184
1237.55236816,-73.1317214966
1252.26501465,-328.079986572
1252.6940918,-317.642089844
1166.38769531,-90.1740951538
1253.12280273,-307.208557129
1254.40844727,-275.933624268
1254.40844727,-275.933624268
1272.78039551,-144.322219849
1193.78051758,-253.510147095
1249.42004395,-241.471221924
1249.42004395,-241.471221924
1191.32751465,-173.201828003
1190.23693848,-198.903442383
1190.48864746,-192.970001221
1603.98156738,-720.791015625
1614.09472656,-727.748779297
1603.80126953,-726.12890625
1614.45666504,-717.011474609
1691.71606445,-675.333557129
1749.35571289,-693.966125488
1692.07507324,-664.166870117
1761.48181152,-692.615478516
1726.17529297,-676.703674316
1786.54870605,-678.124633789
1786.72717285,-672.257568359
1715.47570801,-647.051635742
1704.02062988,-645.836914062
1799.40563965,-667.792358398
1787.17224121,-657.595275879
1787.17224121,-657.595275879
1775.18652344,-644.618652344
1727.51940918,-634.08203125
1740.24182129,-603.834228516
1826.30664062,-622.855895996
1752.39343262,-596.19720459
1764.60473633,-591.354553223
1777.76574707,-560.319885254
1867.80493164,-556.426025391
1895.77856445,-530.215942383
1896.03979492,-521.000183105
1896.1262207,-517.928955078
1925.16894531,-478.452514648
1844.83032227,-435.463684082
1925.85803223,-453.60333252
1925.94396973,-450.498962402
1926.03063965,-447.394958496
1926.54675293,-428.778717041
1858.58789062,-414.387542725
1887.30786133,-347.199035645
1901.23547363,-337.38381958
1901.23547363,-337.38381958
1874.25231934,-332.808898926
1888.60473633,-301.786437988
1902.44262695,-294.730316162
1889.89990234,-256.455108643
1959.90026855,-256.190673828
1959.90026855,-256.190673828
1931.52099609,-249.522323608
1960.32434082,-240.581939697
1890.58947754,-232.311569214
1961.34179688,-203.160095215
1934.08007812,-157.299041748
1962.52685547,-159.571289062
1893.34143066,-135.967254639
1893.85644531,-117.943473816
1937.30761719,-40.9641990662
1856.55200195,-36.116771698
1910.23828125,-19.2233848572
1910.23828125,-19.2233848572
1896.85266113,-13.0609140396
1896.85266113,-13.0609140396
1896.85266113,-13.0609140396
1924.23120117,-10.314491272
1844.7220459,-0.864834427834
1910.91931152,4.85381937027
1897.53552246,10.8511295319
1911.08984375,10.8694200516
1911.34472656,19.8903808594
1845.41235352,22.4193439484
1845.41235352,22.4193439484
1833.57836914,51.2163848877
1834.00939941,65.6484680176
1834.09521484,68.5338134766
2651.70043945,-247.777206421
2757.26464844,-270.383544922
2784.96264648,-273.049041748
2813.60302734,-236.318328857
2677.77856445,-220.884185791
2785.8125,-194.972625732
2703.15087891,-286.322021484
2703.09814453,-290.548309326
2784.72680664,-294.779846191
2784.67871094,-299.128173828
4170.19970703,1022.11450195
4230.53027344,1030.11010742
4230.19384766,1048.65405273
4422.18408203,1055.51013184
4422.61230469,1036.14196777
4560.47851562,1040.47131348
4231.65185547,968.195800781
4706.49511719,1065.6640625
4782.86962891,1082.34216309
4213.26611328,1982.20568848
4273.86572266,2003.6282959
5048.03076172,-2098.67138672
5333.30859375,-2231.58349609
5331.34277344,-2179.85620117
5333.96240234,-2248.84765625
5540.79833984,-2307.7265625
5236.203125,-2225.21459961
5141.265625,-2185.75170898
5049.62792969,-2147.65966797
5137.55664062,-2077.77709961
5136.98876953,-2061.20458984
5879.32910156,-2352.49829102
5999.84912109,-2342.77246094
5998.86962891,-2323.41015625
6261.63427734,-2433.16210938
6261.63427734,-2433.16210938
5998.38037109,-2313.73461914
5029.92919922,1055.21386719
5030.18212891,1047.88500977
5030.43212891,1040.55371094
5301.90380859,1071.4810791
5302.21191406,1063.76489258
6808.71533203,-4312.71875
6810.91699219,-4347.39990234
