1286.85961914,320.571350098
1294.77502441,352.819519043
1301.63671875,360.590301514
1548.08764648,380.213104248
1537.66650391,344.510040283
1537.66650391,344.510040283
1549.95947266,426.140533447
1549.07324219,404.394897461
1549.07324219,404.394897461
1518.89355469,317.093170166
1510.04284668,313.089019775
1518.79516602,314.707122803
1526.95056152,299.546386719
1526.95056152,299.546386719
1550.35327148,435.799957275
1569.23059082,452.654663086
1535.19885254,284.213470459
1289.27404785,231.398071289
1289.27404785,231.398071289
1289.08764648,227.272842407
1289.08764648,227.272842407
1580.74499512,508.993804932
1590.98339844,531.430053711
1590.98339844,531.430053711
1611.58276367,572.036132812
1319.93408203,473.95614624
1319.93408203,473.95614624
1287.31079102,188.052429199
1532.13098145,209.264205933
1602.61047363,586.206359863
1621.94641113,590.164611816
1333.64587402,480.399139404
1286.84265137,177.72203064
1531.63513184,197.156661987
1549.79406738,199.208374023
1622.53894043,605.135986328
1286.28076172,165.320587158
1299.28405762,162.599594116
1292.4708252,157.734542847
1632.91516113,621.026306152
1623.13110352,620.09954834
1291.71972656,141.109695435
1297.9666748,133.369216919
1297.9666748,133.369216919
1633.21154785,628.547119141
1643.40332031,637.088684082
1356.81286621,537.985839844
1643.70007324,644.648010254
1350.33459473,548.135498047
1548.20166016,160.008117676
1357.56359863,554.92401123
1297.4017334,120.832504272
1302.7635498,91.944770813
1380.13293457,586.401611328
1302.38537598,83.5361557007
1380.6986084,599.268737793
1709.39648438,752.838195801
1563.95751953,92.1856231689
1563.25634766,74.7864303589
1326.0213623,1.28060674667
1326.0213623,1.28060674667
1743.97094727,811.014526367
1755.39477539,821.115234375
1755.39477539,821.115234375
1325.63928223,-7.31610393524
1767.64733887,850.020263672
1767.54870605,847.35168457
1454.08312988,739.931640625
1607.62219238,-20.6669082642
1779.74047852,871.202087402
1454.3692627,746.622436523
1791.67541504,884.535888672
1828.04858398,917.266967773
1840.66809082,933.967590332
1615.6619873,-69.9049453735
1615.56066895,-72.4900283813
1488.41320801,798.078857422
1497.7109375,824.954956055
1386.71057129,-109.27306366
1399.88696289,-160.590438843
1685.14941406,-167.591522217
1406.97753906,-177.49786377
1695.36755371,-187.68371582
1422.1796875,-193.309204102
1422.08093262,-195.627624512
1705.50976562,-213.509918213
1716.40258789,-223.129318237
1716.09362793,-231.39994812
1727.12268066,-241.193374634
1727.01953125,-243.968551636
1738.18725586,-253.903411865
1772.24243164,-293.022491455
1468.66015625,-269.161529541
1476.98986816,-275.45993042
1476.98986816,-275.45993042
1783.68347168,-312.140899658
1795.58752441,-322.84677124
1795.3807373,-328.624908447
1807.75195312,-330.785064697
1856.99633789,-393.488891602
1883.05639648,-414.008850098
1923.13769531,-456.700164795
1923.24206543,-453.601837158
1923.34558105,-450.50390625
1950.94750977,-481.980865479
1979.76269531,-501.607116699
1994.16943359,-521.271789551
1994.16943359,-521.271789551
2009.40991211,-521.799987793
1994.06555176,-524.486022949
1640.56994629,-490.190032959
1683.0814209,-513.245849609
1661.25878906,-509.734344482
1704.81030273,-533.559631348
2119.96826172,-607.553588867
2119.86547852,-610.96862793
2170.67285156,-660.16796875
2188.38183594,-668.857727051
1785.59155273,-601.538879395
1761.3223877,-593.833496094
2300.4128418,-735.08770752
1834.46887207,-662.514099121
2423.84326172,-815.973266602
1942.39733887,-740.94732666
2063.28759766,-825.357421875
2079.36621094,-838.316650391
2062.97558594,-835.458557129
2797.15917969,-1040.1192627
2181.36352539,-913.244995117
3114.47998047,-1228.96179199
2439.64770508,-1080.06933594
2461.98413086,-1093.55700684
3850.82495117,-1614.45458984
4327.89160156,-1857.26574707
4395.66943359,-1885.5949707
4537.77636719,-1959.54589844
4537.77636719,-1959.54589844
4850.44433594,-2106.73999023
3008.46142578,-1433.41125488
4200.17431641,-2095.47680664
3905.22924805,-1939.67077637
5030.17236328,-2530.68017578
5121.8203125,-2583.99316406
18845.5019531,-8576.74316406
16675.890625,-7490.31396484
20128.7851562,-9125.47851562
8006.50683594,-4031.9609375
8008.35791016,-4058.51318359
18946.5292969,-9010.94628906
10679.0322266,-5392.14648438
20227.7714844,-9520.75292969
20218.7246094,-9484.62109375
20282.2578125,-9738.37890625
9013.703125,-4574.94873047
19048.9257812,-9451.02539062
19056.8554688,-9485.12304688
