553.143005371,-33.4703826904
555.650146484,-17.2481822968
555.887390137,-13.1702756882
558.048095703,-3.00463032722
600.419555664,-52.7584075928
604.078491211,-20.1560955048
602.418457031,-17.9098186493
604.141113281,-19.0650043488
551.670043945,-85.6409606934
554.078674316,-98.3922653198
563.34954834,33.8530197144
602.580871582,-109.242088318
602.265808105,-114.741867065
614.82989502,41.1904525757
563.885498047,43.0730133057
619.077392578,51.2900123596
619.077392578,51.2900123596
551.142272949,-121.729980469
551.619445801,-113.525886536
603.24609375,-129.382110596
569.885253906,63.9275550842
604.041687012,-147.421325684
554.230529785,-150.520019531
622.321838379,75.7375717163
577.666564941,86.2695922852
552.53692627,-152.219970703
620.527770996,76.6768341064
624.567565918,82.5541992188
605.836914062,-180.459777832
555.95300293,-176.185287476
605.646118164,-183.800369263
635.509033203,109.273910522
556.94152832,-187.030609131
558.056152344,-195.840133667
608.291137695,-202.662902832
606.965270996,-193.20690918
608.738586426,-194.825256348
607.029052734,-192.090148926
644.555847168,132.925582886
557.814025879,-200.020095825
591.938720703,131.870162964
586.312805176,121.584007263
588.422241211,129.196487427
653.714050293,155.895980835
595.73236084,138.806304932
653.778869629,157.038070679
653.97265625,160.464157104
594.257751465,142.727905273
595.73236084,138.806304932
564.569396973,-225.72605896
658.263183594,165.828964233
658.457946777,169.271408081
562.631103516,-230.459121704
569.451171875,-257.861694336
618.293884277,196.57862854
626.602905273,-287.716674805
569.019165039,-265.348114014
568.957397461,-266.417816162
681.171081543,207.595306396
628.159851074,-295.437927246
624.421325684,208.877624512
626.337158203,210.460617065
631.563293457,-306.336517334
688.100097656,217.462982178
574.804199219,-284.160461426
632.832580566,227.388580322
638.413024902,-329.664611816
697.953979492,238.838790894
578.732971191,-306.953094482
702.75592041,246.084976196
581.804626465,-315.042297363
581.804626465,-315.042297363
707.338806152,248.571487427
707.338806152,248.571487427
709.952636719,255.279754639
649.676147461,-353.013519287
710.08770752,257.703796387
712.309265137,257.162017822
653.649780273,258.874176025
655.640563965,259.504638672
586.532531738,-326.223968506
653.778015137,261.132720947
586.153076172,-332.84286499
651.014709473,-367.205749512
666.264831543,271.875518799
657.185791016,-372.64276123
664.286743164,272.348999023
671.161804199,287.045959473
589.046325684,-345.599487305
677.617614746,292.684387207
664.86151123,-392.707092285
666.892944336,-396.254669189
760.813964844,316.693725586
760.743835449,315.414916992
679.320617676,-417.956329346
602.14642334,-376.427337646
603.926452637,-378.524536133
603.926452637,-378.524536133
776.913818359,331.154144287
779.710449219,334.699554443
700.605285645,325.211212158
702.83001709,326.052490234
779.852661133,337.307495117
694.498352051,-441.659393311
714.672424316,339.996063232
615.725280762,-409.692749023
719.484375,345.434692383
717.240600586,345.736816406
624.883911133,-424.455993652
703.506958008,-454.525512695
796.83203125,356.404815674
734.029541016,358.403289795
734.166320801,360.871734619
736.705505371,364.318817139
739.190124512,366.543762207
822.932800293,376.807525635
640.233764648,-445.543151855
638.060852051,-446.739471436
643.801879883,-457.577667236
632.277404785,-438.44241333
841.258361816,393.34664917
841.258361816,393.34664917
759.708374023,387.329376221
736.663452148,-503.330871582
853.580322266,399.568786621
762.390197754,390.947143555
744.038452148,-516.075195312
746.601074219,-519.010742188
746.526977539,-520.37512207
665.945068359,-493.892974854
665.875854492,-495.134521484
792.126403809,417.691925049
674.30279541,-508.222625732
889.43572998,423.685394287
889.43572998,423.685394287
678.727355957,-512.351013184
676.473937988,-510.910736084
786.904174805,-566.701965332
841.496276855,452.907745361
715.182312012,-561.661804199
872.800048828,471.292388916
889.170043945,480.206207275
724.818054199,-575.054992676
737.503540039,-586.472290039
734.759155273,-587.414489746
952.297241211,506.235656738
982.676940918,513.960205078
1004.00341797,468.452423096
1014.74572754,520.512512207
1033.44604492,478.700805664
1075.67358398,534.230651855
1214.30859375,575.680969238
1214.30859375,575.680969238
1159.9329834,570.764404297
1022.0246582,-741.080627441
1265.39880371,536.844055176
1271.55932617,537.205749512
1271.55932617,537.205749512
1165.51391602,468.358520508
1108.54919434,-839.160766602
1113.95043945,-840.822143555
1156.57373047,608.479736328
1296.39709473,530.562561035
1309.34802246,531.24786377
1170.11816406,453.549957275
1164.63098145,449.861419678
1130.52514648,-843.913208008
1156.66125488,610.296813965
1162.03234863,614.579223633
1315.91381836,531.595153809
1322.35461426,527.807861328
1322.26135254,525.738586426
1220.0793457,455.368499756
1176.81213379,-853.922912598
1157.18444824,621.196411133
1355.96704102,518.918029785
1163.48278809,425.796875
1127.87231445,-781.206359863
1138.92126465,-786.067565918
1122.37231445,-779.785522461
1212.22631836,650.958862305
1212.58251953,658.526306152
1206.55371094,-879.939697266
1251.36633301,-900.663574219
1152.89941406,638.606018066
1152.89941406,638.606018066
1333.64587402,480.399139404
1173.52062988,412.463867188
1258.05163574,-902.802612305
1251.17077637,-904.997558594
1251.17077637,-904.997558594
1200.05505371,-884.244812012
1153.24694824,645.835449219
1224.05334473,416.561187744
1167.63830566,401.482269287
1263.91796875,-924.658081055
1256.68103027,-933.301208496
1158.57885742,650.240905762
1153.59484863,653.063293457
1223.96289062,414.619567871
1308.65905762,-873.354370117
1360.62341309,465.928619385
1172.63244629,393.773834229
1205.10998535,-911.414794922
1198.99816895,-907.223083496
1316.17883301,-868.664001465
1316.17883301,-868.664001465
1381.96044922,463.902893066
1211.55273438,395.726989746
1323.57165527,-868.468505859
1205.80310059,-759.234008789
1205.80310059,-759.234008789
1388.86401367,455.235931396
1396.21838379,455.230072021
1396.21838379,455.230072021
1403.64648438,455.224304199
1222.87634277,391.310424805
1166.13037109,369.82220459
1171.38781738,367.586639404
1338.47631836,-870.364562988
1250.28552246,-775.869995117
1228.24975586,381.26385498
1304.27355957,-808.703125
1263.7154541,-776.798950195
1369.48828125,-867.254760742
1200.30419922,-743.346740723
1377.51257324,-864.6953125
1257.50415039,-764.468322754
1393.29785156,-871.368530273
1251.3527832,-752.257080078
1257.89245605,-755.843139648
1257.98999023,-753.687072754
1425.70458984,439.585418701
1164.97607422,345.587097168
1410.12255859,-861.389160156
1169.96386719,337.628112793
1348.88806152,-805.737487793
1348.88806152,-805.737487793
1426.88439941,-860.896118164
1426.98596191,-858.473022461
1524.58764648,455.129211426
1524.58764648,455.129211426
1169.69665527,332.007354736
1258.86413574,-734.291259766
1550.35327148,435.799957275
1380.02868652,-806.005737305
1461.68139648,-854.930175781
1470.35595703,-859.617614746
1380.12939453,-803.660644531
1214.60949707,-704.319946289
1214.60949707,-704.319946289
1214.60949707,-704.319946289
1214.41845703,-708.488891602
1208.3815918,-703.158325195
1202.87585449,-687.552246094
1568.34204102,430.691040039
1173.65551758,301.357543945
1470.86889648,-847.18182373
1568.24377441,428.249664307
1577.4864502,428.094116211
1479.63793945,-851.851318359
1530.69238281,390.604095459
1429.52832031,-797.965698242
1548.08764648,380.213104248
1177.83129883,274.201171875
1223.70031738,283.468078613
1455.6541748,-788.844177246
1566.0682373,374.482910156
1223.42675781,277.589385986
1217.33728027,272.5184021
1171.59851074,257.99697876
1229.20300293,274.830871582
1464.54650879,-785.739868164
1262.35449219,-656.840209961
1633.66918945,389.007781982
1222.78845215,263.867645264
1536.19921875,-834.459655762
1526.41149902,-840.005981445
1526.41149902,-840.005981445
1536.40649414,-829.295959473
1546.1986084,-826.256896973
1555.89196777,-828.404663086
1482.51171875,-781.926086426
1200.36047363,-608.48638916
1206.39147949,-611.270935059
1206.39147949,-611.270935059
1176.03747559,236.303604126
1586.37011719,-816.410827637
1586.47424316,-813.756774902
1694.02722168,349.723358154
1694.02722168,349.723358154
1693.9263916,347.086517334
1175.4987793,224.924331665
1175.3190918,221.130172729
1233.10656738,230.489456177
1258.50769043,-593.914611816
1714.9954834,332.42880249
1196.45983887,-560.876403809
1252.49414062,-580.49230957
1196.64880371,-556.80267334
1670.44848633,285.751953125
1691.10766602,273.153137207
1231.17944336,188.868927002
1579.24853516,-740.50201416
1599.53649902,-741.236755371
1253.93579102,-548.66595459
1260.62683105,-547.010070801
1701.52453613,264.078765869
1757.30175781,263.64630127
1193.44628906,-495.548370361
1780.60241699,264.021057129
1780.29821777,255.691207886
1193.63366699,-491.501739502
1193.82141113,-487.455993652
1722.34020996,234.813293457
1791.50732422,237.660934448
1803.06799316,225.022674561
1257.4855957,-470.313446045
1743.27978516,193.875488281
1196.26025391,-434.911743164
1202.29541016,-434.86138916
1196.35375977,-432.892944336
1754.46252441,186.759124756
1754.46252441,186.759124756
1233.08679199,99.8756484985
1258.44348145,-449.174438477
1232.34777832,83.8824539185
1238.44775391,84.2175674438
1238.07739258,76.1819534302
1246.46472168,-426.125640869
1197.57165527,-406.659423828
1246.8458252,-417.758361816
1203.98474121,-398.381500244
1247.22668457,-409.393676758
1253.8092041,-407.124084473
1862.08398438,127.214775085
1799.09838867,115.020042419
1254.66723633,-388.227752686
1798.89416504,109.367225647
1811.01159668,107.158226013
1810.90942383,104.313194275
1235.85266113,27.9198093414
1193.54711914,-364.6925354
1193.64038086,-362.68737793
1241.62988281,19.9181079865
1181.51953125,-1.86285459995
1234.73925781,3.7574660778
1234.55322266,-0.271619677544
1186.8338623,-9.69076633453
1186.56018066,-15.5290384293
1186.56018066,-15.5290384293
1221.40661621,-22.1664562225
1227.72045898,-16.2823066711
1250.8392334,-330.051971436
1251.31396484,-319.62890625
1185.28063965,-42.7904930115
1251.78808594,-309.209747314
1184.18249512,-66.1786804199
1237.53173828,-69.2028961182
1183.63330078,-77.8801116943
1237.25195312,-75.2896575928
1253.21032715,-277.975128174
1253.21032715,-277.975128174
1192.72009277,-255.455963135
1166.03491211,-92.1833724976
1248.37683105,-243.540084839
1248.37683105,-243.540084839
1189.41210938,-200.893630981
1189.68933105,-194.965499878
1272.1541748,-146.51663208
1190.61193848,-175.214431763
1600.0567627,-727.927978516
1610.32531738,-729.563049316
1621.33850098,-715.067565918
1688.09301758,-677.450439453
1745.5423584,-696.142700195
1688.5111084,-666.315124512
1757.65661621,-694.819458008
1722.49169922,-678.883666992
1782.76245117,-680.418579102
1782.97167969,-674.567993164
1711.96630859,-649.291870117
1700.53515625,-648.058105469
1795.6550293,-670.140014648
1783.49633789,-659.946960449
1783.49633789,-659.946960449
1771.59997559,-646.981994629
1724.06164551,-636.380249023
1822.76293945,-625.376403809
1749.10229492,-598.640441895
1761.3223877,-593.833496094
1786.74169922,-569.465515137
1864.57312012,-559.190612793
1892.6583252,-533.095092773
1892.97094727,-523.900085449
1893.07507324,-520.83581543
1922.30627441,-481.49887085
1842.3046875,-438.434844971
1923.13769531,-456.700164795
1923.24206543,-453.601837158
1923.34558105,-450.50390625
1923.96838379,-431.923248291
1856.16516113,-417.423797607
1869.6784668,-411.20892334
1885.23522949,-350.400909424
1899.20581055,-340.627471924
1899.20581055,-340.627471924
1872.27282715,-336.00579834
1886.78845215,-305.054321289
1900.65478516,-298.034729004
1888.33984375,-259.780426025
1958.28833008,-259.655426025
1958.28833008,-259.655426025
1929.96936035,-252.938156128
1958.80310059,-244.064743042
1889.1661377,-235.664276123
1960.03723145,-206.682128906
1891.33154297,-172.457626343
1904.98828125,-170.641906738
1933.05773926,-160.804397583
1961.47546387,-163.131744385
1892.46398926,-139.405883789
1893.08093262,-121.394111633
1936.95568848,-44.5339546204
1856.25366211,-39.5257873535
1910.01940918,-22.7434921265
1910.01940918,-22.7434921265
1896.67236328,-16.5551948547
1896.67236328,-16.5551948547
1896.67236328,-16.5551948547
1924.05993652,-13.8640346527
1844.62475586,-4.25589609146
1910.83837891,1.32930576801
1897.49157715,7.35305833817
1911.04309082,7.34417152405
1911.3494873,16.3642234802
1845.44421387,19.0257320404
1845.44421387,19.0257320404
1833.77331543,47.8482170105
1834.28466797,62.281463623
1834.38696289,65.1671981812
2650.17797852,-223.675720215
2811.42382812,-241.501861572
2783.96606445,-200.143814087
2754.88183594,-275.414703369
2782.53369141,-278.131713867
2703.20483398,-164.902618408
2729.80273438,-166.528610229
2700.70166016,-291.225311279
2700.6184082,-295.445831299
2782.13549805,-299.833618164
2782.05615234,-304.175872803
3848.68286133,1950.23547363
3848.69946289,1922.94458008
3899.25805664,1947.23046875
4004.46118164,1958.0045166
4004.49951172,1946.65246582
4059.21704102,1960.73510742
4173.33251953,1966.4263916
4232.68457031,1987.37524414
4232.73046875,1981.38256836
4173.44921875,1948.68334961
4173.44921875,1948.68334961
4293.75976562,2002.83886719
4179.61474609,1015.85290527
4240.11328125,1023.75268555
4239.97070312,1042.36950684
4432.31591797,1048.8494873
4301.89941406,1082.19775391
4432.53466797,1029.40515137
4570.64453125,1033.46179199
4180.01904297,954.563720703
4240.59130859,961.605957031
4717.14794922,1058.44616699
4793.82324219,1075.0300293
4303.12646484,943.598449707
4303.29394531,924.643920898
4241.16894531,886.844116211
4241.74755859,811.879211426
4304.30273438,810.644775391
4241.89160156,793.105773926
4241.89160156,793.105773926
4304.35791016,804.297241211
4303.96533203,848.696655273
4241.74755859,811.879211426
4356.90234375,1987.92602539
4356.96289062,1981.75720215
4421.47070312,2016.36743164
4357.08642578,1969.41564941
4370.05371094,673.803588867
4370.11962891,667.331237793
4441.38232422,240.169067383
4441.75537109,206.792297363
4441.75537109,206.792297363
4442.50439453,139.918563843
4442.57958984,133.222412109
4511.87255859,121.503433228
4443.18115234,79.5950927734
4628.58349609,1989.13049316
4776.58300781,2043.84399414
4700.95605469,2045.9744873
4828.09179688,-850.689453125
4828.49365234,-873.178527832
4829.16162109,-910.699279785
4829.83007812,-948.270080566
4830.23046875,-970.835998535
4831.03417969,-1016.02160645
4831.17041016,-1023.56005859
4831.17041016,-1023.56005859
4831.43701172,-1038.64172363
4833.18505859,-1136.86889648
4834.66992188,-1220.24841309
4834.80419922,-1227.84033203
4922.77783203,-1496.73937988
4923.67578125,-1543.51721191
4923.67578125,-1543.51721191
5021.21923828,-2098.91845703
5303.41699219,-2231.15136719
5302.10791016,-2179.89599609
5303.85449219,-2248.2565918
5508.83007812,-2306.95117188
5206.90234375,-2224.66552734
5112.93994141,-2185.39233398
5022.22509766,-2147.47631836
5110.55615234,-2078.37011719
5110.19042969,-2061.93969727
5844.90234375,-2351.90112305
5966.29394531,-2380.87573242
5964.87890625,-2342.48730469
6223.89794922,-2432.44677734
6223.89794922,-2432.44677734
5964.17285156,-2323.31225586
5963.81982422,-2313.72973633
5040.90820312,1047.27539062
5041.07373047,1039.91760254
5041.23828125,1032.55810547
5313.45117188,1063.03466797
5219.95947266,1037.29345703
5313.66162109,1055.28771973
5769.32763672,-177.730438232
5769.93457031,-195.179000854
5771.75488281,-247.58972168
5772.66992188,-273.831817627
6047.71533203,-1257.65551758
6048.08203125,-1267.07873535
6738.95166016,-4286.83544922
6740.60009766,-4320.90869141
