554.224731445,-33.6795272827
556.704040527,-17.4211559296
556.932922363,-13.3347272873
559.078552246,-3.14700508118
601.744689941,-52.9927749634
605.338500977,-20.3103904724
603.66583252,-18.0598068237
605.398803711,-19.2167549133
552.865722656,-85.9748153687
602.978637695,-96.1419754028
562.551330566,30.6525802612
560.909912109,29.5796051025
555.313781738,-98.7587738037
564.31463623,33.7835159302
600.038391113,-116.742630005
615.982177734,41.1721992493
564.830749512,43.020111084
616.344238281,47.7799453735
552.418640137,-122.160751343
552.879089355,-113.933769226
570.804382324,63.9136276245
600.802429199,-135.766265869
598.951599121,-136.515625
603.923461914,-145.328155518
555.586669922,-151.034500122
623.417602539,75.7879333496
578.561462402,86.2965393066
553.889526367,-152.739654541
621.613830566,76.7271347046
625.655090332,82.6179428101
607.50378418,-181.072769165
557.376037598,-176.779785156
607.320251465,-184.42477417
636.572692871,109.390487671
558.394165039,-187.660446167
559.534423828,-196.499359131
610.02557373,-203.353988647
608.669311523,-193.864151001
608.730651855,-192.743621826
641.491577148,129.076934814
559.300720215,-200.693313599
612.944824219,-219.095840454
592.776489258,131.971908569
587.154907227,121.667198181
589.253601074,129.29119873
614.385192871,-227.596099854
646.02532959,141.017196655
596.567138672,138.920425415
614.26159668,-229.862915039
654.729614258,156.097366333
595.077636719,142.84475708
596.567138672,138.920425415
566.147766113,-226.490310669
615.833251953,-236.141876221
654.791442871,157.240997314
654.977416992,160.671554565
566.029846191,-228.614364624
659.270690918,166.048049927
659.457092285,169.494857788
567.324584961,-235.558609009
661.620422363,172.211761475
571.128356934,-258.746704102
628.647338867,-288.74786377
570.712036133,-266.261749268
570.652648926,-267.335510254
619.067504883,196.778167725
630.232849121,-296.502990723
682.158935547,207.890365601
633.682983398,-307.450897217
625.186157227,209.095703125
627.104736328,210.682495117
682.537475586,214.952484131
682.537475586,214.952484131
682.537475586,214.952484131
682.537475586,214.952484131
576.570556641,-285.151153564
640.631530762,-330.888244629
633.580749512,227.632110596
580.573852539,-308.039855957
698.923461914,239.187057495
583.680419922,-316.165100098
583.680419922,-316.165100098
645.990966797,-347.90625
703.724853516,246.446472168
710.925476074,255.659576416
588.459899902,-327.398101807
647.475036621,-359.636962891
654.392150879,259.168487549
656.38861084,259.802337646
711.054138184,258.085754395
713.286499023,257.547119141
588.155395508,-332.937713623
653.404602051,-368.616851807
654.514648438,261.428375244
659.626647949,-374.085845947
667.019226074,272.196655273
665.032592773,272.667175293
591.034301758,-346.861572266
735.711791992,286.212677002
671.893676758,287.382202148
667.40246582,-394.258026123
669.455749512,-397.825653076
678.358459473,293.033782959
601.026977539,-367.998718262
608.067749023,-378.640625
682.019592285,-419.653564453
761.821350098,317.199462891
696.473571777,315.64541626
606.076416016,-379.951629639
606.076416016,-379.951629639
767.246765137,324.121490479
772.733825684,331.121734619
780.744934082,335.249237061
701.342651367,325.611785889
703.573730469,326.457336426
697.359863281,-443.502532959
780.879882812,337.858703613
618.020141602,-411.284484863
715.422180176,340.426055908
627.26953125,-426.13269043
720.108520508,343.444732666
720.237243652,345.875091553
797.874389648,356.996795654
727.525085449,353.546234131
734.801818848,358.873657227
734.931945801,361.342803955
737.471069336,364.795379639
739.958984375,367.02545166
642.76574707,-447.348114014
640.582824707,-448.548522949
824.02746582,377.458953857
646.387023926,-459.452514648
739.986816406,-505.587921143
842.383728027,394.041259766
842.383728027,394.041259766
760.497558594,387.854370117
747.451904297,-518.421875
750.041442871,-521.379516602
749.97076416,-522.752258301
763.179260254,391.477600098
668.766357422,-496.000823975
861.215698242,407.007293701
861.215698242,407.007293701
792.955932617,418.285369873
681.682128906,-514.585632324
890.688537598,424.4921875
890.688537598,424.4921875
790.788024902,-569.443725586
718.524963379,-564.258483887
842.425720215,453.609649658
873.809448242,472.065582275
890.225097656,481.017669678
728.268310547,-577.755065918
741.079162598,-589.269165039
953.568786621,507.200134277
984.078186035,515.001220703
1016.29498291,521.635620117
1035.26611328,479.859069824
889.933349609,-659.212646484
1077.51721191,535.513793945
1216.85791016,577.351928711
1216.85791016,577.351928711
1028.60229492,-745.645385742
1162.14257812,572.283325195
1100.39831543,-837.932617188
1268.49389648,538.626342773
1274.69848633,539.004516602
1274.69848633,539.004516602
1168.21459961,469.824645996
1133.16015625,-846.004394531
1133.07446289,-847.99420166
1138.68444824,-849.721557617
1299.67224121,530.385925293
1299.75500488,532.419433594
1312.80236816,533.139465332
1172.91625977,455.010803223
1167.40759277,451.305389404
1325.92736816,529.729370117
1325.84387207,527.657348633
1185.54431152,-859.956787109
1163.98156738,614.285461426
1164.06115723,616.110107422
1158.59570312,609.994567871
1223.2253418,456.947387695
1135.72924805,-786.389343262
1146.92126465,-791.324401855
1130.16271973,-784.941772461
1359.8536377,520.914855957
1159.15405273,622.712646484
1215.75585938,-886.327453613
1261.21044922,-907.401306152
1203.42590332,656.582580566
1222.16003418,431.803497314
1267.98950195,-909.583251953
1261.03344727,-911.782775879
1261.03344727,-911.782775879
1209.19934082,-890.66027832
1260.50195312,-924.93157959
1203.74841309,664.084594727
1159.87109375,639.054138184
1337.54614258,482.283325195
1176.52648926,413.879394531
1267.01428223,-933.806091309
1266.74841309,-940.416625977
1209.66357422,672.509765625
1227.40930176,418.092407227
1170.65112305,402.86907959
1207.49804688,-779.677062988
1319.08776855,-879.953430176
1160.26940918,648.127746582
1209.90551758,678.156799316
1209.90551758,678.156799316
1227.3269043,416.147338867
1214.44030762,-918.136901855
1208.23596191,-913.882202148
1207.58508301,-777.585998535
1213.7409668,-781.185302734
1326.67993164,-875.232177734
1326.67993164,-875.232177734
1160.42834473,651.756164551
1364.81896973,467.852935791
1175.71557617,395.159301758
1334.16638184,-875.054870605
1214.43774414,-764.386962891
1214.43774414,-764.386962891
1386.34655762,465.873962402
1214.91125488,397.196929932
1174.98486328,378.29864502
1349.27233887,-877.012634277
1265.97717285,-789.403686523
1259.51977539,-781.292724609
1400.77307129,457.21774292
1400.77307129,457.21774292
1408.26464844,457.229125977
1226.34020996,392.796325684
1174.57849121,368.926269531
1314.32470703,-814.595397949
1380.6730957,-873.953063965
1373.08532715,-864.733581543
1208.8026123,-748.333007812
1388.78930664,-871.38671875
1266.76940918,-769.793640137
1260.48657227,-757.446472168
1267.12145996,-761.082946777
1267.20910645,-758.905578613
1174.09082031,357.674377441
1173.92871094,353.922698975
1421.8157959,-868.132141113
1359.48681641,-811.709960938
1359.48681641,-811.709960938
1438.80187988,-867.678955078
1438.89160156,-865.22857666
1184.34777832,341.705718994
1173.27807617,338.909698486
1268.0,-739.3203125
1530.31738281,457.41506958
1530.31738281,457.41506958
1173.03381348,333.277252197
1391.03125,-812.058837891
1474.04272461,-861.738647461
1223.09069824,-708.965026855
1223.09069824,-708.965026855
1223.09069824,-708.965026855
1222.91625977,-713.172729492
1216.78637695,-707.779052734
1211.14611816,-692.015869141
1556.44677734,438.094665527
1483.31420898,-853.926391602
1574.64453125,433.012145996
1177.15905762,302.570007324
1492.23181152,-858.673095703
1574.55944824,430.563537598
1441.14038086,-804.054504395
1458.66650391,-797.981384277
1536.85131836,392.72869873
1228.00317383,292.580108643
1467.3885498,-799.861450195
1485.2947998,-798.664306641
1611.60473633,402.45111084
1181.48828125,275.357940674
1227.67224121,284.72354126
1476.56359863,-791.780273438
1264.60595703,-655.821777344
1554.48022461,382.342132568
1227.4239502,278.829467773
1221.30993652,273.735321045
1175.28063965,259.103790283
1549.49279785,-841.229736328
1549.67333984,-836.006958008
1559.58837891,-832.958129883
1572.67834473,376.630462646
1226.84448242,265.070739746
1494.75292969,-787.967895508
1208.23901367,-612.235168457
1214.34899902,-615.054504395
1214.34899902,-615.054504395
1179.85058594,237.360916138
1600.37438965,-820.415649414
1265.91711426,-623.478271484
1214.95373535,-600.521911621
1214.95373535,-600.521911621
1541.93688965,-779.364257812
1600.55371094,-815.047302246
1179.35925293,225.94984436
1179.19494629,222.144882202
1266.96484375,-597.63494873
1204.07788086,-564.21295166
1260.81921387,-584.085021973
1204.24975586,-560.105529785
1712.42016602,332.770111084
1236.56994629,211.742431641
1592.60571289,-746.310852051
1613.19152832,-747.09967041
1261.86352539,-558.403503418
1678.72192383,287.764160156
1700.1237793,288.420654297
1235.65393066,189.863464355
1177.3894043,180.250488281
1262.12463379,-551.987365723
1699.6973877,275.145751953
1710.29296875,266.04788208
1766.7364502,265.702911377
1207.08325195,-492.43371582
1766.39831543,254.679443359
1207.25463867,-488.338592529
1731.54089355,236.679367065
1201.50268555,-480.004486084
1801.53405762,239.644424438
1777.39916992,231.228988647
1258.2052002,-485.609863281
1251.91320801,-479.095672607
1789.1394043,227.029510498
1185.57470703,110.49331665
1185.57470703,110.49331665
1203.29870605,-437.25213623
1209.39562988,-437.207702637
1203.3840332,-435.218231201
1259.41772461,-455.910766602
1237.99487305,100.557777405
1237.32470703,84.5014572144
1183.67236328,66.1071548462
1183.67236328,66.1071548462
1253.98742676,-428.452575684
1204.49414062,-408.792877197
1254.33251953,-420.02230835
1210.93444824,-400.460968018
1254.67773438,-411.595153809
1799.34338379,166.462356567
1261.3190918,-409.314941406
1873.77380371,128.678405762
1241.12341309,28.3087329865
1200.2364502,-366.523895264
1200.32189941,-364.504943848
1810.04138184,116.344169617
1240.87072754,22.2434558868
1809.87231445,110.657646179
1822.16210938,108.44770813
1822.07824707,105.585533142
1197.95751953,-1.72379684448
1240.11352539,4.03818559647
1239.94482422,-0.00926857721061
1191.84594727,-9.4981212616
1191.59558105,-15.3627080917
1191.59558105,-15.3627080917
1226.78149414,-22.0122737885
1233.12512207,-16.0974140167
1257.95019531,-331.684753418
1238.59631348,-32.4141540527
1258.37976074,-321.190124512
1190.42822266,-42.7495002747
1244.62756348,-36.6690406799
1238.25915527,-40.5222930908
1258.80932617,-310.70010376
1244.03637695,-50.9265861511
1243.95153809,-52.9641342163
1195.20129395,-66.573059082
1195.11779785,-68.5409698486
1243.27514648,-69.2703857422
1253.33764648,-286.278778076
1247.15161133,-280.779724121
1243.02160645,-75.388053894
1247.57922363,-270.402587891
1198.9029541,-256.568908691
1171.23498535,-92.3860549927
1255.05004883,-244.598434448
1255.05004883,-244.598434448
1256.24731445,-215.465423584
1256.3326416,-213.385848999
1278.59790039,-146.99446106
1195.56774902,-195.716629028
1196.40966797,-175.853210449
1613.63818359,-733.643920898
1624.0657959,-735.319763184
1635.15112305,-720.687194824
1702.65551758,-682.792236328
1761.09790039,-701.812072754
1703.00976562,-671.535400391
1773.39135742,-700.499206543
1773.4786377,-697.575866699
1737.58178711,-684.310791016
1786.10058594,-690.34564209
1749.9230957,-671.36932373
1774.26550293,-671.283081055
1726.70727539,-654.370483398
1786.62414551,-672.708312988
1799.05419922,-677.109436035
1799.40209961,-665.281433105
1799.40209961,-665.281433105
1787.23449707,-652.147827148
1738.9005127,-641.340209961
1825.52709961,-647.154846191
1839.05200195,-630.395019531
1764.0736084,-603.236328125
1776.44763184,-598.3984375
1802.09301758,-573.810852051
1881.06738281,-563.547180176
1909.66992188,-527.916381836
1909.75390625,-524.819396973
1884.0369873,-456.656951904
1870.60986328,-453.567962646
1870.77941895,-447.515197754
1925.50097656,-463.066802979
1911.85742188,-447.520751953
1926.33764648,-431.988616943
1940.50634766,-435.012145996
1898.82446289,-416.874938965
1871.54394531,-420.296600342
1885.2208252,-414.033905029
1900.59033203,-352.649749756
1914.70593262,-342.793609619
1914.70593262,-342.793609619
1928.83959961,-338.995147705
1928.83959961,-338.995147705
1957.43444824,-340.651275635
1915.20739746,-324.359924316
1901.84863281,-306.87991333
1929.58850098,-311.167541504
1929.58850098,-311.167541504
1958.09436035,-315.573394775
1915.87536621,-299.803741455
1916.12561035,-290.601501465
1903.10437012,-261.197875977
1930.91796875,-261.776092529
1945.31506348,-254.310302734
1945.39758301,-251.206817627
1931.41540527,-243.280670166
1974.52844238,-245.3671875
1903.77319336,-236.869766235
1931.91271973,-224.799499512
1960.56262207,-221.76524353
1918.12463379,-217.112335205
1946.38793945,-213.995223999
1932.32678223,-209.409515381
1932.5748291,-200.180252075
1932.82312012,-190.954544067
1946.96496582,-192.315200806
1961.30114746,-193.694580078
1905.52539062,-173.126296997
1919.37084961,-171.296432495
1933.48498535,-166.370162964
1947.78820801,-161.378067017
1920.03466797,-146.897155762
1920.20056152,-140.801208496
1906.44152832,-139.804824829
1962.69335938,-140.762405396
1906.94055176,-121.649223328
1846.13232422,66.2183151245
1846.04882812,63.3139381409
1845.62939453,48.7871665955
1897.7755127,37.9282226562
1884.39587402,37.7322044373
1884.22937012,31.8014392853
1857.65539551,19.7820472717
1857.65539551,19.7820472717
1924.49731445,17.1459465027
1910.50646973,8.06259441376
1924.24963379,8.0621471405
1924.08508301,2.00427556038
1869.51965332,-21.4474925995
1909.8449707,-16.0162734985
1909.8449707,-16.0162734985
1909.8449707,-16.0162734985
1923.42565918,-22.2424736023
1923.42565918,-22.2424736023
1895.61621094,-39.7995452881
1882.22937012,-39.4837226868
1937.60437012,-13.2909765244
1909.09899902,-43.1341934204
1922.84802246,-43.4788017273
1922.84802246,-43.4788017273
2704.73339844,-201.837463379
2814.65039062,-201.197738647
2704.46264648,-227.147094727
2843.13647461,-243.063537598
2785.70214844,-277.371673584
2813.98754883,-280.135437012
3876.73510742,1967.05322266
3928.48291016,1964.45227051
4035.95361328,1976.09106445
4036.15844727,1964.72387695
4091.96240234,1979.2701416
4208.76074219,1985.90039062
4269.27197266,2007.37780762
4269.41210938,2001.37353516
4291.30517578,1057.36828613
4291.73876953,1038.58874512
4489.19091797,1064.80200195
4489.72900391,1045.17407227
4632.00976562,1049.90673828
4293.19287109,975.881591797
4782.74511719,1075.83007812
4861.63085938,1092.95288086
4361.13183594,823.678222656
4361.2890625,817.26373291
5155.58691406,-2152.64501953
5453.87646484,-2291.84106445
5451.48681641,-2238.70947266
5454.67480469,-2309.57714844
5352.50878906,-2284.32226562
5253.27001953,-2242.87329102
5157.55224609,-2202.89599609
5117.58398438,1066.0579834
5117.88964844,1058.61437988
6150.51855469,-2383.18017578
6151.10693359,-2393.1484375
6152.28076172,-2413.09765625
