frame-000.yuv.gz, 0, -1, -1, -1, -1, -1, -1, -1, -1
frame-001.yuv.gz, 0, -1, -1, -1, -1, -1, -1, -1, -1
frame-002.yuv.gz, 0, -1, -1, -1, -1, -1, -1, -1, -1
frame-003.yuv.gz, 0, -1, -1, -1, -1, -1, -1, -1, -1
frame-004.yuv.gz, 0, -1, -1, -1, -1, -1, -1, -1, -1
frame-005.yuv.gz, 0, -1, -1, -1, -1, -1, -1, -1, -1
frame-006.yuv.gz, 0, -1, -1, -1, -1, -1, -1, -1, -1
frame-007.yuv.gz, 0, -1, -1, -1, -1, -1, -1, -1, -1
frame-008.yuv.gz, 0, -1, -1, -1, -1, -1, -1, -1, -1
frame-009.yuv.gz, 0, -1, -1, -1, -1, -1, -1, -1, -1
frame-010.yuv.gz, 0, -1, -1, -1, -1, -1, -1, -1, -1
frame-011.yuv.gz, 0, -1, -1, -1, -1, -1, -1, -1, -1
frame-012.yuv.gz, 0, -1, -1, -1, -1, -1, -1, -1, -1
frame-013.yuv.gz, 0, -1, -1, -1, -1, -1, -1, -1, -1
frame-014.yuv.gz, 0, -1, -1, -1, -1, -1, -1, -1, -1
frame-015.yuv.gz, 0, -1, -1, -1, -1, -1, -1, -1, -1
frame-016.yuv.gz, 1, 355, 68, 421, 72, -1, -1, -1, -1
frame-017.yuv.gz, 1, 499, 114, 552, 118, -1, -1, -1, -1
frame-018.yuv.gz, 1, 536, 113, 592, 118, -1, -1, -1, -1
frame-019.yuv.gz, 1, 595, 112, 652, 114, -1, -1, -1, -1
frame-020.yuv.gz, 1, 593, 123, 655, 125, -1, -1, -1, -1
frame-021.yuv.gz, 1, 568, 145, 630, 145, -1, -1, -1, -1
frame-022.yuv.gz, 2, 514, 166, 581, 172, -1, -1, -1, -1
frame-023.yuv.gz, 2, 514, 166, 581, 172, -1, -1, -1, -1
frame-024.yuv.gz, 1, 522, 133, 567, 137, -1, -1, -1, -1
frame-025.yuv.gz, 1, 514, 142, 566, 145, -1, -1, -1, -1
frame-026.yuv.gz, 1, 443, 138, 502, 141, -1, -1, -1, -1
frame-027.yuv.gz, 2, 377, 178, 436, 177, -1, -1, -1, -1
frame-028.yuv.gz, 2, 286, 301, 340, 301, 1222, 306, 1271, 316
frame-029.yuv.gz, 2, 163, 395, 221, 394, 1080, 394, 1154, 403
frame-030.yuv.gz, 2, 84, 423, 139, 420, 1009, 415, 1069, 417
frame-031.yuv.gz, 1, 887, 428, 949, 432, -1, -1, -1, -1
frame-032.yuv.gz, 1, 804, 420, 868, 420, -1, -1, -1, -1
frame-033.yuv.gz, 1, 762, 450, 825, 450, -1, -1, -1, -1
frame-034.yuv.gz, 1, 720, 461, 782, 463, -1, -1, -1, -1
frame-035.yuv.gz, 1, 712, 487, 779, 487, -1, -1, -1, -1
frame-036.yuv.gz, 1, 721, 577, 789, 581, -1, -1, -1, -1
frame-037.yuv.gz, 1, 722, 618, 787, 623, -1, -1, -1, -1
frame-038.yuv.gz, 1, 757, 666, 820, 670, -1, -1, -1, -1
frame-039.yuv.gz, 1, 803, 660, 875, 667, -1, -1, -1, -1
frame-040.yuv.gz, 2, 875, 653, 941, 658, -1, -1, -1, -1
frame-041.yuv.gz, 2, 3, 661, 42, 655, 928, 653, 1004, 659
frame-042.yuv.gz, 2, 54, 657, 127, 655, 1013, 653, 1084, 662
frame-043.yuv.gz, 2, 139, 644, 212, 649, 1089, 653, 1164, 659
frame-044.yuv.gz, 2, 194, 646, 257, 646, 1145, 654, 1219, 658
frame-045.yuv.gz, 2, 283, 644, 342, 649, 1247, 656, 1280, 664
frame-046.yuv.gz, 1, 400, 624, 452, 627, -1, -1, -1, -1
frame-047.yuv.gz, 1, 478, 598, 530, 599, -1, -1, -1, -1
frame-048.yuv.gz, 1, 568, 576, 621, 580, -1, -1, -1, -1
frame-049.yuv.gz, 1, 627, 572, 683, 572, -1, -1, -1, -1
frame-050.yuv.gz, 1, 705, 546, 754, 546, -1, -1, -1, -1
frame-051.yuv.gz, 1, 761, 528, 810, 528, -1, -1, -1, -1
frame-052.yuv.gz, 1, 829, 517, 884, 519, -1, -1, -1, -1
frame-053.yuv.gz, 1, 910, 523, 973, 526, -1, -1, -1, -1
frame-054.yuv.gz, 1, 958, 515, 1024, 515, -1, -1, -1, -1
frame-055.yuv.gz, 1, 1021, 492, 1088, 492, -1, -1, -1, -1
frame-056.yuv.gz, 1, 1066, 455, 1126, 454, -1, -1, -1, -1
frame-057.yuv.gz, 1, 975, 375, 1039, 376, -1, -1, -1, -1
frame-058.yuv.gz, 1, 894, 322, 944, 324, -1, -1, -1, -1
frame-059.yuv.gz, 1, 714, 256, 749, 257, -1, -1, -1, -1
frame-060.yuv.gz, 1, 586, 227, 629, 229, -1, -1, -1, -1
frame-061.yuv.gz, 1, 463, 231, 496, 231, -1, -1, -1, -1
frame-062.yuv.gz, 2, 299, 221, 337, 221, 1234, 234, 1278, 240
frame-063.yuv.gz, 2, 171, 223, 211, 222, 1104, 224, 1154, 231
frame-064.yuv.gz, 2, 27, 213, 93, 213, 970, 217, 1039, 217
frame-065.yuv.gz, 2, 0, 204, 57, 203, 935, 204, 1006, 210
frame-066.yuv.gz, 2, 8, 255, 84, 255, 948, 252, 1016, 258
frame-067.yuv.gz, 2, 8, 255, 84, 255, 948, 252, 1016, 258
frame-068.yuv.gz, 2, 8, 255, 84, 255, 948, 252, 1016, 258
frame-069.yuv.gz, 0, -1, -1, -1, -1, -1, -1, -1, -1
frame-070.yuv.gz, 0, -1, -1, -1, -1, -1, -1, -1, -1
frame-071.yuv.gz, 0, -1, -1, -1, -1, -1, -1, -1, -1
frame-072.yuv.gz, 0, -1, -1, -1, -1, -1, -1, -1, -1
frame-073.yuv.gz, 0, -1, -1, -1, -1, -1, -1, -1, -1
frame-074.yuv.gz, 1, 244, 24, 293, 24, -1, -1, -1, -1
frame-075.yuv.gz, 2, 261, 88, 299, 88, 838, 67, 881, 67
frame-076.yuv.gz, 2, 287, 129, 323, 129, 869, 101, 897, 103
frame-077.yuv.gz, 2, 333, 156, 379, 155, 915, 131, 948, 131
frame-078.yuv.gz, 2, 286, 176, 326, 174, 859, 162, 897, 161
frame-079.yuv.gz, 2, 273, 187, 316, 187, 843, 176, 878, 176
frame-080.yuv.gz, 2, 273, 187, 316, 187, 843, 176, 878, 176
frame-081.yuv.gz, 2, 245, 180, 285, 179, 823, 164, 858, 165
frame-082.yuv.gz, 2, 173, 242, 215, 242, 747, 224, 781, 224
frame-083.yuv.gz, 2, 142, 305, 185, 305, 726, 289, 763, 290
frame-084.yuv.gz, 2, 96, 392, 150, 389, 692, 374, 722, 374
frame-085.yuv.gz, 2, 22, 361, 71, 360, 629, 341, 659, 341
frame-086.yuv.gz, 1, 523, 311, 557, 311, -1, -1, -1, -1
frame-087.yuv.gz, 1, 417, 287, 448, 287, -1, -1, -1, -1
frame-088.yuv.gz, 1, 324, 273, 354, 273, -1, -1, -1, -1
frame-089.yuv.gz, 1, 259, 265, 291, 265, -1, -1, -1, -1
frame-090.yuv.gz, 1, 190, 266, 231, 265, -1, -1, -1, -1
frame-091.yuv.gz, 1, 193, 250, 240, 248, -1, -1, -1, -1
frame-092.yuv.gz, 1, 265, 223, 304, 223, -1, -1, -1, -1
frame-093.yuv.gz, 1, 304, 199, 343, 199, -1, -1, -1, -1
frame-094.yuv.gz, 1, 347, 185, 387, 185, -1, -1, -1, -1
frame-095.yuv.gz, 2, 347, 185, 387, 185, -1, -1, -1, -1
frame-096.yuv.gz, 2, 347, 185, 387, 185, -1, -1, -1, -1
frame-097.yuv.gz, 2, 347, 185, 387, 185, -1, -1, -1, -1
frame-098.yuv.gz, 2, 347, 185, 387, 185, -1, -1, -1, -1
frame-099.yuv.gz, 2, 347, 185, 387, 185, -1, -1, -1, -1
frame-100.yuv.gz, 2, 347, 185, 387, 185, -1, -1, -1, -1
frame-101.yuv.gz, 2, 347, 185, 387, 185, -1, -1, -1, -1
frame-102.yuv.gz, 2, 347, 185, 387, 185, -1, -1, -1, -1
frame-103.yuv.gz, 2, 347, 185, 387, 185, -1, -1, -1, -1
frame-104.yuv.gz, 2, 347, 185, 387, 185, -1, -1, -1, -1
frame-105.yuv.gz, 2, 347, 185, 387, 185, -1, -1, -1, -1
frame-106.yuv.gz, 2, 347, 185, 387, 185, -1, -1, -1, -1
frame-107.yuv.gz, 2, 347, 185, 387, 185, -1, -1, -1, -1
frame-108.yuv.gz, 2, 347, 185, 387, 185, -1, -1, -1, -1
