frame-000.yuv.gz, 1, 52, 32, -1, -1, -1, -1, -1, -1
frame-001.yuv.gz, 0, -1, -1, -1, -1, -1, -1, -1, -1
frame-002.yuv.gz, 0, -1, -1, -1, -1, -1, -1, -1, -1
frame-003.yuv.gz, 0, -1, -1, -1, -1, -1, -1, -1, -1
frame-004.yuv.gz, 0, -1, -1, -1, -1, -1, -1, -1, -1
frame-005.yuv.gz, 0, -1, -1, -1, -1, -1, -1, -1, -1
frame-006.yuv.gz, 0, -1, -1, -1, -1, -1, -1, -1, -1
frame-007.yuv.gz, 0, -1, -1, -1, -1, -1, -1, -1, -1
frame-008.yuv.gz, 0, -1, -1, -1, -1, -1, -1, -1, -1
frame-009.yuv.gz, 0, -1, -1, -1, -1, -1, -1, -1, -1
frame-010.yuv.gz, 0, -1, -1, -1, -1, -1, -1, -1, -1
frame-011.yuv.gz, 0, -1, -1, -1, -1, -1, -1, -1, -1
frame-012.yuv.gz, 0, -1, -1, -1, -1, -1, -1, -1, -1
frame-013.yuv.gz, 0, -1, -1, -1, -1, -1, -1, -1, -1
frame-014.yuv.gz, 0, -1, -1, -1, -1, -1, -1, -1, -1
frame-015.yuv.gz, 0, -1, -1, -1, -1, -1, -1, -1, -1
frame-016.yuv.gz, 0, -1, -1, -1, -1, -1, -1, -1, -1
frame-017.yuv.gz, 0, -1, -1, -1, -1, -1, -1, -1, -1
frame-018.yuv.gz, 0, -1, -1, -1, -1, -1, -1, -1, -1
frame-019.yuv.gz, 0, -1, -1, -1, -1, -1, -1, -1, -1
frame-020.yuv.gz, 0, -1, -1, -1, -1, -1, -1, -1, -1
frame-021.yuv.gz, 0, -1, -1, -1, -1, -1, -1, -1, -1
frame-022.yuv.gz, 0, -1, -1, -1, -1, -1, -1, -1, -1
frame-023.yuv.gz, 0, -1, -1, -1, -1, -1, -1, -1, -1
frame-024.yuv.gz, 0, -1, -1, -1, -1, -1, -1, -1, -1
frame-025.yuv.gz, 0, -1, -1, -1, -1, -1, -1, -1, -1
frame-026.yuv.gz, 0, -1, -1, -1, -1, -1, -1, -1, -1
frame-027.yuv.gz, 0, -1, -1, -1, -1, -1, -1, -1, -1
frame-028.yuv.gz, 0, -1, -1, -1, -1, -1, -1, -1, -1
frame-029.yuv.gz, 0, -1, -1, -1, -1, -1, -1, -1, -1
frame-030.yuv.gz, 0, -1, -1, -1, -1, -1, -1, -1, -1
frame-031.yuv.gz, 2, 1072, 17, 1130, 23, -1, -1, -1, -1
frame-032.yuv.gz, 2, 1072, 17, 1130, 23, -1, -1, -1, -1
frame-033.yuv.gz, 2, 1072, 17, 1130, 23, -1, -1, -1, -1
frame-034.yuv.gz, 2, 1072, 17, 1130, 23, -1, -1, -1, -1
frame-035.yuv.gz, 2, 358, 20, 404, 22, 1087, 65, 1140, 65
frame-036.yuv.gz, 2, 431, 152, 471, 150, 1146, 186, 1191, 189
frame-037.yuv.gz, 2, 494, 172, 526, 173, 1206, 210, 1258, 220
frame-038.yuv.gz, 1, 570, 174, 607, 173, -1, -1, -1, -1
frame-039.yuv.gz, 1, 594, 176, 626, 176, -1, -1, -1, -1
frame-040.yuv.gz, 2, 594, 176, 626, 176, -1, -1, -1, -1
frame-041.yuv.gz, 2, 594, 176, 626, 176, -1, -1, -1, -1
frame-042.yuv.gz, 2, 594, 176, 626, 176, -1, -1, -1, -1
frame-043.yuv.gz, 2, 594, 176, 626, 176, -1, -1, -1, -1
frame-044.yuv.gz, 2, 594, 176, 626, 176, -1, -1, -1, -1
frame-045.yuv.gz, 2, 594, 176, 626, 176, -1, -1, -1, -1
frame-046.yuv.gz, 2, 594, 176, 626, 176, -1, -1, -1, -1
frame-047.yuv.gz, 2, 594, 176, 626, 176, -1, -1, -1, -1
frame-048.yuv.gz, 2, 594, 176, 626, 176, -1, -1, -1, -1
frame-049.yuv.gz, 2, 594, 176, 626, 176, -1, -1, -1, -1
frame-050.yuv.gz, 2, 594, 176, 626, 176, -1, -1, -1, -1
frame-051.yuv.gz, 1, 567, 167, 599, 167, -1, -1, -1, -1
frame-052.yuv.gz, 2, 498, 131, 520, 131, 1233, 179, 1277, 179
frame-053.yuv.gz, 2, 311, 30, 342, 30, 1034, 70, 1089, 73
frame-054.yuv.gz, 2, 268, 25, 300, 27, 988, 69, 1039, 74
frame-055.yuv.gz, 2, 268, 25, 300, 27, 988, 69, 1039, 74
frame-056.yuv.gz, 2, 256, 29, 284, 32, 971, 74, 1023, 79
frame-057.yuv.gz, 2, 184, 47, 221, 47, 907, 79, 944, 84
frame-058.yuv.gz, 2, 20, 62, 56, 62, 756, 85, 801, 89
frame-059.yuv.gz, 2, 81, 47, 122, 47, 816, 73, 872, 76
frame-060.yuv.gz, 2, 117, 62, 163, 62, 846, 88, 894, 90
frame-061.yuv.gz, 2, 215, 143, 236, 143, 896, 178, 933, 180
frame-062.yuv.gz, 1, 666, 355, 729, 365, -1, -1, -1, -1
frame-063.yuv.gz, 0, -1, -1, -1, -1, -1, -1, -1, -1
frame-064.yuv.gz, 0, -1, -1, -1, -1, -1, -1, -1, -1
frame-065.yuv.gz, 1, 387, 194, 418, 194, -1, -1, -1, -1
frame-066.yuv.gz, 2, 352, 42, 388, 42, 836, 46, 869, 48
frame-067.yuv.gz, 0, -1, -1, -1, -1, -1, -1, -1, -1
frame-068.yuv.gz, 0, -1, -1, -1, -1, -1, -1, -1, -1
frame-069.yuv.gz, 0, -1, -1, -1, -1, -1, -1, -1, -1
frame-070.yuv.gz, 0, -1, -1, -1, -1, -1, -1, -1, -1
frame-071.yuv.gz, 0, -1, -1, -1, -1, -1, -1, -1, -1
frame-072.yuv.gz, 0, -1, -1, -1, -1, -1, -1, -1, -1
frame-073.yuv.gz, 0, -1, -1, -1, -1, -1, -1, -1, -1
frame-074.yuv.gz, 0, -1, -1, -1, -1, -1, -1, -1, -1
frame-075.yuv.gz, 0, -1, -1, -1, -1, -1, -1, -1, -1
frame-076.yuv.gz, 0, -1, -1, -1, -1, -1, -1, -1, -1
frame-077.yuv.gz, 0, -1, -1, -1, -1, -1, -1, -1, -1
frame-078.yuv.gz, 0, -1, -1, -1, -1, -1, -1, -1, -1
frame-079.yuv.gz, 0, -1, -1, -1, -1, -1, -1, -1, -1
frame-080.yuv.gz, 0, -1, -1, -1, -1, -1, -1, -1, -1
frame-081.yuv.gz, 0, -1, -1, -1, -1, -1, -1, -1, -1
frame-082.yuv.gz, 0, -1, -1, -1, -1, -1, -1, -1, -1
frame-083.yuv.gz, 0, -1, -1, -1, -1, -1, -1, -1, -1
frame-084.yuv.gz, 0, -1, -1, -1, -1, -1, -1, -1, -1
frame-085.yuv.gz, 2, 292, 62, 325, 62, 790, 36, 820, 36
frame-086.yuv.gz, 2, 405, 132, 440, 132, 889, 94, 918, 94
frame-087.yuv.gz, 2, 193, 169, 224, 162, 666, 128, 692, 126
frame-088.yuv.gz, 0, -1, -1, -1, -1, -1, -1, -1, -1
frame-089.yuv.gz, 0, -1, -1, -1, -1, -1, -1, -1, -1
frame-090.yuv.gz, 1, 910, 414, 972, 415, -1, -1, -1, -1
frame-091.yuv.gz, 2, 552, 344, 585, 345, 1179, 408, 1276, 416
frame-092.yuv.gz, 2, 210, 287, 252, 287, 836, 317, 891, 315
frame-093.yuv.gz, 2, 135, 207, 184, 207, 805, 217, 856, 217
frame-094.yuv.gz, 2, 122, 191, 165, 191, 795, 204, 842, 201
frame-095.yuv.gz, 2, 122, 191, 165, 191, 795, 204, 842, 201
frame-096.yuv.gz, 2, 122, 191, 165, 191, 795, 204, 842, 201
frame-097.yuv.gz, 2, 370, 61, 389, 60, 1019, 76, 1085, 75
frame-098.yuv.gz, 1, 1226, 1, 1265, 1, -1, -1, -1, -1
frame-099.yuv.gz, 2, 1226, 1, 1265, 1, -1, -1, -1, -1
frame-100.yuv.gz, 2, 1226, 6, 1266, 8, -1, -1, -1, -1
frame-101.yuv.gz, 2, 1226, 6, 1266, 8, -1, -1, -1, -1
frame-102.yuv.gz, 2, 1226, 6, 1266, 8, -1, -1, -1, -1
frame-103.yuv.gz, 2, 1226, 6, 1266, 8, -1, -1, -1, -1
frame-104.yuv.gz, 2, 1226, 6, 1266, 8, -1, -1, -1, -1
frame-105.yuv.gz, 2, 1226, 6, 1266, 8, -1, -1, -1, -1
frame-106.yuv.gz, 2, 1226, 6, 1266, 8, -1, -1, -1, -1

