830.522949219,-109.149711609
830.499023438,-109.130897522
830.51159668,-109.125205994
830.514831543,-109.121246338
830.518066406,-109.120201111
830.591003418,-109.150650024
830.590881348,-109.153549194
830.591308594,-109.14491272
830.591308594,-109.143455505
830.590820312,-109.157852173
830.555175781,-109.123123169
829.724487305,-108.998802185
829.737182617,-108.997344971
829.737182617,-108.997344971
829.731079102,-108.993774414
829.721801758,-108.991233826
829.71887207,-108.98941803
829.706604004,-108.992179871
829.706604004,-108.992179871
829.69732666,-108.988189697
829.691162109,-108.986114502
829.688171387,-108.982772827
829.682312012,-108.979270935
829.673034668,-108.976646423
829.698059082,-108.970977783
829.651489258,-108.974014282
829.651550293,-108.972625732
829.651672363,-108.971099854
829.710327148,-108.972488403
829.719604492,-108.972091675
829.639648438,-108.965385437
829.636474609,-108.966468811
829.630187988,-108.965644836
829.627075195,-108.965354919
829.627319336,-108.963897705
829.624145508,-108.964958191
829.614807129,-108.963897705
830.492614746,-109.066413879
830.495849609,-109.066680908
830.831970215,-109.097045898
830.841430664,-109.098060608
830.84765625,-109.098823547
830.379516602,-109.02961731
830.388793945,-109.030708313
830.410217285,-109.033363342
830.416564941,-109.033988953
830.468933105,-109.038902283
830.47833252,-109.038589478
830.493835449,-109.041778564
830.496826172,-109.040740967
830.506164551,-109.041854858
830.524536133,-109.042671204
830.536743164,-109.045593262
830.543029785,-109.044929504
830.543029785,-109.044929504
830.549133301,-109.04573822
830.552124023,-109.046020508
830.63269043,-109.052719116
830.635925293,-109.05305481
830.648132324,-109.054618835
830.660339355,-109.05606842
830.663391113,-109.056434631
830.672485352,-109.056144714
830.685180664,-109.059051514
830.688171387,-109.057945251
830.700500488,-109.05947876
830.718994141,-109.061698914
830.721984863,-109.062019348
830.725097656,-109.062416077
830.75604248,-109.064697266
830.777648926,-109.067245483
830.780639648,-109.067573547
830.780639648,-109.067573547
830.802246094,-109.06879425
830.80859375,-109.068031311
830.817871094,-109.06918335
830.824157715,-109.06993103
830.882751465,-109.076927185
830.885559082,-109.075904846
830.879760742,-109.075134277
830.888671875,-109.077728271
830.907287598,-109.078529358
830.91986084,-109.079948425
830.922790527,-109.07888031
830.907287598,-109.078529358
830.993713379,-109.085922241
831.002929688,-109.087120056
831.002929688,-109.087120056
831.006103516,-109.087417603
831.006347656,-109.085952759
831.043273926,-109.090492249
831.049499512,-109.089790344
831.06817627,-109.091934204
831.083435059,-109.093795776
831.086486816,-109.092704773
831.095703125,-109.095314026
831.101928711,-109.096046448
831.11730957,-109.095062256
831.12677002,-109.09614563
831.148254395,-109.100151062
831.160827637,-109.100112915
831.163879395,-109.100570679
831.173095703,-109.100242615
831.204040527,-109.103912354
831.216491699,-109.103988647
831.219543457,-109.1043396
831.231750488,-109.104377747
831.241149902,-109.105461121
831.253356934,-109.107025146
831.265930176,-109.106987
831.275268555,-109.108078003
831.278259277,-109.108467102
831.278137207,-109.109924316
831.306030273,-109.111816406
831.315368652,-109.112960815
831.318359375,-109.1118927
831.321594238,-109.112266541
831.330810547,-109.113372803
831.33380127,-109.113708496
831.343017578,-109.114868164
831.34942627,-109.11416626
831.364685059,-109.117393494
831.408081055,-109.121162415
831.408203125,-109.11971283
831.417297363,-109.120872498
831.423522949,-109.121604919
831.118347168,-109.008056641
831.106201172,-109.003662109
831.102905273,-109.00479126
831.140014648,-109.009254456
831.093688965,-109.003761292
831.087585449,-109.002937317
831.087463379,-109.000099182
831.14642334,-109.007095337
831.158752441,-109.007133484
831.155639648,-109.003936768
831.078308105,-109.00038147
831.161437988,-109.009010315
831.164978027,-109.005027771
831.16796875,-109.00680542
