656.175598145,-141.009490967
656.188659668,-141.001144409
656.202514648,-141.013275146
656.194885254,-141.00227356
656.204650879,-141.014862061
656.204650879,-141.014862061
656.21484375,-141.015609741
656.21697998,-141.015960693
656.21697998,-141.015960693
656.211486816,-141.005310059
656.138671875,-141.000289917
656.139160156,-140.99546814
656.139160156,-140.99546814
656.215332031,-141.009643555
656.128967285,-140.991226196
656.225891113,-141.008010864
656.118713379,-140.988113403
656.236022949,-141.011047363
656.23828125,-141.010223389
656.242370605,-141.01109314
656.097961426,-140.984313965
656.248596191,-141.012207031
656.089904785,-140.9815979
656.085571289,-140.982009888
656.252075195,-141.022491455
656.256286621,-141.023254395
656.260620117,-141.020431519
656.082824707,-140.99118042
656.075317383,-140.978927612
656.258178711,-141.023712158
656.264465332,-141.02355957
656.266540527,-141.025192261
656.269104004,-141.018341064
656.06463623,-140.984191895
656.276855469,-141.025848389
656.281555176,-141.019500732
656.062438965,-140.983795166
656.05279541,-140.973480225
656.287353516,-141.027786255
656.289306641,-141.029296875
656.291320801,-141.02973938
656.291992188,-141.020278931
656.299743652,-141.028823853
656.299743652,-141.028823853
656.301757812,-141.030426025
656.034179688,-140.968917847
656.027893066,-140.970077515
656.027893066,-140.970077515
656.023132324,-140.976501465
656.019104004,-140.97454834
656.018920898,-140.976959229
656.017578125,-140.965896606
656.015808105,-140.965438843
656.013549805,-140.966278076
656.01159668,-140.965820312
656.005371094,-140.964752197
655.998596191,-140.971954346
655.99230957,-140.970733643
655.982055664,-140.968841553
656.339477539,-141.026641846
656.347900391,-141.026977539
655.984741211,-140.959686279
655.966308594,-140.952667236
655.959411621,-140.962310791
655.959289551,-140.963516235
655.959289551,-140.963516235
655.945739746,-140.947692871
655.940979004,-140.957626343
656.395019531,-141.042938232
656.395019531,-141.042938232
655.93548584,-140.944519043
656.403198242,-141.044433594
656.405273438,-141.044845581
655.922790527,-140.948257446
655.920654297,-140.947891235
655.920532227,-140.951461792
655.916564941,-140.949508667
655.916931152,-140.942276001
656.430725098,-141.037567139
656.451416016,-141.041351318
656.461486816,-141.05039978
656.467651367,-141.05039978
656.469604492,-141.052001953
656.473999023,-141.050262451
656.480407715,-141.044342041
656.499145508,-141.045394897
656.503295898,-141.046173096
656.506896973,-141.056411743
656.529907227,-141.057052612
656.534118652,-141.056640625
656.540161133,-141.05897522
656.549194336,-141.050964355
656.577636719,-141.062286377
656.581787109,-141.063064575
655.781005859,-140.912322998
655.78729248,-140.913482666
655.787414551,-140.912338257
655.787414551,-140.912338257
655.764953613,-140.905731201
655.780029297,-140.898956299
655.794006348,-140.905136108
655.794006348,-140.905136108
655.76763916,-140.895477295
655.753234863,-140.890411377
655.726745605,-140.881866455
655.72253418,-140.881134033
655.712463379,-140.87562561
655.699401855,-140.886322021
655.693115234,-140.885192871
655.66973877,-140.86050415
655.651367188,-140.852310181
655.647338867,-140.851501465
655.606689453,-140.834365845
655.577087402,-140.841018677
655.575012207,-140.840545654
655.571044922,-140.838577271
655.584594727,-140.824172974
655.582397461,-140.824951172
655.564697266,-140.837432861
655.580444336,-140.822250366
655.556884766,-140.833511353
655.564086914,-140.819137573
655.564147949,-140.816864014
655.557861328,-140.814529419
655.557922363,-140.813415527
655.552001953,-140.809844971
655.542358398,-140.828475952
655.528259277,-140.822280884
655.524169922,-140.820343018
655.523620605,-140.796142578
655.508178711,-140.813613892
655.491821289,-140.805877686
655.495300293,-140.782440186
655.495300293,-140.782440186
655.493408203,-140.782058716
655.467468262,-140.794128418
655.45135498,-140.787521362
655.441162109,-140.780883789
655.435241699,-140.778518677
655.433166504,-140.778167725
655.416809082,-140.741439819
655.39276123,-140.756286621
655.38659668,-140.755187988
655.376464844,-140.749633789
655.394836426,-140.727722168
655.378601074,-140.719909668
655.358520508,-140.740234375
655.358459473,-140.739120483
655.348632812,-140.734771729
655.344421387,-140.732818604
655.338500977,-140.728134155
655.336425781,-140.726593018
655.334289551,-140.726242065
655.332214355,-140.727050781
655.352661133,-140.701950073
655.306213379,-140.708999634
655.306213379,-140.708999634
655.298339844,-140.703903198
655.270202637,-140.687835693
655.268127441,-140.687606812
655.294616699,-140.664718628
655.290771484,-140.659225464
655.282470703,-140.658889771
655.278686523,-140.653244019
655.278869629,-140.649810791
655.206115723,-140.646011353
655.249206543,-140.626296997
655.243225098,-140.620376587
655.202392578,-140.640441895
655.202392578,-140.640441895
655.202392578,-140.640441895
655.231323242,-140.613342285
655.229187012,-140.611724854
655.231445312,-140.610916138
655.172424316,-140.620559692
655.170471191,-140.61895752
655.166503906,-140.614608765
655.158569336,-140.608337402
655.15447998,-140.607559204
655.152648926,-140.60357666
655.152648926,-140.60357666
655.144714355,-140.598495483
655.142700195,-140.595825195
655.13470459,-140.590667725
655.130737305,-140.587524414
655.172424316,-140.557952881
655.172424316,-140.557952881
655.170410156,-140.556365967
655.168579102,-140.552444458
655.114868164,-140.574966431
655.114868164,-140.574966431
655.099182129,-140.561218262
655.147277832,-140.526809692
655.139282227,-140.520614624
655.137390137,-140.51902771
655.131469727,-140.511947632
655.129760742,-140.507965088
655.066223145,-140.52381897
655.059936523,-140.522735596
655.054504395,-140.510925293
655.050598145,-140.508972168
655.046325684,-140.509384155
655.042480469,-140.505065918
655.030578613,-140.493240356
655.101196289,-140.466598511
655.099243164,-140.465072632
655.027038574,-140.48538208
655.02130127,-140.477218628
655.01385498,-140.464859009
655.00769043,-140.464874268
655.005615234,-140.462158203
655.078308105,-140.434707642
655.078430176,-140.433502197
654.998046875,-140.451187134
655.074462891,-140.426879883
654.994018555,-140.448059082
655.059814453,-140.399978638
655.057861328,-140.396072388
655.052001953,-140.390213013
655.052368164,-140.386672974
655.046508789,-140.377197266
655.046936035,-140.371276855
655.034179688,-140.344818115
655.01751709,-140.282821655
655.01751709,-140.282821655
655.017456055,-140.280548096
655.017700195,-140.278060913
655.01184082,-140.269805908
655.008056641,-140.263122559
655.006896973,-140.250839233
655.008850098,-140.251205444
655.002746582,-140.218811035
655.002746582,-140.217651367
655.002929688,-140.216415405
655.000915527,-140.213638306
654.999145508,-140.209701538
654.990966797,-140.208267212
655.00177002,-140.201766968
654.99621582,-140.192321777
654.989807129,-140.192428589
654.998291016,-140.19039917
654.996459961,-140.187591553
655.000793457,-140.18359375
654.997192383,-140.173431396
654.999328613,-140.173736572
654.995239258,-140.171798706
654.997497559,-140.17098999
654.997558594,-140.169830322
654.997558594,-140.169830322
654.991455078,-140.166290283
654.991699219,-140.163909912
655.000061035,-140.164276123
656.559265137,-140.797470093
656.563415527,-140.797103882
656.567565918,-140.797805786
656.549133301,-140.790908813
656.541503906,-140.780944824
656.594909668,-140.797943115
656.529663086,-140.77154541
656.527404785,-140.772384644
656.611694336,-140.79510498
656.527648926,-140.771179199
656.521484375,-140.765274048
656.519470215,-140.764846802
656.564147949,-140.752655029
656.554382324,-140.74357605
656.550598145,-140.736877441
656.516967773,-140.708969116
656.512695312,-140.707046509
656.513061523,-140.703430176
656.505126953,-140.697174072
656.498840332,-140.694854736
656.493041992,-140.688964844
656.593322754,-140.660446167
656.481323242,-140.678314209
656.591247559,-140.657684326
656.585327148,-140.651779175
656.461364746,-140.661422729
656.453369141,-140.65625
656.562011719,-140.625732422
656.420043945,-140.624832153
656.420043945,-140.623703003
656.530700684,-140.592330933
656.524780273,-140.58757019
656.503112793,-140.566711426
656.503417969,-140.563217163
656.386291504,-140.594619751
656.38671875,-140.591018677
656.38470459,-140.589355469
656.493408203,-140.554107666
656.495544434,-140.554458618
656.489379883,-140.552139282
656.366699219,-140.576431274
656.364501953,-140.577255249
656.346618652,-140.560821533
656.344665527,-140.559234619
656.330871582,-140.547119141
656.322875977,-140.541976929
656.311096191,-140.530151367
656.309020996,-140.529708862
656.309020996,-140.529708862
656.299438477,-140.518325806
656.295654297,-140.510421753
656.291625977,-140.51083374
656.433105469,-140.486343384
656.269958496,-140.491165161
656.265991211,-140.485641479
656.254089355,-140.47618103
656.256347656,-140.47416687
656.25213623,-140.474639893
656.24017334,-140.466415405
656.244445801,-140.46484375
656.240234375,-140.465270996
656.236328125,-140.459640503
656.380249023,-140.430862427
656.372131348,-140.428222656
656.218505859,-140.444381714
656.208618164,-140.435256958
656.20880127,-140.434066772
656.200805664,-140.429016113
656.203186035,-140.423492432
656.203186035,-140.423492432
656.171264648,-140.401931763
