1193.36914062,204.27911377
1193.38098145,204.281005859
1193.38098145,204.281005859
1193.38098145,204.281005859
1193.39929199,204.28793335
1193.40490723,204.286682129
1193.4107666,204.28553772
1193.4107666,204.28553772
1193.41101074,204.287582397
1193.42883301,204.292419434
1193.43481445,204.291259766
1193.43493652,204.293319702
1193.43493652,204.295425415
1193.44091797,204.294265747
1193.44042969,204.290161133
1193.4588623,204.299118042
1193.47058105,204.298873901
1193.47668457,204.301849365
1193.48291016,204.304794312
1193.50073242,204.305557251
1193.49523926,204.310745239
1193.49523926,204.310745239
1193.50671387,204.306411743
1193.51269531,204.311462402
1193.5246582,204.313354492
1193.53051758,204.310165405
1193.53674316,204.317260742
1193.54858398,204.312820435
1193.56091309,204.322967529
1193.56652832,204.319702148
1193.56652832,204.319702148
1193.5670166,204.323867798
1193.57226562,204.320663452
1193.57873535,204.323638916
1193.57873535,204.323638916
1193.59619141,204.322250366
1193.60205078,204.323181152
1193.60839844,204.328231812
1193.61450195,204.329147339
1193.62060547,204.330062866
1190.52746582,203.902832031
1190.53393555,203.905685425
1190.52172852,203.90397644
1190.53393555,203.905685425
1190.51611328,203.905044556
1190.53393555,203.909866333
1190.51025391,203.908187866
1190.56335449,203.910308838
1190.49841309,203.908493042
1190.49841309,203.908493042
1190.49243164,203.905456543
1190.4864502,203.906646729
1190.46350098,203.911148071
1190.45166016,203.907333374
1192.39099121,204.216186523
1192.39685059,204.219116211
1192.40283203,204.220108032
1192.40283203,204.220108032
1192.42663574,204.22177124
1192.44458008,204.226531982
1194.31347656,204.728729248
1194.24768066,204.72265625
1194.22973633,204.719955444
1194.22412109,204.723175049
1194.19396973,204.714355469
1194.18310547,204.731109619
1194.13525391,204.7237854
1194.07495117,204.700119019
1194.03930664,204.694549561
1194.03930664,204.694549561
1194.02258301,204.708282471
1194.01550293,204.692947388
1194.01525879,204.690933228
1193.96875,204.704147339
1193.95666504,204.700241089
1193.86035156,204.673049927
1193.87963867,204.69442749
1193.84851074,204.671310425
1193.83056641,204.668563843
1193.81262207,204.667800903
1193.8079834,204.685501099
1193.79589844,204.685684204
1193.7779541,204.680892944
1193.72924805,204.659042358
1193.71850586,204.675842285
1193.6817627,204.653793335
1193.70678711,204.676025391
1193.67602539,204.654876709
1193.65808105,204.654266357
1193.65820312,204.656265259
1193.6463623,204.652420044
1193.63415527,204.648529053
1193.60473633,204.649978638
1193.59875488,204.649078369
1193.58691406,204.647293091
1193.56298828,204.643615723
1193.56286621,204.645645142
1193.5703125,204.66305542
1193.53955078,204.644042969
1193.5333252,204.64100647
1193.55224609,204.662399292
1193.52258301,204.659835815
1193.49108887,204.634674072
1193.44396973,204.631408691
1193.45129395,204.654937744
1193.44396973,204.631408691
1193.43823242,204.632476807
1193.43334961,204.652252197
1193.39086914,204.62928772
1193.39794922,204.650741577
1193.37854004,204.627456665
1193.37390137,204.649246216
1193.34301758,204.626022339
1193.34448242,204.64666748
1193.28369141,204.618881226
1193.27355957,204.643798828
1193.24377441,204.641326904
1193.21972656,204.639678955
1193.20068359,204.614257812
1193.18896484,204.614517212
1193.17114258,204.609649658
1193.14147949,204.609176636
1193.13696289,204.633010864
1193.12353516,204.610565186
1193.12512207,204.635269165
1193.10742188,204.634521484
1193.09570312,204.636886597
1193.07189941,204.631011963
1193.0189209,204.635177612
1192.94030762,204.602630615
1192.91650391,204.605148315
1192.86889648,204.599868774
1192.86340332,204.600967407
1192.85144043,204.601196289
1192.78869629,204.638412476
1192.76525879,204.638916016
1192.76525879,204.638916016
1192.69787598,204.599960327
1192.67419434,204.602462769
1192.67407227,204.598358154
1192.67419434,204.600326538
1192.62121582,204.600341797
1192.59802246,204.606887817
1192.59216309,204.608078003
1192.63586426,204.64956665
1192.56835938,204.604431152
1192.55664062,204.60887146
1192.60644531,204.649032593
1192.58276367,204.649475098
1192.5892334,204.654495239
1192.5892334,204.654495239
1192.57739258,204.65473938
1192.57739258,204.65473938
1192.51879883,204.662002563
1192.51879883,204.664047241
1192.50720215,204.662200928
1192.49572754,204.668685913
1192.37463379,204.61730957
1192.45495605,204.676589966
1192.3671875,204.693710327
1192.26330566,204.632766724
1192.25744629,204.633972168
1192.34973145,204.695022583
1192.3380127,204.695266724
1192.3380127,204.695266724
1192.33276367,204.706695557
1192.2166748,204.643966675
1192.30932617,204.711257935
1192.30932617,204.713317871
1192.1932373,204.648513794
1192.18151855,204.646743774
1192.1583252,204.653335571
1192.15222168,204.654464722
1192.07104492,204.674423218
1192.03674316,204.687438965
1192.03051758,204.686599731
