828.903564453,-108.457618713
828.909790039,-108.456886292
828.894348145,-108.45500946
828.92199707,-108.458396912
828.885314941,-108.449584961
828.882507324,-108.447761536
828.879211426,-108.447471619
828.882507324,-108.446350098
828.879272461,-108.445953369
828.879455566,-108.444564819
828.876220703,-108.44707489
828.867370605,-108.440177917
828.836791992,-108.435020447
828.836730957,-108.433631897
828.83972168,-108.432540894
828.830627441,-108.43006897
828.821472168,-108.427474976
828.846252441,-108.426147461
828.805969238,-108.428512573
829.289916992,-108.464935303
829.299072266,-108.466064453
829.989746094,-108.528739929
829.990112305,-108.527290344
829.990112305,-108.527290344
829.999023438,-108.529823303
829.999023438,-108.529823303
830.026855469,-108.531745911
830.042114258,-108.533638
830.042114258,-108.533638
830.218261719,-108.54888916
830.221557617,-108.547790527
830.227600098,-108.548629761
830.236938477,-108.549674988
830.385070801,-108.56312561
830.397521973,-108.563156128
830.422119141,-108.566101074
830.431518555,-108.567253113
830.434570312,-108.567657471
830.471557617,-108.569160461
830.483947754,-108.57068634
830.508850098,-108.572166443
830.518249512,-108.571838379
830.527099609,-108.574409485
830.582885742,-108.578239441
830.598388672,-108.580032349
830.284301758,-108.464111328
830.287414551,-108.464439392
830.287597656,-108.463050842
830.290588379,-108.462005615
830.284667969,-108.459747314
830.284301758,-108.464111328
830.315307617,-108.466323853
830.318359375,-108.465278625
830.325073242,-108.458786011
830.325073242,-108.458786011
830.32800293,-108.45916748
830.327819824,-108.460678101
