669.914733887,-141.652618408
669.918884277,-141.653427124
669.915283203,-141.641708374
669.900268555,-141.639022827
669.900268555,-141.639022827
669.900268555,-141.639022827
669.936523438,-141.646682739
669.896240234,-141.638275146
669.948791504,-141.6587677
669.95123291,-141.650604248
669.88104248,-141.634368896
669.959533691,-141.660629272
669.957885742,-141.650604248
669.960021973,-141.65083313
669.868408203,-141.632080078
669.863586426,-141.639816284
669.863586426,-141.639816284
669.866210938,-141.630584717
669.857299805,-141.638748169
669.855651855,-141.628585815
669.855041504,-141.639587402
669.849121094,-141.628601074
669.851196289,-141.627868652
669.989929199,-141.657455444
669.989440918,-141.66595459
669.832214355,-141.623168945
670.013305664,-141.661636353
670.017211914,-141.67086792
669.815185547,-141.618988037
670.030334473,-141.664733887
670.030334473,-141.664733887
669.801513672,-141.626419067
669.801513672,-141.626419067
669.799743652,-141.62600708
670.030883789,-141.657348633
669.800109863,-141.617507935
669.791625977,-141.612365723
669.786804199,-141.623718262
670.032958984,-141.655410767
670.035217285,-141.654541016
669.782592773,-141.622940063
669.78527832,-141.611251831
670.041748047,-141.653198242
670.041748047,-141.653198242
670.044006348,-141.654769897
670.039733887,-141.650375366
670.048156738,-141.654312134
670.083557129,-141.682632446
670.05480957,-141.65184021
670.05267334,-141.650253296
669.754943848,-141.615631104
669.748657227,-141.614440918
669.748657227,-141.614440918
669.753540039,-141.604293823
669.753479004,-141.601867676
670.104858398,-141.685256958
669.738342285,-141.600357056
669.73638916,-141.597595215
670.122192383,-141.679855347
670.124572754,-141.680206299
670.126342773,-141.68788147
670.124084473,-141.688705444
670.128417969,-141.688308716
670.128417969,-141.688308716
669.710998535,-141.590591431
669.706604004,-141.588638306
669.701843262,-141.602416992
670.145812988,-141.68409729
670.148071289,-141.684448242
670.148193359,-141.683227539
670.158935547,-141.68510437
670.160583496,-141.693969727
669.683227539,-141.582061768
670.163024902,-141.685897827
670.166931152,-141.693908691
670.17175293,-141.687362671
669.668395996,-141.578231812
669.664123535,-141.576095581
669.66217041,-141.57460022
670.188293457,-141.697662354
670.188293457,-141.697662354
670.199401855,-141.69229126
670.19934082,-141.691131592
669.64453125,-141.58480835
669.63873291,-141.566802979
670.203735352,-141.691879272
670.210144043,-141.691818237
669.632446289,-141.565628052
669.630310059,-141.565231323
670.214477539,-141.692596436
670.224731445,-141.701751709
670.229003906,-141.702484131
669.61895752,-141.576660156
669.597717285,-141.569244385
669.597717285,-141.569244385
669.593688965,-141.568496704
670.248657227,-141.696258545
670.248535156,-141.704666138
669.576660156,-141.562973022
670.269714355,-141.707305908
669.5703125,-141.560577393
669.5703125,-141.560577393
669.56817627,-141.560287476
669.56817627,-141.560287476
669.563964844,-141.558288574
670.274108887,-141.706893921
670.28692627,-141.709213257
670.289001465,-141.709625244
669.567077637,-141.540405273
670.295837402,-141.702148438
669.536437988,-141.54850769
669.530090332,-141.546127319
670.30670166,-141.702957153
670.308837891,-141.703201294
670.318908691,-141.712509155
669.51763916,-141.540267944
670.317260742,-141.70350647
670.329833984,-141.711959839
670.332092285,-141.712249756
669.506835938,-141.535919189
670.346862793,-141.714935303
670.347473145,-141.706375122
669.487915039,-141.528823853
669.485717773,-141.528427124
670.362243652,-141.709106445
670.366638184,-141.708633423
670.368591309,-141.709136963
670.370788574,-141.709442139
669.464477539,-141.520980835
669.458312988,-141.517379761
669.47833252,-141.501434326
669.476135254,-141.501052856
669.456237793,-141.516967773
670.383605957,-141.711715698
670.390197754,-141.710510254
669.445495605,-141.511550903
669.445373535,-141.512786865
670.39239502,-141.710800171
669.435058594,-141.505981445
670.415527344,-141.721130371
669.430969238,-141.503982544
669.420288086,-141.500915527
669.420288086,-141.500915527
669.420288086,-141.500915527
670.426330566,-141.721786499
670.428894043,-141.713638306
670.428894043,-141.713638306
670.430969238,-141.716400146
670.430786133,-141.718917847
670.433105469,-141.71685791
670.430725098,-141.72013855
669.401489258,-141.491424561
670.439453125,-141.717941284
670.445800781,-141.720336914
669.395202637,-141.487854004
669.390869141,-141.485794067
669.390869141,-141.487045288
669.38885498,-141.486633301
670.445556641,-141.722808838
670.448242188,-141.714645386
670.448242188,-141.714645386
670.449951172,-141.723495483
670.452087402,-141.722717285
670.452087402,-141.723907471
670.452087402,-141.723907471
670.452270508,-141.716598511
669.40057373,-141.459518433
669.382507324,-141.480712891
670.456787109,-141.716156006
670.467163086,-141.724060059
670.467163086,-141.724060059
670.469726562,-141.717163086
669.367675781,-141.473266602
670.491027832,-141.724700928
670.484802246,-141.717498779
670.491271973,-141.719848633
670.493103027,-141.721466064
670.501586914,-141.726516724
669.348693848,-141.464935303
670.505981445,-141.721298218
670.514465332,-141.727630615
670.510620117,-141.719573975
670.510620117,-141.719573975
669.352600098,-141.427658081
669.323730469,-141.450622559
670.544616699,-141.729293823
669.335876465,-141.414901733
669.30267334,-141.437194824
670.547119141,-141.721282959
669.300598145,-141.435531616
669.327697754,-141.409759521
669.290283203,-141.430038452
669.290283203,-141.430038452
670.559631348,-141.730819702
670.563964844,-141.730316162
670.563964844,-141.730316162
669.323242188,-141.407791138
669.321289062,-141.404968262
669.282104492,-141.419998169
670.56628418,-141.723464966
669.273681641,-141.417205811
669.315124512,-141.39894104
670.579284668,-141.724502563
669.267089844,-141.413696289
669.267150879,-141.412506104
670.58972168,-141.731323242
670.594116211,-141.732025146
669.256713867,-141.406967163
669.254699707,-141.402984619
669.242248535,-141.394607544
670.596191406,-141.731140137
670.602539062,-141.732345581
669.29675293,-141.378570557
669.294494629,-141.376998901
670.60736084,-141.723358154
669.288330078,-141.369735718
669.249816895,-141.322463989
669.241760254,-141.308822632
669.172058105,-141.331893921
669.16784668,-141.327514648
669.229553223,-141.295730591
669.233764648,-141.295196533
669.151733398,-141.306304932
669.147583008,-141.299484253
669.145507812,-141.296676636
669.221862793,-141.273498535
669.137512207,-141.287826538
669.217895508,-141.267868042
669.217834473,-141.265518188
669.220214844,-141.263442993
669.129760742,-141.265716553
669.127441406,-141.26776123
669.123291016,-141.264556885
669.218322754,-141.253311157
669.216552734,-141.248092651
669.214294434,-141.246490479
669.214416504,-141.244094849
669.21697998,-141.238388062
669.118103027,-141.242736816
669.215393066,-141.224655151
669.114135742,-141.231079102
669.110168457,-141.22428894
669.107910156,-141.226394653
669.104064941,-141.21711731
669.096130371,-141.202224731
669.212463379,-141.19480896
669.210388184,-141.191879272
669.088684082,-141.176422119
669.088928223,-141.171539307
669.210998535,-141.179885864
669.215454102,-141.175720215
669.217407227,-141.17616272
669.089050293,-141.164337158
669.091247559,-141.164657593
669.091369629,-141.162261963
669.087768555,-141.149398804
669.087890625,-141.142089844
669.225280762,-141.145690918
669.086425781,-141.127166748
669.088867188,-141.125152588
669.086486816,-141.124710083
669.23248291,-141.128692627
669.087097168,-141.114929199
669.233032227,-141.112884521
669.090454102,-141.089874268
669.083862305,-141.092483521
669.237915039,-141.10269165
669.088256836,-141.084732056
669.242370605,-141.09979248
669.240539551,-141.094619751
669.246765137,-141.094467163
669.088867188,-141.076171875
669.093444824,-141.069625854
669.247009277,-141.090896606
669.093322754,-141.068557739
669.091430664,-141.066833496
669.091552734,-141.063278198
669.272827148,-141.090606689
669.274963379,-141.092208862
669.289733887,-141.097259521
669.296020508,-141.102020264
669.298034668,-141.103668213
669.086730957,-141.02444458
669.084655762,-141.02532959
669.080383301,-141.022109985
669.323608398,-141.106903076
669.323669434,-141.109298706
669.065612793,-141.018310547
669.063415527,-141.01789856
669.307312012,-141.040435791
669.329956055,-141.111694336
669.338378906,-141.115646362
669.057128906,-141.015579224
669.050842285,-141.013244629
669.046386719,-141.013641357
669.353393555,-141.117126465
669.319885254,-141.046417236
669.332702637,-141.051101685
669.330566406,-141.047012329
669.339050293,-141.050979614
669.355285645,-141.121124268
669.023071289,-141.005874634
669.385070801,-141.128860474
669.379333496,-141.065429688
669.093688965,-140.96585083
669.087402344,-140.961013794
669.140930176,-140.965667725
669.393493652,-141.133972168
669.383544922,-141.067367554
669.398254395,-141.072463989
669.313232422,-141.001174927
669.313476562,-140.997512817
669.414916992,-141.081634521
669.417236328,-141.0831604
669.423583984,-141.083099365
669.423706055,-141.081878662
668.982971191,-140.988983154
668.97668457,-140.987838745
669.04284668,-140.947067261
669.032470703,-140.943939209
669.15032959,-140.944046021
669.324584961,-140.989685059
669.324584961,-140.989685059
668.963989258,-140.984283447
668.963989258,-140.984283447
669.017456055,-140.936431885
669.442565918,-141.088989258
669.45123291,-141.091705322
669.453063965,-141.093307495
669.33770752,-140.984741211
669.33795166,-140.97984314
669.011047363,-140.937652588
668.953369141,-140.980056763
668.951477051,-140.977142334
668.951416016,-140.975967407
669.342163086,-140.980545044
668.99432373,-140.927398682
668.99432373,-140.927398682
668.930114746,-140.972290039
669.470214844,-141.101211548
669.472290039,-141.102722168
669.472290039,-141.102722168
669.348999023,-140.970779419
669.351196289,-140.970031738
668.981811523,-140.922698975
669.484924316,-141.106277466
669.360290527,-140.960617065
669.360534668,-140.955780029
668.951965332,-140.913742065
668.950012207,-140.912200928
669.490783691,-141.167266846
669.499084473,-141.172424316
668.939331055,-140.90788269
669.507751465,-141.175140381
669.531494141,-141.125518799
669.522583008,-141.180160522
669.528869629,-141.18132019
669.53314209,-141.183288574
669.53314209,-141.183288574
669.55682373,-141.131332397
669.558959961,-141.132827759
669.571105957,-141.196258545
669.60546875,-141.150909424
669.607788086,-141.151229858
669.607788086,-141.151229858
669.613952637,-141.154830933
669.588012695,-141.202957153
669.633056641,-141.160644531
669.643493652,-141.165023804
669.622070312,-141.213821411
669.649841309,-141.167358398
669.632873535,-141.214492798
669.664855957,-141.171218872
669.664855957,-141.171218872
669.647460938,-141.221969604
669.654052734,-141.220657349
669.675354004,-141.175598145
669.65802002,-141.223922729
669.668823242,-141.229370117
669.679321289,-141.23248291
669.683532715,-141.235733032
669.696228027,-141.240524292
669.736633301,-141.199966431
669.768127441,-141.267913818
669.768127441,-141.267913818
669.787231445,-141.273727417
669.808654785,-141.224960327
669.795654297,-141.276504517
669.840454102,-141.240341187
669.844726562,-141.239868164
669.850891113,-141.242324829
669.838134766,-141.290145874
669.897460938,-141.257919312
669.897521973,-141.259170532
669.880371094,-141.307479858
669.880371094,-141.307479858
669.916687012,-141.265029907
669.931213379,-141.323852539
669.948364258,-141.277954102
669.950256348,-141.280807495
669.93762207,-141.326248169
669.950439453,-141.330963135
669.98840332,-141.345062256
670.022338867,-141.306976318
670.011962891,-141.351577759
670.086120605,-141.329299927
670.096374512,-141.33605957
670.077514648,-141.375610352
670.107055664,-141.338043213
670.11340332,-141.342803955
670.100708008,-141.384628296
670.115844727,-141.388473511
670.115844727,-141.388473511
670.15612793,-141.354049683
670.147460938,-141.400222778
670.151855469,-141.403503418
670.168640137,-141.408981323
670.189880371,-141.367385864
670.189880371,-141.367385864
670.206787109,-141.375244141
670.217529297,-141.378448486
670.225646973,-141.382339478
670.230224609,-141.383087158
670.213195801,-141.424133301
670.219665527,-141.426528931
670.221801758,-141.425613403
670.221679688,-141.4269104
670.23236084,-141.431228638
670.249145508,-141.390197754
670.249145508,-141.389053345
670.25378418,-141.435028076
670.280944824,-141.400772095
670.287414551,-141.404266357
670.30645752,-141.4112854
670.321350098,-141.416473389
670.325561523,-141.418395996
670.329772949,-141.419158936
670.310974121,-141.456253052
670.310974121,-141.456253052
670.317199707,-141.458633423
670.323608398,-141.462173462
670.325744629,-141.458953857
670.351013184,-141.471984863
670.387268066,-141.484558105
670.400024414,-141.488037109
670.43359375,-141.459732056
670.43359375,-141.459732056
670.435668945,-141.460067749
670.460998535,-141.470703125
670.465393066,-141.471466064
670.446594238,-141.504943848
670.453125,-141.504837036
670.486206055,-141.481399536
670.465759277,-141.509506226
670.503601074,-141.484375
670.472106934,-141.514251709
670.535339355,-141.496200562
670.541748047,-141.497299194
670.46307373,-141.526153564
670.46307373,-141.526153564
670.479919434,-141.535232544
670.479919434,-141.535232544
670.458557129,-141.526641846
670.46270752,-141.529876709
670.48828125,-141.537963867
670.496765137,-141.540756226
670.509460449,-141.543075562
670.526916504,-141.543655396
670.528869629,-141.54284668
670.535339355,-141.542831421
670.573791504,-141.505462646
670.595397949,-141.503173828
670.606079102,-141.505157471
670.614746094,-141.505401611
670.618835449,-141.508605957
669.983886719,-141.645370483
669.977661133,-141.641830444
669.977661133,-141.641830444
