4461.11035156,691.855285645
4461.19091797,691.86730957
4461.59521484,691.93572998
4461.99902344,692.00402832
4462.23828125,692.039916992
4462.23828125,692.039916992
4462.3984375,692.064086914
4462.73828125,692.145080566
4462.73828125,692.145080566
4462.73828125,692.145080566
4462.97412109,692.172973633
4463.20703125,692.200866699
4463.28271484,692.204711914
4463.69238281,692.281311035
4463.77832031,692.301757812
4464.08642578,692.333374023
4464.16748047,692.34552002
4464.25732422,692.373962402
4423.55664062,686.417053223
4423.71289062,686.440612793
4423.79296875,686.452514648
4423.49414062,686.42980957
4423.17382812,686.374267578
4423.55664062,686.417053223
4423.55664062,686.417053223
4423.18310547,686.390380859
4423.18847656,686.39855957
4422.86425781,686.334960938
4422.65869141,686.348327637
4422.4921875,686.308532715
4422.49804688,686.316650391
4422.49804688,686.316650391
4422.34570312,686.301086426
4448.25390625,690.225158691
4448.17871094,690.221374512
4448.10058594,690.209411621
4448.49316406,690.261230469
4448.66015625,690.301269531
4447.78857422,690.16998291
4448.97363281,690.341003418
4473.15722656,694.791381836
4473.24316406,694.811462402
4473.48291016,694.847839355
4473.79980469,694.888061523
4473.19726562,694.856994629
4473.81542969,694.912597656
4473.52001953,694.905395508
4473.75976562,694.941772461
4474.15283203,694.986022949
4474.36181641,694.97265625
4474.39404297,695.022338867
4474.31884766,695.018310547
4472.12353516,694.650085449
4471.84326172,694.66784668
4471.96337891,694.626037598
4471.76269531,694.655517578
4471.64892578,694.5859375
4469.84765625,694.381652832
4469.72705078,694.303771973
4469.56689453,694.27947998
4469.48681641,694.26751709
4469.01123047,694.20324707
4468.85009766,694.179016113
4468.53613281,694.138977051
4468.45507812,694.12677002
4468.25976562,694.164733887
4468.25976562,694.164733887
4467.65917969,694.014282227
4467.65917969,694.014282227
4466.58789062,693.927612305
4465.72363281,693.819458008
4465.51171875,693.713012695
4465.43212891,693.700927734
4465.40332031,693.77130127
4464.16699219,693.532592773
4463.77148438,693.48059082
4463.82177734,693.562805176
4463.50683594,693.522705078
4462.97802734,693.368225098
4462.74169922,693.340087891
4461.87890625,693.232177734
4461.30078125,693.234680176
4461.22509766,693.230712891
4460.69628906,693.076293945
4460.4609375,693.048278809
4460.140625,693.00012207
4460.140625,693.00012207
4459.98632812,692.984191895
4459.80224609,693.038696289
4459.43847656,692.916442871
4459.8125,693.054931641
4459.65283203,693.030944824
4459.28808594,692.908874512
4459.20800781,692.896789551
4459.13476562,692.893005371
4458.32714844,692.875549316
4458.17626953,692.748535156
4457.78759766,692.704711914
4457.77294922,692.799438477
4457.45898438,692.759643555
4457.09570312,692.637634277
4456.62695312,692.58190918
4456.84179688,692.696472168
4456.84667969,692.704406738
4456.47216797,692.566040039
4456.22851562,692.521850586
4455.99462891,692.493896484
4456.37890625,692.648681641
4455.06787109,692.399047852
4454.75488281,692.359130859
4454.28076172,692.295166016
4454.52685547,692.458679199
4453.90527344,692.387329102
4453.3515625,692.192199707
4453.04785156,692.168518066
4453.04296875,692.160522461
4453.21191406,692.32019043
4452.04443359,692.061828613
4451.81005859,692.033996582
4452.07910156,692.23840332
4451.765625,692.198547363
4451.765625,692.198547363
4450.81152344,691.93548584
4451.38867188,692.171508789
4450.74707031,691.948059082
4450.28417969,691.900756836
4451.39892578,692.187988281
4451.31884766,692.17578125
4449.97753906,691.86907959
4449.82324219,691.853393555
4451.09472656,692.164428711
4450.86669922,692.144897461
4450.86669922,692.144897461
4450.41455078,692.113891602
4450.34033203,692.109924316
4449.88330078,692.070922852
4449.81396484,692.075195312
4448.37792969,691.732116699
4449.58544922,692.055664062
4449.43115234,692.039855957
4449.36181641,692.044128418
4447.02880859,691.647460938
4448.63232422,692.030700684
4448.48339844,692.02331543
4448.40429688,692.011291504
4448.33398438,692.015625
4448.26513672,692.020141602
4446.34912109,691.596984863
4444.50585938,691.526672363
4444.36767578,691.535583496
4443.92724609,691.521118164
4443.92724609,691.521118164
4443.64501953,691.530639648
4443.51611328,691.555664062
4443.43115234,691.535461426
4443.35253906,691.523498535
4442.85791016,691.538024902
4442.36816406,691.560546875
4442.29882812,691.564941406
