682.77520752,95.7920608521
682.77734375,95.7923583984
682.781799316,95.7928466797
682.786437988,95.7934417725
682.75958252,95.7915267944
682.790893555,95.7939529419
682.777038574,95.8034133911
682.797485352,95.7958908081
682.783813477,95.8041763306
682.788452148,95.8047332764
682.788452148,95.8047332764
682.804260254,95.7966766357
682.80871582,95.7959899902
682.80871582,95.7959899902
682.752624512,95.8017807007
682.806152344,95.806854248
682.739440918,95.7904586792
682.737121582,95.7999725342
682.734863281,95.7997512817
682.734924316,95.7910995483
682.810668945,95.806137085
682.726074219,95.7888336182
682.73260498,95.7995223999
682.721557617,95.7981262207
682.835510254,95.7990646362
682.830749512,95.8084335327
682.830749512,95.8084335327
682.717041016,95.7976455688
682.844116211,95.8086929321
682.846313477,95.8101348877
682.850708008,95.8107223511
682.706054688,95.7877807617
682.703918457,95.7862472534
682.853271484,95.8023605347
682.853271484,95.8023605347
682.853271484,95.8023605347
682.855041504,95.8112487793
682.866333008,95.8124694824
682.632507324,95.7816543579
682.618896484,95.7826309204
682.580810547,95.7904510498
682.578735352,95.7901229858
682.57421875,95.789642334
682.57421875,95.789642334
682.57421875,95.789642334
682.569824219,95.7903518677
682.558776855,95.7779846191
682.560791016,95.78931427
682.518737793,95.7759170532
682.51171875,95.7763366699
682.509460449,95.7895126343
682.509460449,95.7895126343
682.505249023,95.7755584717
682.487304688,95.7759857178
682.487304688,95.7759857178
682.493835449,95.7889556885
682.478149414,95.7883529663
682.460632324,95.7765350342
682.464904785,95.7892532349
682.460449219,95.7752685547
682.451293945,95.7889709473
682.426879883,95.7897415161
682.382446289,95.7747802734
682.391052246,95.7892913818
682.377990723,95.7755584717
682.386535645,95.7912750244
682.366760254,95.7754516602
682.362426758,95.7749023438
682.35345459,95.7763977051
682.33782959,95.7757568359
682.335449219,95.7755203247
682.326660156,95.7757263184
682.326660156,95.7757263184
682.333068848,95.7936172485
682.292724609,95.7963867188
682.290527344,95.7972946167
682.28137207,95.7986984253
682.248413086,95.7813568115
682.248413086,95.7813568115
682.210388184,95.7856063843
682.187927246,95.7879333496
682.178955078,95.7904815674
682.176757812,95.7903366089
682.174560547,95.791267395
682.172302246,95.7897415161
682.180847168,95.8104019165
682.176208496,95.8123779297
682.174072266,95.8145141602
682.145446777,95.7940139771
682.145446777,95.7940139771
682.171875,95.8154449463
682.171875,95.8154449463
682.132141113,95.79737854
682.151855469,95.8205337524
682.127624512,95.7968673706
682.118530273,95.8007202148
682.12689209,95.8262710571
682.124694824,95.8272476196
682.084716797,95.8079452515
682.117980957,95.8301544189
682.11126709,95.8305740356
682.071411133,95.8112106323
682.11114502,95.8318328857
682.108947754,95.8328094482
682.097717285,95.8364028931
682.08416748,95.8410720825
682.049255371,95.8159637451
682.046813965,95.8157653809
682.046875,95.8170089722
682.046875,95.8170089722
682.028930664,95.8210144043
682.032409668,95.8657836914
681.992980957,95.8340377808
681.970336914,95.8437576294
682.014282227,95.8747253418
681.965881348,95.8469314575
681.965881348,95.8469314575
681.965881348,95.8469314575
681.963745117,95.8467025757
681.961486816,95.8476104736
682.012023926,95.8768920898
681.952270508,95.8527908325
682.000610352,95.8842697144
681.998474121,95.886390686
681.996398926,95.8885498047
681.989624023,95.8914642334
681.923034668,95.8702468872
681.913879395,95.8753356934
681.973754883,95.8970336914
681.971679688,95.8979644775
681.958190918,95.8977279663
681.909423828,95.8785095215
681.904907227,95.8792495728
681.931213379,95.8958816528
681.902770996,95.8826141357
681.898071289,95.8857955933
682.848327637,96.1379547119
682.859558105,96.1404190063
682.858459473,96.1920394897
682.858459473,96.1920394897
682.856201172,96.1930084229
682.838256836,96.1909713745
682.845031738,96.1929702759
682.820373535,96.1938247681
682.793640137,96.1931762695
682.716674805,96.1374053955
682.709899902,96.1365661621
682.749084473,96.192817688
682.731140137,96.1931610107
682.687438965,96.1389694214
682.719909668,96.193145752
682.66973877,96.1379852295
682.697570801,96.1905441284
682.697570801,96.1905441284
682.660827637,96.137008667
682.651733398,96.1371841431
682.649475098,96.1368865967
682.6796875,96.1921615601
682.675292969,96.1903915405
682.675231934,96.1915740967
682.627197266,96.1356582642
682.661743164,96.1924972534
682.618347168,96.1345596313
682.611572266,96.134979248
682.65057373,96.1912612915
682.635070801,96.1931152344
682.600402832,96.136177063
682.619262695,96.1925201416
682.569152832,96.1362075806
682.590332031,96.1916885376
682.581420898,96.1917419434
682.56237793,96.1378555298
682.563476562,96.1908340454
682.53125,96.1341629028
682.524536133,96.1346817017
682.522338867,96.1356506348
682.506713867,96.1338043213
682.512268066,96.1898651123
682.501220703,96.1897964478
682.498840332,96.1882858276
682.492126465,96.1875305176
682.482971191,96.1890029907
682.471984863,96.1888961792
682.438476562,96.1862716675
682.440612793,96.1877365112
682.436218262,96.1871643066
682.422790527,96.1881484985
682.385375977,96.1652069092
682.381286621,96.1486740112
682.378967285,96.1510162354
682.37689209,96.1396408081
682.398193359,96.1865005493
682.380859375,96.176940918
682.38067627,96.17943573
682.383178711,96.1625213623
682.378967285,96.1595001221
682.378417969,96.1804046631
682.380615234,96.1831283569
682.378356934,96.181678772
682.389343262,96.1877822876
682.374755859,96.1418075562
682.372253418,96.1404495239
681.918823242,96.0690460205
681.921020508,96.071723938
681.916503906,96.072479248
681.920898438,96.0729980469
681.918457031,96.0739974976
681.916442871,96.0737075806
681.916442871,96.0737075806
681.924926758,96.096786499
681.875732422,96.0972671509
681.869140625,96.1013717651
681.860046387,96.1040649414
681.855529785,96.1047821045
681.85559082,96.1059417725
681.848937988,96.1051635742
681.848876953,96.1075668335
681.844360352,96.1070785522
681.806335449,96.1125564575
681.802001953,96.1119689941
681.795349121,96.1136550903
682.035888672,96.1257095337
681.992248535,96.1809158325
682.005737305,96.1800460815
682.042663574,96.1264953613
682.051452637,96.1250991821
682.053771973,96.1277160645
681.743896484,96.1163024902
682.055847168,96.1268539429
682.058044434,96.1270904541
682.058166504,96.1258392334
682.059082031,96.1814117432
682.071533203,96.1274261475
682.07598877,96.1315612793
682.078125,96.1380233765
681.782714844,96.1761932373
681.76940918,96.1746063232
681.710327148,96.1161193848
681.703674316,96.1165771484
681.701416016,96.1175460815
681.694702148,96.1167373657
681.969299316,96.2188262939
682.081848145,96.1642990112
682.081848145,96.1642990112
682.084289551,96.1548080444
682.084289551,96.1510772705
682.090576172,96.1787567139
681.813598633,96.1884078979
681.681274414,96.1152267456
681.973449707,96.2267227173
681.975585938,96.2317886353
682.092773438,96.1742477417
682.092773438,96.1754455566
682.092773438,96.1754455566
682.092712402,96.1767044067
681.73840332,96.1722106934
681.733764648,96.1729202271
681.674804688,96.116859436
681.672363281,96.117767334
681.672363281,96.1190414429
681.672363281,96.1190414429
681.667907715,96.1172409058
681.977478027,96.2407150269
681.819946289,96.2087554932
681.691345215,96.1741485596
681.988525391,96.2530288696
681.986206055,96.2540664673
681.832824707,96.2348480225
681.686950684,96.1735916138
681.634643555,96.1158294678
681.834838867,96.2437210083
681.664489746,96.1734695435
682.00567627,96.278465271
681.657897949,96.1726608276
681.644470215,96.1711807251
682.016662598,96.2968978882
682.018737793,96.3021316528
681.581237793,96.1145324707
681.576721191,96.1152038574
682.023193359,96.3038711548
682.029907227,96.3046264648
681.593200684,96.1737670898
681.547851562,96.1131057739
681.514282227,96.1129226685
681.50994873,96.1122894287
681.526489258,96.1695785522
681.500915527,96.111328125
681.496704102,96.1120071411
681.493103027,96.1706848145
681.484008789,96.1695861816
681.475341797,96.168586731
681.475524902,96.1660385132
681.473083496,96.1683197021
681.419616699,96.16822052
681.419494629,96.1694564819
681.410644531,96.1684188843
681.400634766,96.1095199585
681.398620605,96.1091842651
681.391845703,96.1109008789
681.401733398,96.1686172485
681.399536133,96.1670532227
681.3828125,96.1086730957
681.371826172,96.108581543
681.356323242,96.1079559326
681.325134277,96.1067504883
681.273742676,96.105682373
681.251525879,96.1092147827
681.247131348,96.1099243164
681.247314453,96.1061935425
681.224914551,96.1061019897
681.222595215,96.1058807373
681.222839355,96.1046066284
681.246032715,96.1638641357
681.243591309,96.1636428833
681.209350586,96.1031646729
681.190124512,96.1635894775
681.092468262,96.1595001221
