690.278625488,-154.391677856
690.29309082,-154.384353638
690.303833008,-154.396682739
690.263671875,-154.377258301
690.313964844,-154.389678955
690.311035156,-154.395477295
690.311035156,-154.395477295
690.239990234,-154.381515503
690.239990234,-154.381515503
690.32043457,-154.393600464
690.322387695,-154.399032593
690.329162598,-154.399185181
690.334411621,-154.393768311
690.338989258,-154.394683838
690.226135254,-154.377563477
690.223876953,-154.377090454
690.340393066,-154.403945923
690.350097656,-154.398239136
690.350097656,-154.398239136
690.220214844,-154.366104126
690.217834473,-154.366928101
690.361755371,-154.399185181
690.363891602,-154.403396606
690.364196777,-154.399612427
690.366333008,-154.401397705
690.366333008,-154.401397705
690.368469238,-154.403121948
690.368591309,-154.401809692
690.374816895,-154.410705566
690.382446289,-154.403320312
690.377075195,-154.411148071
690.384094238,-154.412490845
690.384094238,-154.412490845
690.178222656,-154.368057251
690.390930176,-154.413848877
690.398132324,-154.411437988
690.406860352,-154.41708374
690.405212402,-154.409072876
690.405212402,-154.409072876
690.405212402,-154.409072876
690.15423584,-154.349227905
690.412353516,-154.409118652
690.411376953,-154.41796875
690.413818359,-154.41835022
690.144897461,-154.347442627
690.144897461,-154.347442627
690.421569824,-154.410888672
690.138122559,-154.346130371
690.114379883,-154.351593018
690.436584473,-154.422943115
690.442077637,-154.415023804
690.443786621,-154.421783447
690.445678711,-154.424743652
690.45324707,-154.418518066
690.45300293,-154.423538208
690.455505371,-154.420257568
690.098693848,-154.344665527
690.462341309,-154.422821045
690.465026855,-154.419570923
690.467041016,-154.421264648
690.469604492,-154.420425415
690.469543457,-154.419219971
690.087341309,-154.342391968
690.092529297,-154.333236694
690.080444336,-154.34223938
690.471313477,-154.427139282
690.471923828,-154.41960144
690.476196289,-154.423110962
690.071289062,-154.33921814
690.484863281,-154.431228638
690.489929199,-154.429534912
690.494262695,-154.430496216
690.499145508,-154.430145264
690.499206543,-154.427612305
690.494689941,-154.424240112
690.501586914,-154.428085327
690.503295898,-154.433532715
690.50378418,-154.427276611
690.041564941,-154.330886841
690.507995605,-154.433181763
690.513122559,-154.429122925
690.521911621,-154.433425903
690.521911621,-154.433425903
690.520019531,-154.429122925
690.040405273,-154.315383911
690.038269043,-154.316116333
690.026733398,-154.31388855
690.02130127,-154.324295044
690.528564453,-154.437240601
690.526184082,-154.438018799
690.024291992,-154.313461304
690.019042969,-154.322570801
690.546813965,-154.440917969
690.549438477,-154.441345215
690.549682617,-154.436340332
690.547790527,-154.433395386
690.556152344,-154.442626953
690.010986328,-154.305786133
690.563232422,-154.441543579
690.561523438,-154.434799194
690.565673828,-154.440750122
690.572631836,-154.440856934
690.579650879,-154.440933228
689.975708008,-154.310211182
690.584228516,-154.440689087
690.584533691,-154.438156128
690.588989258,-154.438995361
689.966674805,-154.307235718
690.604492188,-154.449737549
690.609741211,-154.44303894
690.616088867,-154.450698853
689.961242676,-154.289520264
690.61895752,-154.444915771
690.61907959,-154.443618774
690.621276855,-154.444107056
690.62298584,-154.452056885
689.952270508,-154.285186768
690.649047852,-154.446960449
690.653442383,-154.447937012
690.660217285,-154.451812744
690.662475586,-154.452316284
690.669250488,-154.453643799
690.669616699,-154.451156616
690.669616699,-154.449874878
689.922851562,-154.275527954
690.666870117,-154.45690918
690.669250488,-154.456100464
690.672058105,-154.450302124
690.681213379,-154.452087402
690.680541992,-154.459625244
690.68347168,-154.452560425
689.913879395,-154.272476196
689.91394043,-154.271224976
689.889953613,-154.280517578
689.887634277,-154.280059814
689.885253906,-154.279556274
689.876220703,-154.276611328
689.880310059,-154.256958008
689.878051758,-154.256530762
689.873962402,-154.276184082
689.864990234,-154.271774292
689.862792969,-154.271316528
689.860473633,-154.269699097
689.853637695,-154.268234253
689.857666016,-154.247436523
689.857666016,-154.247436523
689.842468262,-154.263473511
689.842102051,-154.240478516
689.842102051,-154.240478516
689.817749023,-154.253509521
689.817749023,-154.253509521
689.817749023,-154.253509521
690.775146484,-154.470657349
690.778076172,-154.462356567
690.796142578,-154.470993042
690.796142578,-154.470993042
689.824157715,-154.231811523
689.806640625,-154.248764038
690.805725098,-154.466537476
690.805908203,-154.465332031
689.80847168,-154.22492981
690.817138672,-154.470046997
690.815063477,-154.467056274
690.821777344,-154.470932007
689.801696777,-154.222320557
689.779663086,-154.237106323
689.779663086,-154.237106323
690.828674316,-154.471084595
690.832763672,-154.47694397
690.837585449,-154.475418091
690.838195801,-154.469100952
690.83782959,-154.476638794
690.840087891,-154.474594116
690.842468262,-154.4737854
690.842773438,-154.469940186
689.76159668,-154.228393555
689.759460449,-154.228012085
690.844726562,-154.47177124
690.847351074,-154.470916748
690.849487305,-154.472686768
689.768310547,-154.204330444
689.768310547,-154.204330444
689.765808105,-154.203811646
690.856018066,-154.479034424
690.861206055,-154.471191406
690.865661621,-154.473327637
689.766235352,-154.202514648
689.757141113,-154.198226929
689.754760742,-154.197799683
689.754699707,-154.196563721
689.743896484,-154.190505981
689.739318848,-154.187194824
689.737060547,-154.186660767
690.897766113,-154.482147217
689.73046875,-154.182815552
690.90057373,-154.475112915
690.90057373,-154.475112915
690.90057373,-154.475112915
690.906921387,-154.483932495
690.902893066,-154.475585938
690.911621094,-154.483566284
690.925415039,-154.485076904
690.916748047,-154.475738525
690.921630859,-154.476638794
690.92376709,-154.477050781
689.68572998,-154.190597534
689.68347168,-154.190078735
690.930236816,-154.483444214
690.934875488,-154.483093262
690.934692383,-154.485671997
690.935241699,-154.479293823
689.678894043,-154.187896729
690.937744141,-154.477249146
690.944580078,-154.479888916
690.944580078,-154.479888916
690.94934082,-154.478317261
690.951538086,-154.478805542
689.681945801,-154.150375366
689.679870605,-154.148635864
690.976928711,-154.479995728
690.983947754,-154.481338501
689.628051758,-154.156219482
690.986328125,-154.480621338
689.660095215,-154.134552002
689.655517578,-154.132354736
689.655517578,-154.132354736
689.616943359,-154.151550293
689.616943359,-154.151550293
691.002624512,-154.482437134
691.005004883,-154.482940674
691.014221191,-154.483413696
691.014221191,-154.483413696
689.610168457,-154.147628784
691.018127441,-154.491943359
691.025146484,-154.492019653
691.025146484,-154.492019653
691.02746582,-154.491165161
691.030517578,-154.482940674
689.618591309,-154.100967407
689.614379883,-154.097518921
689.605529785,-154.089447021
689.605834961,-154.085693359
689.546630859,-154.101959229
689.537841797,-154.093948364
689.537841797,-154.093948364
689.586608887,-154.066650391
689.588928223,-154.065841675
689.535827637,-154.090942383
689.582275391,-154.063171387
689.578369141,-154.055969238
689.518188477,-154.078552246
689.571960449,-154.047164917
689.571960449,-154.047164917
689.571960449,-154.047164917
689.569702148,-154.045501709
689.543457031,-153.99710083
689.54095459,-153.99659729
689.458618164,-154.01335144
689.453918457,-154.012435913
689.451782227,-154.009490967
689.451904297,-154.00819397
689.447509766,-154.004837036
689.445617676,-154.000595093
689.533081055,-153.982330322
689.53338623,-153.979766846
689.43951416,-153.991760254
689.437438965,-153.987564087
689.435180664,-153.987136841
689.435241699,-153.98588562
689.435241699,-153.98588562
689.523620605,-153.953781128
689.412902832,-153.947067261
689.412902832,-153.94581604
689.401794434,-153.909393311
689.397644043,-153.904708862
689.520385742,-153.880554199
689.518310547,-153.877578735
689.518859863,-153.871337891
689.52142334,-153.868026733
689.390014648,-153.856079102
689.523742676,-153.868515015
689.519348145,-153.86505127
689.524047852,-153.864730835
689.524230957,-153.860961914
689.385559082,-153.853881836
689.386230469,-153.843917847
689.535766602,-153.836471558
689.533569336,-153.83480835
689.533630371,-153.832321167
689.533996582,-153.827270508
689.531799316,-153.826843262
689.386779785,-153.809692383
689.387573242,-153.802154541
689.387634277,-153.799667358
689.385742188,-153.793014526
689.386291504,-153.785446167
689.384277344,-153.785018921
689.560852051,-153.785400391
689.61315918,-153.795837402
689.622253418,-153.798828125
689.644775391,-153.808380127
689.354003906,-153.700195312
689.649414062,-153.809280396
689.658508301,-153.809738159
689.665222168,-153.813690186
689.33605957,-153.692840576
689.62322998,-153.730361938
689.629943848,-153.734207153
689.629943848,-153.734207153
689.650268555,-153.740753174
689.659240723,-153.743804932
689.672851562,-153.750305176
689.335876465,-153.691574097
689.31817627,-153.684265137
689.687866211,-153.821990967
689.687866211,-153.821990967
689.694519043,-153.824539185
689.622680664,-153.708602905
689.279724121,-153.672836304
689.397888184,-153.645278931
689.711242676,-153.761734009
689.275146484,-153.670623779
689.372741699,-153.640365601
689.375183105,-153.638305664
689.632873535,-153.696563721
689.75378418,-153.781570435
689.756286621,-153.78074646
689.366149902,-153.635253906
689.35736084,-153.630889893
689.346008301,-153.626235962
689.762817383,-153.784637451
689.767211914,-153.786727905
689.7578125,-153.845977783
689.461364746,-153.636108398
689.328063965,-153.619979858
689.650024414,-153.686096191
689.78112793,-153.789413452
689.459533691,-153.629440308
689.66003418,-153.676544189
689.792236328,-153.794250488
689.794372559,-153.797149658
689.780090332,-153.856735229
689.803527832,-153.79901123
689.472045898,-153.619216919
689.47467041,-153.614608765
689.285339355,-153.602722168
689.665100098,-153.672424316
689.802856445,-153.862548828
689.817016602,-153.805435181
689.489013672,-153.609848022
689.246643066,-153.591339111
689.251403809,-153.589797974
689.692504883,-153.648635864
689.875610352,-153.829605103
689.702087402,-153.644165039
689.697875977,-153.640670776
689.870544434,-153.888565063
689.702819824,-153.637878418
689.707763672,-153.632537842
689.902282715,-153.838806152
689.890991211,-153.896331787
689.922790527,-153.846694946
689.922790527,-153.846694946
689.897827148,-153.896469116
689.902404785,-153.898651123
689.93170166,-153.851028442
689.922546387,-153.907577515
689.936096191,-153.911575317
689.938476562,-153.912063599
689.994812012,-153.876174927
690.013000488,-153.880966187
690.015136719,-153.882705688
690.026489258,-153.88873291
690.028625488,-153.889144897
690.046813965,-153.895309448
690.055603027,-153.89956665
690.06262207,-153.900939941
690.064758301,-153.957336426
690.087341309,-153.910858154
690.064758301,-153.959899902
690.091918945,-153.913024902
690.094177246,-153.913452148
690.100891113,-153.917358398
690.10748291,-153.921188354
690.082702637,-153.967254639
690.118835449,-153.924804688
690.098632812,-153.971679688
690.10546875,-153.974227905
690.15057373,-153.936035156
690.11907959,-153.979522705
690.173156738,-153.941772461
690.161865234,-153.996841431
690.1640625,-153.997253418
690.213806152,-153.958709717
690.209228516,-154.01385498
690.272521973,-153.980453491
690.25201416,-154.031234741
690.288208008,-153.987487793
690.261169434,-154.033065796
690.27923584,-154.040420532
690.281616211,-154.03956604
690.286071777,-154.041702271
690.403198242,-154.032974243
690.39453125,-154.082275391
690.396789551,-154.082733154
690.42565918,-154.041213989
690.398986816,-154.084396362
690.466064453,-154.060623169
690.441772461,-154.101745605
690.446350098,-154.102645874
690.453125,-154.105224609
690.464477539,-154.108764648
690.495605469,-154.070266724
690.473632812,-154.111816406
690.527282715,-154.081619263
690.509643555,-154.125305176
690.516418457,-154.129150391
690.536682129,-154.13571167
690.583679199,-154.102905273
690.586120605,-154.103378296
690.557189941,-154.143615723
690.6015625,-154.110336304
690.600097656,-154.158401489
690.639953613,-154.125564575
690.60925293,-154.161453247
690.61138916,-154.163146973
690.613708496,-154.162414551
690.660217285,-154.13470459
690.667053223,-154.135986328
690.667175293,-154.134780884
690.669433594,-154.136444092
690.643127441,-154.17326355
690.685302734,-154.142089844
690.649963379,-154.175857544
690.656738281,-154.178527832
690.701293945,-154.147750854
690.668029785,-154.182006836
690.668029785,-154.18321228
690.672729492,-154.184158325
690.705444336,-154.152496338
690.705444336,-154.151138306
690.712341309,-154.153747559
690.676940918,-154.187591553
690.683776855,-154.190185547
690.716796875,-154.156021118
690.728210449,-154.161895752
690.692871094,-154.192077637
690.732666016,-154.162887573
690.753112793,-154.169418335
690.755249023,-154.169937134
690.755310059,-154.168685913
690.742797852,-154.210678101
690.766723633,-154.17350769
690.777770996,-154.17829895
690.758544922,-154.216445923
690.784606934,-154.180786133
690.80480957,-154.189880371
690.802612305,-154.188171387
690.78338623,-154.22517395
690.787902832,-154.227310181
690.79486084,-154.227478027
690.79699707,-154.230300903
690.829711914,-154.199890137
690.81060791,-154.234359741
690.838928223,-154.201660156
690.840942383,-154.203399658
690.833007812,-154.243881226
690.866027832,-154.212127686
690.868164062,-154.213821411
690.87701416,-154.218170166
690.879516602,-154.217422485
690.901977539,-154.228103638
690.901977539,-154.228103638
690.915527344,-154.230895996
690.872924805,-154.270874023
690.87487793,-154.276351929
690.881469727,-154.280166626
690.870361328,-154.274124146
690.868103027,-154.273666382
690.868103027,-154.273666382
690.929443359,-154.292205811
690.934143066,-154.293167114
691.011657715,-154.252380371
691.000793457,-154.302520752
691.000793457,-154.302520752
691.005371094,-154.304656982
691.002990723,-154.305374146
691.00970459,-154.308013916
691.021179199,-154.310379028
691.025756836,-154.311203003
691.025512695,-154.313705444
691.030090332,-154.315887451
691.043823242,-154.318588257
690.356445312,-154.3802948
690.36328125,-154.380386353
690.365478516,-154.380905151
690.372375488,-154.383468628
690.372375488,-154.383468628
690.374755859,-154.382675171
690.381652832,-154.382736206
690.388427734,-154.385360718
690.39074707,-154.384521484
690.40045166,-154.383804321
690.417114258,-154.378219604
690.419555664,-154.376220703
690.419677734,-154.373764038
690.422241211,-154.37046814
