1650.49182129,602.371704102
1650.48181152,602.374328613
1650.48278809,602.377807617
1650.49182129,602.371704102
1650.50817871,602.395874023
1650.52062988,602.403076172
1650.4979248,602.398498535
1650.50952148,602.402404785
1650.52294922,602.413085938
1650.52294922,602.413085938
1647.39880371,601.402770996
1647.40075684,601.409423828
1647.42858887,601.437255859
1650.1763916,602.390441895
1650.24682617,602.417480469
1650.28186035,602.429443359
1650.1763916,602.390441895
1650.33874512,602.445739746
1650.35046387,602.449768066
1650.37390137,602.4609375
1650.39672852,602.465332031
1650.39672852,602.465332031
1650.39733887,602.46875
1650.45556641,602.488525391
1650.5357666,602.512634277
1650.60571289,602.536560059
1650.5357666,602.512634277
1650.67504883,602.560119629
1650.72143555,602.575927734
1650.74523926,602.587158203
1650.75646973,602.58770752
1650.81445312,602.60736084
1647.43566895,601.467407227
1647.44970703,601.481384277
1648.56982422,601.90234375
1648.57409668,601.919189453
1648.5390625,601.907287598
1648.52783203,601.903381348
1648.58886719,601.936523438
1648.51611328,601.899414062
1648.61181641,601.944274902
1648.61181641,601.944274902
1648.45849609,601.879699707
1648.45739746,601.876342773
1648.64355469,601.942687988
1648.64355469,601.942687988
1648.66809082,601.957275391
1648.38867188,601.856079102
1648.71459961,601.972961426
1648.72460938,601.970275879
1648.72509766,601.973449707
1648.35241699,601.837524414
1648.33081055,601.836364746
1648.29553223,601.821166992
1648.25012207,601.808898926
1647.4720459,601.532104492
1647.47387695,601.538513184
1648.38317871,601.875549316
1648.16503906,601.807556152
1648.19909668,601.819213867
1648.25695801,601.838806152
1647.89038086,601.726379395
1647.83312988,601.709960938
1647.83447266,601.713439941
1647.79858398,601.698181152
1647.69616699,601.669494629
1647.68530273,601.668945312
1647.66247559,601.661071777
1643.53137207,600.381225586
1643.53234863,600.384399414
1646.47436523,601.397827148
1646.49853516,601.41229248
1646.44128418,601.392822266
1646.4074707,601.384216309
1646.39672852,601.383728027
1646.36120605,601.368530273
1646.34960938,601.364562988
1646.30407715,601.352355957
1642.38647461,600.05255127
1642.39953613,600.063049316
1642.36401367,600.048034668
1642.32128906,600.045654297
1642.29577637,600.027832031
1642.3104248,600.045043945
1642.28649902,600.033874512
1642.28747559,600.037353516
1642.28833008,600.040588379
1642.2746582,600.026733398
1642.24401855,600.031616211
1642.24499512,600.03503418
1642.23242188,600.027709961
1642.20898438,600.016662598
1642.20898438,600.016662598
1642.19799805,600.015991211
1642.19799805,600.015991211
1651.01965332,603.335449219
1650.94104004,603.360717773
1650.94104004,603.360717773
1650.89501953,603.348205566
1650.62207031,603.276977539
1650.51953125,603.24798584
1650.41479492,603.166320801
1650.45141602,603.231018066
1650.34729004,603.152587891
1650.33569336,603.148376465
1650.25610352,603.127563477
1650.22131348,603.115722656
1650.19995117,603.114562988
1650.20922852,603.154724121
1650.19970703,603.157470703
1650.1204834,603.093688965
1650.1105957,603.096496582
1650.13305664,603.147216797
1650.07507324,603.127441406
1650.07592773,603.13079834
1650.08825684,603.138000488
1650.06591797,603.133544922
1650.00598145,603.060852051
1650.00854492,603.117004395
1649.9864502,603.112548828
1649.97570801,603.112060547
1649.89526367,603.087646484
1649.88146973,603.030700684
1649.88525391,603.090270996
1649.84008789,603.081176758
1649.71118164,602.984985352
1649.6496582,603.041015625
1649.54187012,602.945739746
1649.52111816,602.947753906
1649.49243164,603.005737305
1649.46813965,602.994384766
1649.41918945,602.922485352
1649.3572998,602.975036621
1649.28234863,602.885192871
1649.28234863,602.885192871
1649.32409668,602.969787598
1649.32470703,602.973205566
1649.19384766,602.870422363
1649.17053223,602.862304688
1649.16040039,602.861816406
1649.09277344,602.848022461
1648.94689941,602.816894531
1648.92492676,602.812316895
1648.88024902,602.803283691
1648.74572754,602.776000977
1648.80200195,602.878173828
1648.55615234,602.739013672
1648.77001953,602.876281738
1648.70239258,602.859375
1648.69250488,602.865234375
1648.42297363,602.715209961
1648.56176758,602.851379395
1648.47399902,602.83996582
1648.47473145,602.843261719
1648.4276123,602.82409668
1648.45153809,602.835388184
1648.4185791,602.830322266
1648.36364746,602.823791504
1648.3416748,602.819519043
1648.36560059,602.830688477
1648.31164551,602.827636719
1648.3001709,602.823730469
1648.12719727,602.678833008
1648.09423828,602.67376709
1648.31225586,602.830993652
1648.04968262,602.664550781
1648.01635742,602.659545898
1648.00549316,602.658874512
1648.11743164,602.816711426
1648.0423584,602.812438965
1648.03125,602.812011719
1647.76806641,602.642333984
1647.74536133,602.637756348
1647.72253418,602.629882812
1647.95825195,602.817749023
1647.68078613,602.634155273
1647.66003418,602.636352539
1647.625,602.62109375
1647.90551758,602.818054199
1647.57287598,602.624755859
1647.57287598,602.624755859
1647.85266113,602.821838379
1647.52783203,602.615722656
1647.8092041,602.816101074
1647.48461914,602.61328125
1647.77978516,602.827514648
1647.13391113,602.613525391
1647.0324707,602.63092041
1646.98925781,602.628540039
