828.961669922,-107.120223999
828.973999023,-107.118843079
828.973999023,-107.118843079
828.968017578,-107.115142822
828.95892334,-107.112724304
828.955871582,-107.110832214
828.943237305,-107.113731384
828.943237305,-107.113731384
828.934387207,-107.109718323
828.928039551,-107.107635498
828.925170898,-107.104347229
828.919311523,-107.100761414
828.910095215,-107.098220825
828.88848877,-107.095687866
828.888671875,-107.094200134
828.88873291,-107.092811584
828.876647949,-107.087051392
828.873474121,-107.088104248
828.86730957,-107.087387085
828.864135742,-107.087020874
828.864440918,-107.085494995
828.861206055,-107.086601257
828.851989746,-107.085571289
829.924438477,-107.178062439
829.936889648,-107.179534912
830.013793945,-107.187255859
830.016784668,-107.18762207
830.016784668,-107.18762207
830.038513184,-107.188728333
830.054077148,-107.189071655
830.060180664,-107.189903259
830.084777832,-107.194213867
830.094055176,-107.195335388
830.115783691,-107.194961548
830.121887207,-107.195762634
830.143554688,-107.198249817
830.158874512,-107.198654175
830.143554688,-107.198249817
830.229919434,-107.205612183
830.242248535,-107.205673218
830.279296875,-107.210083008
830.285522461,-107.20929718
830.304138184,-107.211540222
830.319396973,-107.213348389
830.322692871,-107.212226868
830.331726074,-107.214836121
830.35357666,-107.21446228
830.362731934,-107.215629578
830.396728516,-107.219612122
830.399841309,-107.219894409
830.409057617,-107.219642639
830.439941406,-107.223304749
830.452270508,-107.223304749
830.455505371,-107.223686218
830.467773438,-107.223762512
830.477050781,-107.224853516
830.489379883,-107.226295471
830.501708984,-107.226295471
830.510925293,-107.227432251
830.514038086,-107.227844238
830.513977051,-107.2293396
830.541809082,-107.231079102
830.551086426,-107.232139587
830.554260254,-107.231071472
830.557373047,-107.231399536
830.566589355,-107.232566833
830.569641113,-107.232910156
830.578979492,-107.234046936
830.600585938,-107.236587524
830.643920898,-107.238891602
830.653320312,-107.239875793
830.33001709,-107.123321533
830.323852539,-107.119728088
830.339233398,-107.124443054
830.342407227,-107.123382568
830.360778809,-107.126983643
830.363708496,-107.127372742
830.382507324,-107.126655579
830.392028809,-107.123413086
830.401062012,-107.124534607
830.404174805,-107.126396179
830.407348633,-107.128128052
