830.148620605,-107.265068054
830.137145996,-107.246353149
830.134033203,-107.245994568
830.13092041,-107.245605469
830.124572754,-107.246353149
830.199279785,-107.239242554
830.217651367,-107.244308472
830.217712402,-107.242866516
830.217712402,-107.242866516
829.219055176,-107.102684021
829.243591309,-107.105583191
829.382141113,-107.116226196
829.369873047,-107.111938477
829.357788086,-107.108970642
829.345458984,-107.11038208
829.342651367,-107.105682373
829.339294434,-107.105415344
829.32409668,-107.103507996
829.327331543,-107.099487305
829.32409668,-107.100639343
829.302612305,-107.096763611
829.299438477,-107.09778595
829.327636719,-107.088134766
829.30291748,-107.09375
829.299804688,-107.092018127
829.293762207,-107.091178894
829.290588379,-107.092338562
829.290771484,-107.090873718
829.337097168,-107.08769989
829.340209961,-107.088127136
829.297058105,-107.084411621
829.272338867,-107.084434509
829.266052246,-107.083686829
829.266235352,-107.086547852
829.263305664,-107.081825256
829.256958008,-107.08404541
829.256774902,-107.085418701
829.253967285,-107.080810547
829.244812012,-107.079666138
829.374084473,-107.092079163
829.37713623,-107.092475891
829.74987793,-107.123672485
829.752929688,-107.124000549
829.75592041,-107.124427795
829.762145996,-107.125175476
829.96862793,-107.143821716
829.993347168,-107.145271301
829.993347168,-107.145271301
830.023986816,-107.14755249
830.036437988,-107.149040222
830.057983398,-107.150131226
830.064147949,-107.152252197
830.076721191,-107.152297974
830.079589844,-107.152694702
830.10723877,-107.155975342
830.104431152,-107.154129028
830.132080078,-107.157371521
830.138122559,-107.158164978
830.138122559,-107.158164978
830.159790039,-107.159263611
830.196655273,-107.163696289
830.218322754,-107.164787292
830.230651855,-107.166229248
830.243103027,-107.166282654
830.273925781,-107.169921875
830.295532227,-107.171073914
830.335571289,-107.175819397
830.347961426,-107.17578125
830.320251465,-107.172523499
830.335571289,-107.175819397
830.369628906,-107.178352356
830.381713867,-107.179870605
830.446594238,-107.186027527
830.431091309,-107.18283844
830.477416992,-107.188240051
830.480529785,-107.18863678
830.492797852,-107.190078735
830.499023438,-107.189323425
830.508300781,-107.190437317
830.511291504,-107.192321777
830.560852051,-107.195220947
830.563781738,-107.195617676
830.576171875,-107.197059631
830.616333008,-107.200401306
830.61328125,-107.198554993
830.622497559,-107.201118469
830.625732422,-107.200035095
830.62878418,-107.200363159
830.634765625,-107.201156616
830.641113281,-107.201843262
830.665649414,-107.203384399
830.671936035,-107.204078674
830.696716309,-107.207000732
830.699462891,-107.207374573
830.727233887,-107.209228516
830.739746094,-107.209197998
830.746032715,-107.211425781
830.749328613,-107.210342407
830.758422852,-107.211425781
830.770690918,-107.212867737
830.782958984,-107.214355469
830.782958984,-107.214355469
830.813842773,-107.216598511
830.82019043,-107.217292786
830.820251465,-107.21585083
830.832336426,-107.218818665
830.854125977,-107.219970703
830.860229492,-107.22063446
830.860290527,-107.219177246
830.875671387,-107.220985413
830.878723145,-107.221412659
830.897155762,-107.223632812
830.906555176,-107.22328949
830.912719727,-107.225440979
830.971374512,-107.229454041
830.971496582,-107.228050232
830.977539062,-107.230224609
830.980773926,-107.230583191
830.983886719,-107.229560852
830.986938477,-107.229850769
830.993103027,-107.23059082
831.042480469,-107.235054016
831.054992676,-107.236473083
831.06427002,-107.236068726
831.138366699,-107.243415833
831.135375977,-107.241615295
831.141601562,-107.239509583
831.132263184,-107.238456726
831.147644043,-107.240226746
831.132568359,-107.2368927
831.148132324,-107.23298645
831.129943848,-107.223625183
831.127075195,-107.221809387
831.12701416,-107.22039032
831.127258301,-107.217422485
831.136474609,-107.218551636
831.136474609,-107.218551636
831.127380371,-107.214561462
831.127380371,-107.214561462
831.127319336,-107.21321106
830.72253418,-107.118766785
830.728759766,-107.115196228
