1656.39489746,604.87512207
1656.38549805,604.881164551
1656.38549805,604.881164551
1656.41210938,604.902587891
1656.41210938,604.902587891
1656.40222168,604.905334473
1656.39050293,604.901367188
1656.39050293,604.901367188
1656.43713379,604.917236328
1654.76977539,604.398376465
1654.78210449,604.405700684
1654.78271484,604.409179688
1654.78625488,604.422424316
1654.80371094,604.453186035
1654.80627441,604.463195801
1654.82006836,604.477294922
1654.82116699,604.480712891
1658.11901855,605.619934082
1658.10778809,605.61920166
1657.76843262,605.503662109
1657.78027344,605.507507324
1657.7689209,605.506835938
1657.74584961,605.498901367
1657.83862305,605.527404785
1657.76843262,605.503662109
1658.17797852,605.643005371
1658.23718262,605.666381836
1658.24853516,605.666992188
1658.26086426,605.674377441
1654.82727051,604.507507324
1654.84289551,604.528198242
1655.79882812,604.897155762
1655.81286621,604.911071777
1655.83544922,604.915710449
1655.85986328,604.927001953
1655.73120117,604.883300781
1655.73120117,604.883300781
1655.81750488,604.931091309
1655.82897949,604.935241699
1655.88183594,604.931640625
1655.79394531,604.923217773
1655.70690918,604.871948242
1655.68359375,604.864135742
1655.67126465,604.856689453
1655.66027832,604.856018066
1655.7487793,604.910583496
1655.7947998,604.926513672
1655.77160645,604.918640137
1655.76013184,604.914794922
1655.64855957,604.851989746
1655.71337891,604.898864746
1654.86657715,604.582397461
1654.88256836,604.603271484
1656.12817383,605.018554688
1656.140625,605.025817871
1656.15124512,605.026489258
1656.10632324,605.017333984
1656.17468262,605.034423828
1656.08300781,605.009338379
1656.0489502,605.000671387
1656.02368164,604.986022949
1656.01306152,604.985473633
1655.5513916,604.849731445
1655.54052734,604.849365234
1655.51733398,604.841247559
1655.50549316,604.837280273
1655.4362793,604.816711426
1655.42541504,604.816101074
1655.41369629,604.812072754
1655.40222168,604.808166504
1653.84631348,604.437988281
1653.77832031,604.420837402
1653.75378418,604.409545898
1649.68774414,603.066345215
1649.67834473,603.07232666
1649.63415527,603.063354492
1649.59924316,603.051452637
1649.59924316,603.051452637
1649.5892334,603.054199219
1649.57836914,603.053588867
1649.55639648,603.052368164
1649.43127441,603.018981934
1649.45483398,603.026794434
1649.4552002,603.030029297
1649.46655273,603.030761719
1649.46691895,603.034057617
1658.39465332,606.377685547
1658.2565918,606.339904785
1658.40734863,606.43157959
1658.19836426,606.323303223
1658.19836426,606.323303223
1658.22302246,606.380981445
1658.14233398,606.313415527
1658.1081543,606.304870605
1658.02697754,606.280151367
1658.02697754,606.280151367
1657.98193359,606.270874023
1657.85412598,606.23046875
1657.92504883,606.304077148
1657.92504883,606.304077148
1657.81970215,606.221740723
1657.76245117,606.208496094
1657.65881348,606.179321289
1657.63525391,606.171325684
1657.68395996,606.240356445
1657.6496582,606.231628418
1657.61547852,606.223144531
1657.36047363,606.099121094
1657.39733887,606.164245605
1657.37280273,606.152770996
1657.36291504,606.155578613
1657.23425293,606.065307617
1657.30773926,606.148986816
1657.30773926,606.148986816
1657.28405762,606.141052246
1657.12536621,606.105285645
1657.05871582,606.094970703
1656.86962891,605.977905273
1656.97839355,606.073608398
1656.94458008,606.068359375
1656.62036133,605.92364502
1656.53027344,605.905212402
1656.6854248,606.016845703
1656.6854248,606.016845703
1656.6619873,606.008850098
1656.43994141,605.886779785
1656.37109375,605.869628906
1656.52783203,605.987792969
1656.3034668,605.855712891
1656.20227051,605.833374023
1656.17895508,605.828735352
1656.32653809,605.953063965
1656.1340332,605.819458008
1656.10095215,605.817565918
1656.11486816,605.920898438
1655.93505859,605.794555664
1655.93347168,605.787963867
1656.07958984,605.908874512
1656.07019043,605.911804199
1656.04699707,605.906982422
1656.04699707,605.906982422
1655.83203125,605.768859863
1655.74279785,605.75378418
1655.65380859,605.742126465
1655.87158203,605.890319824
1655.71887207,605.881408691
1655.35461426,605.701538086
1655.65234375,605.870849609
1655.27941895,605.700500488
1655.26818848,605.696594238
1655.1998291,605.682617188
1655.1998291,605.682617188
1655.5657959,605.869262695
1655.19055176,605.688720703
1655.16833496,605.684143066
1655.52233887,605.866699219
1655.10302734,605.680419922
1655.47888184,605.864196777
1655.46899414,605.866943359
1655.02880859,605.682617188
1655.35876465,605.854003906
1655.26416016,605.864990234
1655.27636719,605.86895752
1654.81921387,605.660644531
1655.18115234,605.876586914
1655.14807129,605.871459961
1654.70141602,605.660339355
1654.69152832,605.663146973
1654.67944336,605.659179688
1654.62731934,605.662719727
1655.07592773,605.883789062
1654.57263184,605.659606934
1654.53051758,605.663696289
1654.51281738,605.679199219
1654.51281738,605.679199219
1654.50170898,605.678466797
1654.4597168,605.679382324
1654.44421387,605.70501709
1654.41577148,605.673706055
1654.40490723,605.676147461
1654.39587402,605.682373047
1654.39782715,605.692321777
