1634.55480957,597.15447998
1634.55700684,597.164245605
1634.57128906,597.18145752
1637.82287598,598.303771973
1637.82458496,598.31036377
1637.84606934,598.314941406
1637.77819824,598.291564941
1637.88146973,598.329833984
1637.91540527,598.338378906
1637.92712402,598.34552002
1637.33288574,598.140136719
1637.34533691,598.147277832
1637.35656738,598.151123047
1637.35656738,598.151123047
1637.36804199,598.155090332
1637.44702148,598.178833008
1637.45837402,598.182922363
1637.51538086,598.202270508
1637.44702148,598.178833008
1635.36694336,597.540771484
1635.37890625,597.544616699
1635.39025879,597.54864502
1635.41296387,597.556274414
1635.43579102,597.564025879
1635.45935059,597.575073242
1635.45935059,597.575073242
1635.53857422,597.602172852
1635.47607422,597.602050781
1635.56079102,597.606689453
1635.5847168,597.617736816
1635.54345703,597.622009277
1635.5546875,597.625915527
1635.60644531,597.622070312
1635.52075195,597.614379883
1635.48730469,597.606079102
1635.47692871,597.60546875
1635.49890137,597.609924316
1635.44189453,597.590515137
1635.5213623,597.617553711
1635.84655762,597.707092285
1635.85876465,597.714050293
1635.86914062,597.71472168
1635.82507324,597.705749512
1635.89196777,597.722412109
1635.80212402,597.698120117
1635.76879883,597.689758301
1635.74487305,597.675354004
1635.28369141,597.542785645
1635.27307129,597.542236328
1635.25073242,597.534606934
1635.23876953,597.530578613
1635.34082031,597.562133789
1635.34082031,597.562133789
1635.17150879,597.510681152
1635.16088867,597.510009766
1635.14978027,597.506225586
1635.13830566,597.502380371
1633.61999512,597.143432617
1633.5534668,597.126953125
1633.53015137,597.115783691
1629.56274414,595.806640625
1629.5534668,595.8125
1629.50976562,595.803771973
1629.47595215,595.792175293
1629.47595215,595.792175293
1629.46606445,595.794921875
1629.45581055,595.794250488
1629.43469238,595.793212891
1629.31225586,595.760742188
1629.33496094,595.768371582
1629.33557129,595.77166748
1629.34643555,595.772338867
1629.34692383,595.775634766
1638.05603027,599.0390625
1637.93261719,599.006286621
1637.9230957,599.008972168
1637.90002441,599.001281738
1637.90002441,599.001281738
1637.89916992,598.99786377
1638.0682373,599.092102051
1637.84301758,598.981750488
1637.88867188,599.04296875
1637.8104248,598.976501465
1637.77685547,598.968322754
1637.69775391,598.944335938
1637.69775391,598.944335938
1637.65356445,598.93548584
1637.52905273,598.895996094
1637.59802246,598.968322754
1637.59802246,598.968322754
1637.49536133,598.887634277
1637.43994141,598.874755859
1637.33886719,598.846313477
1637.31567383,598.838562012
1637.36328125,598.906555176
1637.32958984,598.898071289
1637.29626465,598.889770508
1637.11462402,598.78503418
1637.04748535,598.768310547
1637.08312988,598.832458496
1637.05957031,598.821289062
1637.04980469,598.824157715
1636.88000488,598.7265625
1636.99572754,598.817749023
1636.99572754,598.817749023
1636.97290039,598.809997559
1636.85803223,598.722106934
1636.85205078,598.78717041
1636.75219727,598.765380859
1636.56835938,598.650817871
1636.67431641,598.744812012
1636.64147949,598.739868164
1636.32531738,598.598327637
1636.23706055,598.580444336
1636.38806152,598.690063477
1636.38806152,598.690063477
1636.36560059,598.682189941
1636.14892578,598.562683105
1636.08227539,598.545837402
1636.23498535,598.662109375
1636.01599121,598.532531738
1635.91650391,598.510742188
1635.89428711,598.506469727
1636.0378418,598.628356934
1635.85046387,598.497253418
1635.81872559,598.495666504
1635.83166504,598.597717285
1635.65612793,598.473754883
1635.65454102,598.467041016
1635.79699707,598.5859375
1635.78796387,598.588684082
1635.76574707,598.58416748
1635.76574707,598.58416748
1635.55615234,598.448669434
1635.46850586,598.434143066
1635.38208008,598.423034668
1635.59362793,598.568359375
1635.08996582,598.384277344
1635.01660156,598.383544922
1635.00488281,598.379699707
1634.98217773,598.371826172
1635.37988281,598.550170898
1634.93884277,598.366210938
1634.93884277,598.366210938
1634.92993164,598.372253418
1635.29589844,598.548828125
1634.90795898,598.367797852
1635.25354004,598.546508789
1634.84436035,598.364379883
1635.2109375,598.544433594
1635.20092773,598.547058105
1634.77148438,598.36706543
1635.09313965,598.534545898
1635.00146484,598.545959473
1635.01257324,598.549743652
1634.56738281,598.346008301
1634.92028809,598.557800293
1634.88806152,598.55279541
1634.45251465,598.346435547
1634.44274902,598.349121094
1634.43078613,598.345153809
1634.37963867,598.348876953
1634.8170166,598.565246582
1634.32617188,598.346008301
1634.28540039,598.350402832
1634.26806641,598.365600586
1634.26806641,598.365600586
1634.25756836,598.364990234
1634.21569824,598.366149902
1634.20068359,598.391479492
1634.17236328,598.360412598
1634.16308594,598.363342285
1634.15393066,598.369445801
1634.15600586,598.379211426
