681.212280273,95.5550231934
681.196838379,95.554473877
681.212280273,95.5550231934
681.210144043,95.5657577515
681.207702637,95.565574646
681.194702148,95.5542449951
681.188110352,95.5533599854
681.196777344,95.5630493164
681.192199707,95.5625610352
681.176879883,95.5521697998
681.170349121,95.5513534546
681.165771484,95.5606155396
681.154724121,95.5508728027
681.148132324,95.5488433838
681.141235352,95.5590362549
681.136901855,95.5573272705
681.132568359,95.5482254028
681.134521484,95.5582962036
681.127990723,95.5574874878
681.132568359,95.5482254028
681.11907959,95.5565414429
681.105957031,95.5451507568
681.096984863,95.5441436768
681.088134766,95.5430297852
681.085998535,95.5440444946
681.088012695,95.5540466309
681.079284668,95.5433044434
681.0703125,95.5422668457
681.072509766,95.5522689819
681.068054199,95.5517196655
681.05480957,95.5404510498
681.034545898,95.5503921509
681.034912109,95.539352417
681.028259277,95.5385818481
681.023498535,95.5491027832
681.021362305,95.5402984619
681.023803711,95.5392532349
681.019348145,95.5388031006
681.014709473,95.5468292236
681.00793457,95.5485534668
681.001281738,95.5490036011
680.999206543,95.5487060547
680.987976074,95.5474853516
680.981445312,95.5466003418
680.974853516,95.5348205566
680.97467041,95.5458984375
680.97467041,95.5458984375
680.961669922,95.5345306396
680.963806152,95.5469970703
680.959533691,95.5342636108
680.930114746,95.5456314087
680.886352539,95.5306472778
680.886352539,95.5306472778
680.883850098,95.5304260254
680.883850098,95.5304260254
680.870605469,95.5313110352
680.870605469,95.5313110352
680.861877441,95.5302734375
680.850830078,95.5301589966
680.845947266,95.5419692993
680.845947266,95.5419692993
680.848449707,95.5312347412
680.837219238,95.5299911499
680.819274902,95.5437545776
680.81060791,95.5293579102
680.808532715,95.5290679932
680.81036377,95.5427780151
680.806091309,95.5312271118
680.806213379,95.5287704468
680.799682617,95.5292282104
680.786254883,95.5288238525
680.781677246,95.5296096802
680.764038086,95.5287780762
680.761779785,95.5297393799
680.759338379,95.5441360474
680.754943848,95.542427063
680.741394043,95.5458221436
680.739196777,95.5455551147
680.734680176,95.5462799072
680.723815918,95.5461807251
680.712524414,95.5473480225
680.69921875,95.5458374023
680.69921875,95.5458374023
680.686035156,95.5308837891
680.690307617,95.5484466553
680.681762695,95.5302963257
680.681396484,95.5486373901
680.661743164,95.532913208
680.659729004,95.5326156616
680.670349121,95.5486068726
680.659606934,95.5313491821
680.656799316,95.5507507324
680.65032959,95.5511627197
680.641662598,95.5330886841
680.637268066,95.5349578857
680.63458252,95.5518493652
680.630126953,95.5524902344
680.627746582,95.5535736084
680.6171875,95.5374755859
680.615112305,95.5360183716
680.610473633,95.5367279053
680.610473633,95.5367279053
680.603881836,95.5359115601
680.60168457,95.536895752
680.595031738,95.5386428833
680.610290527,95.556312561
680.579467773,95.5392837524
680.579467773,95.5392837524
680.570495605,95.5395584106
680.557128906,95.5403594971
680.548339844,95.5417861938
680.545959473,95.5439453125
680.537109375,95.5441818237
680.545593262,95.5660247803
680.543273926,95.5658416748
680.532165527,95.5681610107
680.530090332,95.5678329468
680.519348145,95.5470581055
680.514953613,95.5464401245
680.508056641,95.5481872559
680.518615723,95.5727310181
680.512145996,95.5732269287
680.503051758,95.5758743286
680.503051758,95.5758743286
680.487548828,95.578956604
680.476318359,95.583732605
680.472045898,95.5844039917
680.474060059,95.5846710205
680.458557129,95.5890045166
680.451721191,95.5907363892
680.407836914,95.5697250366
680.429382324,95.6003799438
680.392089844,95.5739593506
680.376525879,95.5795288086
680.358642578,95.5848388672
680.38684082,95.6163330078
680.345153809,95.5905609131
680.377868652,95.6225738525
680.377685547,95.6250762939
680.371154785,95.6254196167
680.368896484,95.6276702881
680.366821289,95.6274642944
680.366821289,95.6274642944
680.362060547,95.6343383789
680.313781738,95.6053619385
680.30255127,95.6102142334
680.344116211,95.6419677734
680.341918945,95.6441726685
680.289123535,95.6147460938
680.277954102,95.6220397949
680.321777344,95.6479949951
680.312927246,95.6469192505
680.312866211,95.6493606567
680.303955078,95.6496124268
680.303955078,95.6496124268
680.301879883,95.6481246948
680.246032715,95.658821106
680.243896484,95.6585388184
680.234924316,95.6600494385
680.232849121,95.6584777832
680.232788086,95.660987854
680.725097656,95.7893600464
680.718505859,95.7923126221
680.747253418,95.7968902588
680.75390625,95.7988204956
680.762512207,95.8060379028
680.751464844,95.807182312
680.764648438,95.8099594116
680.764770508,95.811164856
680.762329102,95.8134002686
680.73815918,95.8093185425
680.769165039,95.8177642822
680.735900879,95.81275177
680.768981934,95.8227310181
680.771240234,95.8242111206
680.270080566,95.7830200195
680.270080566,95.7879486084
680.252258301,95.7846679688
680.274169922,95.7994766235
680.274169922,95.7994766235
680.24786377,95.7866516113
680.236755371,95.7853469849
680.234558105,95.7850189209
680.230041504,95.788192749
680.218994141,95.7869338989
680.282104492,95.8507843018
680.281677246,95.8580932617
680.154174805,95.8112869263
680.155761719,95.842086792
680.301391602,95.8751296997
680.151245117,95.84034729
680.151428223,95.8488769531
680.151428223,95.8488769531
680.151123047,95.8538131714
680.151123047,95.8538131714
680.14654541,95.858215332
680.365783691,95.8776168823
680.322509766,95.9338760376
680.374694824,95.8774642944
680.379150391,95.8779373169
680.072875977,95.8717956543
680.41015625,95.8791503906
680.158325195,95.9295425415
680.171386719,95.9359207153
680.15612793,95.9304885864
680.393310547,95.9348983765
680.417907715,95.9340133667
680.42010498,95.9342727661
680.111877441,95.9241790771
680.116149902,95.9258499146
680.116149902,95.9258499146
680.134033203,95.9291229248
680.127197266,95.9283752441
680.107299805,95.9285125732
680.437805176,95.932723999
680.098449707,95.9274520874
680.085327148,95.9270782471
680.17767334,95.9539413452
680.445678711,95.8783798218
680.452270508,95.8791351318
680.192687988,95.982711792
680.192810059,95.983795166
680.480102539,95.9351425171
680.482177734,95.9354400635
680.188110352,95.989402771
680.199035645,95.9980545044
680.192504883,95.9961013794
680.194519043,96.0000305176
680.495483398,95.93699646
680.502258301,95.9351806641
680.504577637,95.9367675781
680.517822266,95.9358215332
680.524536133,95.9366073608
679.942138672,95.8712463379
680.523376465,95.8812484741
680.544433594,95.9377441406
680.353881836,96.023475647
679.985351562,95.9265289307
679.980895996,95.9260864258
679.97869873,95.9257888794
679.928771973,95.8745117188
679.969726562,95.9271774292
680.202880859,96.0230636597
680.366760254,96.037322998
680.364624023,96.0407485962
679.924377441,95.8728637695
679.924377441,95.8728637695
679.949707031,95.9273452759
680.574035645,95.8921661377
680.57635498,95.8948974609
680.567749023,95.8839263916
680.57232666,95.8844604492
680.36895752,96.0424499512
680.375427246,96.0529937744
679.934326172,95.921836853
679.929870605,95.9226150513
680.574401855,95.8847885132
680.593933105,95.9054031372
680.375427246,96.0542297363
680.381958008,96.0587310791
680.381958008,96.0587310791
679.897705078,95.8722076416
679.893249512,95.8729629517
679.91229248,95.9216766357
680.595336914,95.9387435913
680.595336914,95.9387435913
679.907653809,95.923576355
680.60925293,95.9158172607
680.615783691,95.9202804565
680.615783691,95.9202804565
680.615783691,95.9202804565
679.892211914,95.9230194092
679.871154785,95.8703384399
679.869018555,95.8700408936
680.633483887,95.9223175049
679.874450684,95.9222640991
679.869995117,95.9241790771
679.865600586,95.924911499
679.856750488,95.9225769043
679.847839355,95.9240036011
680.64453125,95.9358978271
680.651123047,95.936668396
680.651123047,95.936668396
680.671142578,95.9316482544
680.670898438,95.9390106201
680.675476074,95.9382476807
680.675476074,95.9382476807
679.825744629,95.9226379395
680.677734375,95.93724823
680.686523438,95.9358673096
680.684204102,95.9393615723
680.688903809,95.9337005615
680.695617676,95.9343948364
680.697570801,95.9396514893
680.704467773,95.9366989136
679.794677734,95.922668457
680.706604004,95.9344940186
680.704528809,95.9403610229
680.70892334,95.9298324585
680.719787598,95.9397888184
679.75604248,95.8630447388
679.759277344,95.9210586548
680.726501465,95.9331970215
680.726806641,95.9294433594
680.72869873,95.9407730103
679.759155273,95.9222488403
679.727233887,95.8633346558
679.741577148,95.92137146
679.741577148,95.92137146
680.731262207,95.9299621582
679.73260498,95.9203720093
679.73046875,95.9200515747
679.716125488,95.8620376587
679.707519531,95.861000061
679.698364258,95.8611984253
679.693847656,95.861946106
679.682800293,95.8631057739
679.680786133,95.8615875244
679.676086426,95.861114502
679.676147461,95.8623657227
679.676147461,95.8623657227
680.793823242,95.9139938354
680.798217773,95.9108581543
680.852966309,95.9406280518
680.85760498,95.9386138916
680.820739746,95.8877182007
680.87310791,95.9429244995
680.877563477,95.9433364868
680.899658203,95.9422683716
680.906433105,95.9418563843
679.559936523,95.9161300659
680.871948242,95.8875350952
680.883178711,95.8900299072
679.555480957,95.9143829346
679.544494629,95.9142837524
679.552185059,95.857711792
680.926208496,95.9454116821
680.91418457,95.8887634277
679.522155762,95.9142150879
680.968566895,95.9442138672
680.971008301,95.9432067871
680.977478027,95.9427490234
679.495666504,95.9160385132
679.50567627,95.8571548462
679.496948242,95.8549194336
680.984069824,95.9459609985
680.992980957,95.9446029663
680.995239258,95.9460678101
679.488891602,95.9152908325
679.481384277,95.8555526733
679.474609375,95.8572616577
679.463562012,95.8583221436
679.474914551,95.8547592163
680.956237793,95.8899917603
680.956237793,95.8899917603
681.001831055,95.9431838989
681.008728027,95.9439163208
679.465820312,95.8549423218
679.463745117,95.8570556641
680.980773926,95.8891143799
679.44152832,95.855758667
679.440368652,95.9120178223
681.048522949,95.9449310303
681.057556152,95.945930481
681.00970459,95.8888244629
681.014160156,95.8893127441
681.059631348,95.9462966919
681.064208984,95.9454803467
681.068481445,95.9460830688
681.029785156,95.8910903931
681.045288086,95.8928756714
681.045410156,95.8904418945
681.054199219,95.8927459717
681.085449219,95.8915100098
681.133178711,95.9461288452
681.144165039,95.9461898804
681.14642334,95.9452438354
681.193054199,95.9458389282
681.165405273,95.8922348022
681.16998291,95.8926849365
681.171936035,95.8929824829
681.195251465,95.9485244751
681.196472168,95.8933639526
681.198669434,95.8935852051
681.198730469,95.8924331665
681.198730469,95.891204834
681.207519531,95.8946228027
681.207641602,95.8921890259
681.214355469,95.8930053711
