681.088684082,97.1099700928
681.093078613,97.1105041504
681.09765625,97.1110534668
681.104187012,97.113067627
681.08392334,97.1205291748
681.090515137,97.1213150024
681.066589355,97.1085205078
681.110717773,97.1138534546
681.115234375,97.1131286621
681.115234375,97.1131286621
681.074951172,97.1207199097
681.10168457,97.1226501465
681.10168457,97.1226501465
681.106079102,97.1231613159
681.059448242,97.1188735962
681.1171875,97.1232299805
681.046264648,97.1075515747
681.044006348,97.1169967651
681.041809082,97.1167678833
681.041870117,97.1082305908
681.141906738,97.1162872314
681.033081055,97.1059265137
681.039489746,97.1165084839
681.028503418,97.1152420044
681.137207031,97.1255493164
681.137207031,97.1255493164
681.028442383,97.1164016724
681.15057373,97.1259841919
681.152587891,97.1274490356
681.157165527,97.1278915405
681.159729004,97.1195907593
681.159729004,97.1195907593
681.159729004,97.1195907593
681.013061523,97.1047515869
681.010925293,97.1032867432
681.161560059,97.1284408569
681.172607422,97.1298217773
680.939880371,97.0986251831
680.926452637,97.0995254517
680.903930664,97.1090774536
680.88848877,97.1072921753
680.886108398,97.1070709229
680.881774902,97.1064758301
680.881774902,97.1064758301
680.881774902,97.1064758301
680.877197266,97.1071929932
680.866699219,97.0948181152
680.868591309,97.1061553955
680.826599121,97.0925216675
680.820068359,97.0930480957
680.817443848,97.1062545776
680.817443848,97.1062545776
680.813232422,97.092300415
680.795471191,97.092590332
680.795471191,97.092590332
680.802001953,97.1056060791
680.786193848,97.1050567627
680.768737793,97.0931396484
680.773010254,97.1059265137
680.768920898,97.0918731689
680.75958252,97.1055374146
680.735290527,97.1064071655
680.691162109,97.0913238525
680.699584961,97.1059265137
680.686645508,97.0920257568
680.69519043,97.1078033447
680.675476074,97.0919036865
680.670959473,97.0914230347
680.661987305,97.0928878784
680.646362305,97.0922622681
680.644470215,97.0919265747
680.641784668,97.1100769043
680.622192383,97.0942459106
680.601928711,97.112663269
680.59954834,97.1136550903
680.590515137,97.1150360107
680.557556152,97.0977172852
680.557556152,97.0977172852
680.519836426,97.1017684937
680.488525391,97.1067733765
680.48626709,97.1064758301
680.484069824,97.1074523926
680.481933594,97.1058883667
680.490234375,97.1266021729
680.485778809,97.1284103394
680.483459473,97.1306991577
680.455078125,97.1101226807
680.455078125,97.1101226807
680.481384277,97.1316680908
680.481384277,97.1316680908
680.441650391,97.1134567261
680.461181641,97.1366348267
680.437316895,97.1129379272
680.428344727,97.1168136597
680.436767578,97.142250061
680.434387207,97.1433486938
680.394897461,97.123916626
680.427612305,97.1461486816
680.421203613,97.1466293335
680.381530762,97.1272201538
680.420959473,97.147895813
680.418701172,97.1487350464
680.407592773,97.1524429321
680.396484375,97.1571731567
680.394104004,97.1569900513
680.35925293,97.1319198608
680.356994629,97.1316680908
680.356933594,97.1329040527
680.356933594,97.1329040527
680.348083496,97.1343307495
680.339172363,97.1368942261
680.342590332,97.1815185547
680.280944824,97.1594772339
680.324523926,97.1904754639
680.276245117,97.1626663208
680.276245117,97.1626663208
680.276245117,97.1626663208
680.274169922,97.1623764038
680.271789551,97.1633605957
680.32232666,97.1926422119
680.26739502,97.164024353
680.26739502,97.164024353
680.311035156,97.1999206543
680.308776855,97.2021408081
680.306640625,97.2042388916
680.299682617,97.2071380615
680.233581543,97.1857757568
680.286376953,97.2153778076
680.213500977,97.1944351196
680.281738281,97.223487854
680.213439941,97.1982116699
680.208984375,97.2012176514
680.1953125,97.2132720947
680.263427734,97.2421951294
680.191101074,97.212677002
680.177246094,97.2269973755
680.168212891,97.2333526611
680.247436523,97.2684249878
680.240600586,97.2738113403
680.156677246,97.2540359497
680.152404785,97.2522277832
680.152282715,97.2547225952
680.149902344,97.2581710815
680.147705078,97.2603149414
680.238037109,97.290687561
680.238037109,97.290687561
680.235778809,97.2928695679
680.233459473,97.2950820923
680.233459473,97.2950820923
680.223876953,97.3258209229
680.226013184,97.3285446167
680.221618652,97.3292694092
680.119873047,97.311126709
680.225952148,97.339553833
680.117797852,97.3132247925
680.228149414,97.3434524536
680.225646973,97.3506011963
680.114929199,97.33253479
680.110534668,97.3368911743
680.105285645,97.3756027222
680.105285645,97.3756027222
680.235351562,97.4119415283
680.106567383,97.411277771
680.102050781,97.4132537842
680.254760742,97.4362869263
680.254516602,97.4424285889
680.258972168,97.4417800903
680.09954834,97.4203872681
680.238952637,97.4527740479
680.23449707,97.4559020996
680.211730957,97.4716567993
680.061828613,97.4318389893
680.063842773,97.4430084229
680.101013184,97.46459198
680.046203613,97.4349212646
680.059204102,97.4473571777
680.05255127,97.4417800903
680.043945312,97.4370346069
680.20715332,97.4858398438
680.034912109,97.4384307861
680.026184082,97.4337539673
680.026184082,97.4337539673
680.017272949,97.433883667
680.12689209,97.5033111572
680.124633789,97.5030212402
680.126708984,97.5057830811
680.199645996,97.5254669189
680.13067627,97.5222549438
680.203918457,97.5333480835
680.203918457,97.538192749
680.133178711,97.5248718262
680.203735352,97.5417938232
680.139282227,97.5404052734
680.212402344,97.5539627075
680.145812988,97.5485610962
680.214355469,97.5591430664
680.147766113,97.5537033081
680.22088623,97.5648040771
680.225280762,97.5665435791
680.240478516,97.5807189941
680.244812012,97.5921783447
680.262084961,97.6041717529
680.262207031,97.6004333496
680.270935059,97.6100158691
680.270935059,97.6100158691
680.273193359,97.6078948975
680.275390625,97.6093063354
681.154418945,97.4544372559
681.165588379,97.4569778442
681.164245605,97.5084838867
681.164245605,97.5084838867
681.16217041,97.5093841553
681.151123047,97.5092849731
681.130859375,97.5094604492
681.126586914,97.5101470947
681.09979248,97.5094223022
681.023254395,97.4535980225
681.016601562,97.4527740479
681.055419922,97.5091018677
681.037414551,97.5094604492
680.994262695,97.4550857544
681.026611328,97.5092926025
680.976501465,97.4543151855
680.967590332,97.4532546997
680.958740234,97.4533920288
680.956542969,97.4530792236
680.986572266,97.5082550049
680.981933594,97.5065689087
680.982116699,97.5077285767
680.934387207,97.451713562
680.968566895,97.5085983276
680.925415039,97.4506378174
680.918762207,97.4511489868
680.957580566,97.5072784424
680.941955566,97.5091018677
680.907592773,97.4522628784
680.93737793,97.5098876953
680.876525879,97.4521713257
680.897521973,97.5075378418
680.888549805,97.5077362061
680.869873047,97.4538116455
680.870788574,97.5068664551
680.838745117,97.4502868652
680.832214355,97.4507064819
680.829833984,97.4516220093
680.81427002,97.4497375488
680.819763184,97.5057220459
680.80859375,97.5055847168
680.806518555,97.5041503906
680.79083252,97.5059432983
680.779724121,97.5046157837
680.764221191,97.5052032471
680.748657227,97.5034561157
680.746582031,97.5019454956
680.744262695,97.5028686523
680.731018066,97.5038070679
680.706481934,97.5020141602
680.697692871,97.5034332275
680.682006836,97.5040664673
680.665527344,97.4468078613
680.652099609,97.4490203857
680.627624512,97.4509353638
680.618835449,97.4499282837
680.618774414,97.4474945068
680.614379883,97.4457778931
680.609985352,97.4476547241
680.609924316,97.4464187622
680.592041016,97.4468460083
680.602050781,97.5019836426
680.595458984,97.4999313354
680.57208252,97.4457015991
680.563232422,97.4458312988
680.553161621,97.5011520386
680.539855957,97.4983520508
680.528747559,97.5007095337
680.508850098,97.4959106445
680.505493164,97.4427185059
680.506469727,97.496887207
680.512939453,97.5037536621
680.485595703,97.4427108765
680.515197754,97.5076980591
680.434265137,97.4489898682
680.427856445,97.4445037842
679.711486816,97.4234313965
679.713867188,97.4236526489
679.716003418,97.4263763428
679.718078613,97.4253387451
679.70489502,97.4250030518
679.72253418,97.4271316528
679.722412109,97.4283676147
679.709106445,97.4304351807
679.696044922,97.4227142334
679.724487305,97.4298934937
679.722351074,97.4320297241
679.700317383,97.4306716919
679.733520508,97.4308929443
679.733520508,97.4308929443
679.695983887,97.4337463379
679.684814453,97.4227294922
679.74017334,97.4304733276
679.69342041,97.4322967529
679.669494629,97.4220962524
679.755737305,97.4286575317
679.757995605,97.428855896
679.666809082,97.437713623
679.638366699,97.4207992554
679.64239502,97.4397277832
679.640197754,97.4407043457
679.635742188,97.4401855469
679.629089355,97.4393997192
679.587341309,97.4197235107
679.600280762,97.4384002686
679.593933105,97.4400482178
679.591308594,97.4385986328
679.571594238,97.4337921143
679.565063477,97.4232406616
679.564819336,97.4354553223
679.56060791,97.4239501953
679.560791016,97.4202423096
679.558288574,97.4358978271
679.558105469,97.4383621216
679.538635254,97.4200744629
679.536376953,97.4197921753
679.536376953,97.4185943604
679.523254395,97.4170379639
679.496276855,97.4358596802
679.456298828,97.4360275269
679.396606445,97.4289779663
679.396606445,97.4289779663
