697.58190918,-116.209465027
697.584350586,-116.20602417
697.588867188,-116.20790863
697.591125488,-116.210739136
697.588989258,-116.204208374
697.582336426,-116.200759888
697.582336426,-116.200759888
697.59564209,-116.206436157
697.568725586,-116.201339722
697.582336426,-116.199554443
697.56427002,-116.19569397
697.61151123,-116.206199646
697.562072754,-116.196586609
697.559753418,-116.195045471
697.555175781,-116.196899414
697.557617188,-116.194641113
697.539855957,-116.18711853
697.535095215,-116.190208435
697.532714844,-116.189979553
697.530639648,-116.19078064
697.612609863,-116.182624817
697.6171875,-116.183303833
697.701049805,-116.182891846
697.712158203,-116.183273315
697.701049805,-116.182891846
