1647.47717285,604.234191895
1647.48449707,604.264221191
1647.47241211,604.260253906
1647.47241211,604.260253906
1647.57092285,604.272399902
1647.57055664,604.269104004
1647.60827637,604.294433594
1647.57751465,604.299255371
1647.62072754,604.301635742
1647.62145996,604.305114746
1646.31054688,603.878051758
1646.3236084,603.888671875
1646.32495117,603.895324707
1645.72509766,603.690124512
1645.73962402,603.707397461
1645.86889648,603.760864258
1645.88183594,603.768249512
1645.88183594,603.771362305
1645.88537598,603.784851074
1642.57312012,602.6640625
1642.5880127,602.678039551
1645.90576172,603.825439453
1645.92016602,603.842651367
1649.21740723,604.98626709
1649.21936035,604.992858887
1649.2409668,604.997375488
1649.17199707,604.973632812
1649.29992676,605.020568848
1649.13793945,604.965148926
1649.31079102,605.021118164
1649.32348633,605.028503418
1649.09155273,604.94934082
1648.77832031,604.838989258
1648.75585938,604.834289551
1648.74438477,604.830566406
1648.74438477,604.830566406
1648.73303223,604.826599121
1648.83630371,604.858825684
1648.83630371,604.858825684
1648.83691406,604.862182617
1648.84765625,604.862731934
1648.90576172,604.882629395
1649.01000977,604.918212891
1647.26513672,604.370361328
1647.17297363,604.342041016
1647.12792969,604.329528809
1641.8560791,602.531860352
1641.84692383,602.537902832
1645.96496582,603.944030762
1645.98046875,603.964538574
1646.76159668,604.216430664
1646.75097656,604.215820312
1646.77380371,604.223754883
1646.73876953,604.211853027
1646.79675293,604.231628418
1646.72753906,604.207946777
1646.82067871,604.242858887
1646.82067871,604.242858887
1646.90124512,604.270385742
1646.83776855,604.270141602
1646.92370605,604.275085449
1646.94787598,604.286376953
1646.90612793,604.290466309
1646.91748047,604.294494629
1646.96972656,604.29083252
1646.88330078,604.282714844
1646.84924316,604.274108887
1646.8380127,604.27355957
1646.86083984,604.278137207
1646.80322266,604.258422852
1646.88427734,604.286010742
1647.21313477,604.37713623
1647.22595215,604.384643555
1647.23620605,604.385070801
1647.1920166,604.375854492
1647.25964355,604.393127441
1647.16845703,604.368103027
1647.13476562,604.35949707
1647.10998535,604.345092773
1646.40820312,604.114013672
1646.41967773,604.117919922
1641.86315918,602.561706543
1646.6427002,604.209594727
1646.63208008,604.209106445
1646.60900879,604.201049805
1646.59753418,604.19732666
1646.70056152,604.229492188
1646.70056152,604.229492188
1646.52905273,604.176818848
1646.51867676,604.176269531
1646.50683594,604.172119141
1646.49511719,604.168212891
1646.33496094,604.119628906
1646.32434082,604.119262695
1646.40454102,604.143493652
1646.40454102,604.143493652
1644.95605469,603.801086426
1644.88867188,603.784118652
1644.86462402,603.773010254
1644.79638672,603.752563477
1640.84191895,602.438781738
1640.83276367,602.444824219
1640.88964844,602.46105957
1640.78857422,602.43572998
1640.75427246,602.42401123
1640.75427246,602.42401123
1640.7442627,602.426574707
1640.73339844,602.426025391
1640.71228027,602.424987793
1640.58862305,602.391723633
1640.6114502,602.399536133
1640.61230469,602.402893066
1640.62280273,602.403320312
1640.62353516,602.406738281
1649.43383789,605.724304199
1649.33129883,605.69519043
1649.29675293,605.686584473
1649.46899414,605.782409668
1649.26220703,605.674743652
1649.26220703,605.674743652
1649.28637695,605.73223877
1649.20690918,605.664916992
1649.17272949,605.656433105
1649.0925293,605.632019043
1649.0925293,605.632019043
1649.04821777,605.622741699
1648.921875,605.582580566
1648.99169922,605.655822754
1648.99169922,605.655822754
1648.88757324,605.574035645
1648.83105469,605.560913086
1648.72827148,605.531860352
1648.70532227,605.523986816
1648.75354004,605.592590332
1648.71948242,605.58416748
1648.68566895,605.575561523
1648.5012207,605.469360352
1648.43322754,605.452209473
1648.46972656,605.516906738
1648.44567871,605.505554199
1648.43579102,605.508422852
1648.26379395,605.409423828
1648.38122559,605.501953125
1648.38122559,605.501953125
1648.35791016,605.49407959
1648.24133301,605.404846191
1648.23535156,605.470397949
1647.94763184,605.33190918
1648.02209473,605.422058105
1647.70153809,605.278320312
1647.61193848,605.25994873
1647.765625,605.370849609
1647.765625,605.370849609
1647.74206543,605.362915039
1647.52258301,605.241516113
1647.45471191,605.224487305
1647.60998535,605.342285156
1647.38781738,605.210693359
1647.28674316,605.188476562
1647.41052246,605.307495117
1647.21972656,605.174804688
1647.18798828,605.173034668
1647.2010498,605.275878906
1647.02282715,605.150268555
1647.0213623,605.143554688
1647.16674805,605.264038086
1647.15673828,605.266601562
1647.13415527,605.262023926
1647.13415527,605.262023926
1646.92150879,605.124755859
1646.83300781,605.109619141
1646.74523926,605.098205566
1646.96069336,605.245544434
1646.80932617,605.236755371
1646.44934082,605.058105469
1646.74365234,605.22644043
1646.37463379,605.057067871
1646.36352539,605.053100586
1646.29602051,605.039306641
1646.29602051,605.039306641
1646.65795898,605.22479248
1646.28710938,605.045471191
1646.26477051,605.04095459
1646.61535645,605.222351074
1646.20031738,605.037109375
1646.57214355,605.219970703
1646.56213379,605.22253418
1646.1262207,605.039428711
1646.453125,605.209899902
1646.36022949,605.220825195
1646.37145996,605.224853516
1645.91992188,605.017700195
1646.27770996,605.23260498
1646.24475098,605.227478027
1645.80334473,605.017700195
1645.79321289,605.020385742
1645.78112793,605.016296387
1645.72961426,605.019958496
1646.17370605,605.239868164
1645.67541504,605.016845703
1645.63427734,605.021057129
1645.61633301,605.036437988
1645.61633301,605.036437988
1645.60583496,605.036071777
1645.56347656,605.036804199
1645.54846191,605.062194824
1645.51965332,605.031005859
1645.50964355,605.033752441
1645.50085449,605.039855957
1645.50292969,605.049804688
