657.512268066,-139.569274902
657.531433105,-139.563156128
657.537658691,-139.566574097
657.547729492,-139.57208252
657.551696777,-139.574050903
657.551635742,-139.57522583
657.553527832,-139.576889038
657.50769043,-139.543121338
657.4609375,-139.553878784
657.45904541,-139.552154541
657.45501709,-139.548995972
657.483703613,-139.526550293
657.445007324,-139.54006958
657.442993164,-139.538375854
657.430847168,-139.533752441
657.469604492,-139.516830444
657.469726562,-139.514404297
657.465759277,-139.512496948
657.416748047,-139.524017334
657.453552246,-139.505477905
657.451721191,-139.503875732
657.439941406,-139.490890503
657.391296387,-139.502334595
657.412353516,-139.465240479
657.375183105,-139.490997314
657.372924805,-139.491790771
657.373046875,-139.490524292
657.410522461,-139.461395264
657.36730957,-139.483474731
657.398986816,-139.448364258
657.397033691,-139.444473267
657.343261719,-139.465896606
657.335449219,-139.458404541
657.393005371,-139.442443848
657.327636719,-139.44972229
657.389404297,-139.434494019
657.325927734,-139.444564819
657.321899414,-139.442642212
657.381835938,-139.423477173
657.372070312,-139.412078857
657.372070312,-139.412078857
657.368225098,-139.407791138
657.366455078,-139.403793335
657.364257812,-139.403427124
657.366333008,-139.402664185
657.360595703,-139.396697998
657.360656738,-139.395523071
657.358947754,-139.387985229
657.345703125,-139.367446899
657.34777832,-139.367782593
657.342285156,-139.360733032
657.342285156,-139.359542847
657.342163086,-139.358398438
657.340576172,-139.35206604
657.340576172,-139.35206604
657.339172363,-139.340881348
657.339172363,-139.340881348
657.335266113,-139.336624146
657.333251953,-139.335083008
657.333984375,-139.325531006
657.330200195,-139.317642212
657.332580566,-139.316833496
657.325256348,-139.299835205
657.327270508,-139.300262451
657.327270508,-139.300262451
657.325317383,-139.297393799
657.327819824,-139.293029785
657.325805664,-139.290283203
657.316650391,-139.272918701
657.322875977,-139.274108887
657.324951172,-139.272171021
657.318664551,-139.269836426
657.325134277,-139.268569946
657.317077637,-139.264648438
657.321350098,-139.264175415
657.325317383,-139.264953613
657.319702148,-139.256668091
657.321899414,-139.255889893
657.328369141,-139.252243042
657.324584961,-139.247848511
657.326599121,-139.248291016
657.332397461,-139.224090576
657.332702637,-139.219268799
657.332763672,-139.218078613
657.331237793,-139.210494995
657.329467773,-139.206588745
657.335632324,-139.207763672
657.33380127,-139.203811646
657.34552002,-139.185470581
657.347717285,-139.183502197
657.362243652,-139.154754639
657.364501953,-139.152877808
657.364501953,-139.153930664
657.384765625,-139.132400513
657.384765625,-139.132400513
657.384887695,-139.129974365
657.403320312,-139.104476929
657.403320312,-139.104476929
657.414489746,-139.093322754
657.410400391,-139.090133667
657.416687012,-139.090133667
657.449829102,-139.096221924
657.476074219,-139.111755371
657.504455566,-139.124252319
657.518859863,-139.128112793
657.501708984,-139.042984009
657.527038574,-139.13319397
657.536010742,-139.060134888
657.533996582,-139.058578491
657.540100098,-139.062026978
657.55847168,-139.069046021
657.356933594,-138.922561646
657.578796387,-139.079956055
657.590942383,-139.084701538
657.359008789,-138.921661377
657.571777344,-139.151092529
657.567687988,-139.151519775
657.596862793,-139.089355469
657.609008789,-139.096374512
657.523010254,-139.004653931
657.52722168,-139.003036499
657.627319336,-139.103317261
657.631347656,-139.106521606
657.536315918,-138.995010376
657.540649414,-138.994628906
657.637512207,-139.108810425
657.391906738,-138.899978638
657.394348145,-138.897964478
657.653442383,-139.119049072
657.659790039,-139.12008667
657.66394043,-139.120910645
657.407226562,-138.889556885
657.557739258,-138.988143921
657.557861328,-138.985733032
657.685852051,-139.134658813
657.43347168,-138.874969482
657.43347168,-138.873855591
657.712280273,-139.147842407
657.712280273,-139.147842407
657.437805176,-138.871047974
657.452880859,-138.864120483
657.596923828,-138.962875366
657.595336914,-138.957717896
657.59954834,-138.958435059
657.673217773,-139.199783325
657.714477539,-139.147109985
657.718566895,-139.150299072
657.730957031,-139.154876709
657.45098877,-138.862518311
657.60144043,-138.961135864
657.612182617,-138.956008911
657.738769531,-139.158813477
657.746948242,-139.163833618
657.614440918,-138.953933716
657.616760254,-138.954299927
657.625061035,-138.951095581
657.77331543,-139.175888062
657.775268555,-139.177505493
657.640258789,-138.944229126
657.640380859,-138.94303894
657.715942383,-139.220794678
657.73626709,-139.228225708
657.789306641,-139.186141968
657.797546387,-139.190032959
657.744506836,-139.232055664
657.692260742,-138.918777466
657.783203125,-139.249954224
657.795227051,-139.255844116
657.803222656,-139.260986328
657.811401367,-139.263671875
657.872741699,-139.225494385
657.874755859,-139.225891113
657.87677002,-139.226257324
657.88067627,-139.230575562
657.823486328,-139.269561768
657.735168457,-138.902511597
657.735595703,-138.896606445
657.739562988,-138.899719238
657.831726074,-139.272277832
657.833740234,-139.273910522
657.74407959,-138.896911621
657.74407959,-138.896911621
657.74798584,-138.897659302
657.746337891,-138.893630981
657.850097656,-139.280441284
657.909118652,-139.243057251
657.852050781,-139.28326416
657.923278809,-139.250473022
657.93548584,-139.25743103
657.94152832,-139.262161255
657.94354248,-139.261398315
657.94354248,-139.261398315
657.943359375,-139.263839722
657.959960938,-139.268035889
657.906982422,-139.307739258
657.966125488,-139.270294189
657.970031738,-139.272338867
657.906860352,-139.308898926
657.913024902,-139.311264038
657.923278809,-139.314361572
657.923156738,-139.315536499
657.996459961,-139.286834717
658.000488281,-139.286315918
658.000671387,-139.287475586
657.93939209,-139.323410034
658.010559082,-139.293029785
658.012756348,-139.294525146
658.012756348,-139.294525146
657.953857422,-139.329589844
657.996337891,-139.349441528
658.016845703,-139.358078003
658.091918945,-139.332046509
658.104125977,-139.336669922
658.134399414,-139.354293823
658.087646484,-139.392745972
658.140441895,-139.357849121
658.142333984,-139.360549927
658.14666748,-139.358886719
658.097961426,-139.398269653
658.097961426,-139.398269653
658.162963867,-139.366760254
658.172973633,-139.373428345
658.128356934,-139.41229248
658.134521484,-139.413513184
658.14276123,-139.416168213
658.154846191,-139.423202515
658.215698242,-139.393341064
658.219787598,-139.394073486
658.223937988,-139.396057129
658.225769043,-139.397613525
658.229858398,-139.399581909
658.1875,-139.438827515
658.195800781,-139.440322876
658.199951172,-139.441055298
658.193786621,-139.441070557
658.201843262,-139.442703247
658.209777832,-139.447784424
658.217895508,-139.452880859
658.219970703,-139.453231812
658.260375977,-139.41595459
658.268432617,-139.419876099
658.230102539,-139.458709717
658.276489258,-139.423828125
658.278564453,-139.425323486
658.284545898,-139.427719116
658.286621094,-139.429260254
658.290710449,-139.431213379
658.317321777,-139.442047119
658.323547363,-139.444381714
658.323547363,-139.444381714
658.270751953,-139.478256226
658.333435059,-139.449981689
658.335388184,-139.452682495
658.335388184,-139.452682495
658.28717041,-139.483566284
658.28918457,-139.484085083
658.339355469,-139.455871582
658.347839355,-139.456161499
658.307678223,-139.492324829
658.313720703,-139.495697021
658.319946289,-139.49810791
658.366027832,-139.46673584
658.370117188,-139.466293335
658.380432129,-139.471893311
658.386535645,-139.474090576
658.388549805,-139.474578857
658.388549805,-139.474578857
658.340209961,-139.506713867
658.342224121,-139.50944519
658.352478027,-139.512496948
658.352233887,-139.514953613
658.412902832,-139.48739624
658.415039062,-139.489013672
658.364624023,-139.519607544
658.368713379,-139.520278931
658.370605469,-139.520782471
658.370788574,-139.523132324
658.427062988,-139.494873047
658.37890625,-139.525848389
658.380737305,-139.527420044
658.441101074,-139.502334595
658.382995605,-139.527770996
658.382995605,-139.527770996
658.447509766,-139.504562378
658.463684082,-139.512420654
658.465820312,-139.512802124
658.423461914,-139.547302246
658.484069824,-139.522155762
658.460144043,-139.5625
658.466308594,-139.564834595
658.520324707,-139.539779663
658.522521973,-139.54133606
658.47454834,-139.568725586
658.480651855,-139.571121216
658.482727051,-139.570281982
658.545043945,-139.550247192
658.543029785,-139.548782349
658.517333984,-139.587417603
658.557250977,-139.557342529
658.557189941,-139.556137085
658.561340332,-139.558120728
658.527587891,-139.590606689
658.531799316,-139.592544556
658.577331543,-139.567169189
658.581665039,-139.567855835
658.537536621,-139.598480225
658.543762207,-139.599563599
658.583374023,-139.570632935
658.585571289,-139.571014404
658.560302734,-139.604904175
658.593811035,-139.574859619
658.562255859,-139.605377197
658.562133789,-139.606582642
658.603881836,-139.579269409
658.5703125,-139.611709595
658.57220459,-139.61328125
658.63848877,-139.596435547
658.600769043,-139.624526978
658.605041504,-139.626495361
658.609069824,-139.628448486
658.609069824,-139.628448486
658.64239502,-139.599578857
658.644592285,-139.599914551
658.646606445,-139.600372314
658.61907959,-139.63394165
658.654663086,-139.604232788
658.656921387,-139.605773926
658.629150391,-139.638290405
658.658813477,-139.606262207
658.635620117,-139.640533447
658.635620117,-139.640533447
658.672912598,-139.612487793
658.641723633,-139.64289856
658.687438965,-139.619918823
658.651855469,-139.645996094
658.705688477,-139.626846313
658.653930664,-139.648788452
658.653930664,-139.648788452
658.722106934,-139.634689331
658.723815918,-139.637512207
658.725891113,-139.6378479
658.727966309,-139.63822937
658.736206055,-139.640930176
658.73840332,-139.641235352
658.740356445,-139.64289856
658.665100098,-139.6665802
658.663146973,-139.66607666
658.665100098,-139.668884277
658.674865723,-139.677978516
658.673034668,-139.677597046
658.685241699,-139.683410645
658.685241699,-139.683410645
658.658752441,-139.671295166
658.752746582,-139.648742676
658.691345215,-139.685745239
658.691345215,-139.685745239
658.709838867,-139.691680908
658.728881836,-139.686721802
658.72869873,-139.689086914
658.731140137,-139.687011719
658.767089844,-139.651428223
658.769104004,-139.650665283
658.786193848,-139.648895264
658.747619629,-139.690078735
658.811401367,-139.649887085
658.776306152,-139.702606201
658.823303223,-139.656951904
658.782348633,-139.704986572
658.825378418,-139.657318115
658.830322266,-139.677597046
658.835510254,-139.663986206
658.835510254,-139.663986206
658.834716797,-139.677078247
658.834716797,-139.677078247
658.83392334,-139.68788147
658.806884766,-139.715576172
658.843566895,-139.669128418
658.835876465,-139.689498901
658.843566895,-139.669128418
658.845275879,-139.674316406
658.840087891,-139.68901062
658.848144531,-139.694152832
658.843505859,-139.7318573
658.878662109,-139.708175659
658.845581055,-139.732269287
658.849609375,-139.735336304
658.851623535,-139.736999512
658.857849121,-139.738128662
658.893127441,-139.714370728
658.897094727,-139.717529297
658.880554199,-139.745910645
658.882385254,-139.747512817
658.88848877,-139.751037598
658.93347168,-139.77130127
658.931152344,-139.772109985
658.939331055,-139.776062012
658.941467285,-139.776382446
658.957885742,-139.780685425
658.958251953,-139.777069092
658.957824707,-139.784210205
