830.206970215,-107.272018433
830.151794434,-107.261154175
830.145751953,-107.257568359
830.146179199,-107.251754761
830.217712402,-107.242866516
830.168212891,-107.238517761
830.17779541,-107.238121033
830.196289062,-107.238883972
830.187133789,-107.237709045
830.127990723,-107.243782043
830.121765137,-107.24168396
829.363769531,-107.116905212
829.369873047,-107.116226196
829.354370117,-107.114479065
829.382080078,-107.117637634
829.345275879,-107.109016418
829.342468262,-107.107200623
829.339233398,-107.106880188
829.342651367,-107.105682373
829.339294434,-107.105415344
829.339477539,-107.103904724
829.336303711,-107.106506348
829.327331543,-107.099487305
829.281311035,-107.092628479
829.281494141,-107.086898804
829.290649414,-107.089454651
829.293701172,-107.089775085
829.29675293,-107.094482422
829.296813965,-107.093025208
829.265930176,-107.088027954
829.299804688,-107.092018127
829.306213379,-107.08555603
829.247802734,-107.082954407
830.442321777,-107.21018219
830.45135498,-107.211265564
830.473083496,-107.213806152
830.48236084,-107.214958191
830.48236084,-107.214958191
830.485534668,-107.215316772
829.71270752,-107.1222229
829.71887207,-107.122917175
829.71887207,-107.122917175
829.718994141,-107.121490479
829.740539551,-107.124000549
829.746704102,-107.124687195
829.746704102,-107.124687195
829.74987793,-107.123672485
829.759094238,-107.124816895
829.977844238,-107.144943237
830.738525391,-107.235229492
830.748046875,-107.236312866
830.01776123,-107.148246765
830.030151367,-107.148269653
830.045654297,-107.150093079
830.076721191,-107.152297974
830.088562012,-107.153816223
830.264587402,-107.168800354
830.276855469,-107.170272827
830.316955566,-107.175064087
830.320129395,-107.173942566
830.449768066,-107.186424255
830.449707031,-107.184967041
830.449707031,-107.184967041
830.458984375,-107.187515259
830.458984375,-107.187515259
830.486877441,-107.18938446
830.502075195,-107.191238403
830.502075195,-107.191238403
830.569824219,-107.196334839
830.573181152,-107.196731567
830.576171875,-107.197059631
830.678039551,-107.206260681
830.681213379,-107.205238342
830.687194824,-107.20589447
830.696716309,-107.207000732
830.844726562,-107.220230103
830.857177734,-107.220222473
830.826477051,-107.21661377
830.881774902,-107.223197937
830.891052246,-107.224342346
830.931335449,-107.226165771
830.943847656,-107.227638245
830.968200684,-107.22908783
830.977416992,-107.228759766
830.986816406,-107.231300354
830.999145508,-107.232749939
831.036254883,-107.235740662
831.042480469,-107.235054016
831.057922363,-107.236801147
830.775024414,-107.123535156
830.775268555,-107.117835999
830.765869141,-107.118133545
830.768981934,-107.117111206
830.77520752,-107.116355896
830.768981934,-107.115623474
830.766052246,-107.115272522
830.784484863,-107.117469788
830.784423828,-107.116012573
830.784423828,-107.116012573
830.787658691,-107.117874146
830.756713867,-107.115631104
830.753479004,-107.118095398
830.75378418,-107.115203857
830.750427246,-107.119186401
830.787719727,-107.116340637
830.74395752,-107.117111206
