1647.44396973,600.868530273
1647.44519043,600.872070312
1647.45678711,600.875976562
1647.42236328,600.864074707
1647.58239746,600.958557129
1647.59509277,600.965820312
1647.59729004,600.975952148
1647.58239746,600.958557129
1647.2154541,600.842956543
1647.23022461,600.860229492
1647.73376465,601.058959961
1647.73474121,601.06237793
1650.21728516,601.97668457
1650.28674316,602.000427246
1650.55407715,602.094238281
1650.58862305,602.106140137
1650.64660645,602.125793457
1650.64660645,602.125793457
1650.6697998,602.133728027
1650.76245117,602.165283203
1650.7520752,602.164672852
1650.7520752,602.164672852
1650.94885254,602.231506348
1651.01855469,602.255310059
1651.0880127,602.278869629
1651.1237793,602.294067383
1651.14599609,602.29864502
1651.16918945,602.30645752
1651.1817627,602.313842773
1651.18078613,602.310546875
1651.20422363,602.318481445
1651.2166748,602.325622559
1651.2746582,602.345336914
1649.5847168,601.780334473
1649.59667969,601.784301758
1648.59838867,601.475341797
1648.61132812,601.486206055
1648.62268066,601.49005127
1648.63317871,601.490600586
1648.68054199,601.50982666
1648.70874023,601.537536621
1648.76635742,601.557189941
1648.65124512,601.521362305
1648.77709961,601.557800293
1648.78979492,601.565185547
1648.76159668,601.53729248
1648.86560059,601.572570801
1648.92529297,601.598999023
1648.89294434,601.597167969
1648.90454102,601.601074219
1648.92614746,601.602355957
1648.94763184,601.603515625
1648.97155762,601.614501953
1648.97216797,601.617980957
1648.97277832,601.621398926
1649.0057373,601.626464844
1648.52539062,601.481384277
1648.53662109,601.485290527
1648.38793945,601.440856934
1648.4342041,601.456604004
1648.33093262,601.424499512
1648.31921387,601.420654297
1648.28466797,601.408752441
1648.2734375,601.40814209
1648.0098877,601.324584961
1648.0559082,601.340209961
1648.06762695,601.344238281
1647.88354492,601.284729004
1647.88415527,601.288024902
1647.85058594,601.279602051
1647.80432129,601.263916016
1647.75805664,601.248168945
1647.62023926,601.204345703
1647.60925293,601.203735352
1647.54089355,601.18347168
1647.54089355,601.18347168
1647.49438477,601.167907715
1647.43774414,601.151550293
1647.12805176,601.055603027
1647.16333008,601.067443848
1646.77392578,600.947265625
1646.70544434,600.927185059
1646.69396973,600.923034668
1646.2479248,600.786987305
1646.25964355,600.790771484
1646.00830078,600.714599609
1646.06604004,600.73425293
1643.64880371,599.915466309
1643.6661377,599.942626953
1643.68164062,599.963317871
1643.69335938,599.967224121
1643.69335938,599.967224121
1645.90515137,600.682556152
1645.84838867,600.666442871
1645.64245605,600.602600098
1645.6204834,600.598083496
1645.71154785,600.625976562
1646.72839355,601.023864746
1646.7401123,601.027770996
1646.7401123,601.027770996
1646.70617676,601.01940918
1646.70825195,601.026123047
1646.76464844,601.042297363
1646.77514648,601.039550781
1646.68334961,601.01159668
1646.77722168,601.049560547
1646.78637695,601.043579102
1646.67138672,601.007446289
1646.67236328,601.010986328
1646.65991211,601.003662109
1646.8215332,601.058532715
1646.61560059,600.994567871
1643.99938965,600.098693848
1643.97692871,600.094238281
1643.2590332,599.874633789
1643.2824707,599.882568359
1643.21374512,599.862304688
1643.16821289,599.846740723
1643.14489746,599.838928223
1652.11108398,603.210998535
1652.02001953,603.186218262
1651.92749023,603.154663086
1651.96960449,603.199890137
1651.92614746,603.194152832
1651.84460449,603.166503906
1651.83288574,603.162658691
1651.85717773,603.173828125
1651.81066895,603.15802002
1651.77648926,603.149475098
1651.61669922,603.061401367
1651.60534668,603.057250977
1651.6619873,603.116821289
1651.52539062,603.036499023
1651.5690918,603.085021973
1651.5690918,603.085021973
1651.57019043,603.088562012
1651.48974609,603.064208984
1651.46704102,603.056396484
1651.41088867,603.003540039
1651.24938965,602.951721191
1651.2154541,602.98626709
1651.18041992,602.974304199
1651.18041992,602.974304199
1651.12475586,602.918334961
1651.11291504,602.914367676
1651.04431152,602.893981934
1650.75915527,602.815551758
1650.74719238,602.811584473
1650.73632812,602.854003906
1650.7244873,602.849853516
1650.6229248,602.781555176
1650.69042969,602.841369629
1650.63317871,602.825073242
1650.47412109,602.736938477
1650.33886719,602.706359863
1650.31665039,602.701904297
1650.31665039,602.701904297
1650.31713867,602.74798584
1650.3293457,602.755249023
1650.3067627,602.750854492
1650.29577637,602.746948242
1650.29577637,602.746948242
1650.28405762,602.743041992
1650.25061035,602.737792969
1650.02062988,602.622680664
1649.9876709,602.617553711
1650.04772949,602.690307617
1650.01220703,602.675109863
1650.02514648,602.685668945
1649.93347168,602.657470703
1649.81811523,602.575134277
1649.91003418,602.649536133
1649.87866211,602.651184082
1649.77404785,602.569396973
1649.78845215,602.629699707
1649.71630859,602.549804688
1649.70544434,602.549133301
1649.69995117,602.614807129
1649.60961914,602.593322754
1649.50830078,602.571105957
1649.53271484,602.582519531
1649.31994629,602.537719727
1649.23242188,602.526306152
1649.18835449,602.520446777
1649.02160645,602.402404785
1649.12243652,602.51361084
1649.12243652,602.51361084
1648.98779297,602.393981934
1648.9453125,602.394958496
1648.95751953,602.487854004
1648.76635742,602.355285645
1648.76635742,602.355285645
1648.72412109,602.356262207
1648.69006348,602.34777832
1648.84667969,602.46862793
1648.83483887,602.464660645
1648.6451416,602.338806152
1648.6015625,602.333007812
1648.80395508,602.469543457
1648.6628418,602.455078125
1648.62915039,602.450073242
1648.63024902,602.453491211
1648.63110352,602.456604004
1648.23925781,602.283325195
1648.22802734,602.282775879
1648.15209961,602.275268555
1648.44812012,602.446533203
1648.09924316,602.275634766
1648.06689453,602.273681641
1648.30627441,602.432067871
1648.00085449,602.26348877
1647.99084473,602.266235352
1648.25354004,602.432556152
1647.92443848,602.25604248
1648.22375488,602.440612793
1648.18017578,602.435119629
1648.18017578,602.435119629
1648.15856934,602.433776855
1648.14746094,602.433227539
1647.85095215,602.258605957
1648.13830566,602.439331055
1648.15100098,602.446594238
1648.10437012,602.430786133
1647.80700684,602.252868652
1648.0859375,602.442993164
1647.76574707,602.257141113
1647.74230957,602.249206543
1648.07775879,602.452575684
1647.71484375,602.26763916
1647.68859863,602.246398926
1647.67041016,602.258422852
1647.6574707,602.247802734
1647.59716797,602.260986328
1647.94262695,602.46472168
1647.87963867,602.467834473
1647.27001953,602.269226074
1647.23828125,602.270751953
1647.20324707,602.301818848
1647.15393066,602.272827148
1647.16931152,602.293457031
