674.838867188,51.302734375
674.817199707,51.302646637
674.847473145,51.3128128052
674.84979248,51.3129348755
674.83013916,51.3118133545
674.827941895,51.312877655
674.858337402,51.303894043
674.858337402,51.303894043
674.860534668,51.3136062622
674.812988281,51.3023071289
674.810791016,51.302154541
674.814941406,51.3121147156
674.869140625,51.3141899109
674.873596191,51.3143692017
674.802062988,51.3112297058
674.795532227,51.3108673096
674.78704834,51.3006896973
674.782653809,51.3112258911
674.780273438,51.3111381531
674.771728516,51.3009986877
674.771850586,51.2997398376
674.765441895,51.3005332947
674.76751709,51.2995262146
674.758789062,51.3001976013
674.758789062,51.3001976013
674.758728027,51.3097915649
674.758728027,51.3097915649
674.752319336,51.3010215759
674.750061035,51.2996520996
674.74798584,51.299495697
674.741577148,51.2991294861
674.72833252,51.3091545105
674.72644043,51.2993354797
674.726318359,51.3077507019
674.726318359,51.3077507019
674.711120605,51.298500061
674.678588867,51.3097343445
674.678588867,51.3097343445
674.666015625,51.2979660034
674.665893555,51.3088417053
674.663574219,51.3087539673
674.661315918,51.3085975647
674.65057373,51.3090515137
674.646179199,51.2980957031
674.635437012,51.2974243164
674.633117676,51.2972984314
674.62890625,51.2982215881
674.62902832,51.2969284058
674.611633301,51.2971153259
674.600830078,51.3084793091
674.603027344,51.2977523804
674.596496582,51.3082046509
674.594360352,51.3079528809
674.594421387,51.2984580994
674.594360352,51.2972373962
674.594360352,51.2972373962
674.59197998,51.3091201782
674.585754395,51.3087234497
674.583557129,51.3073425293
674.579223633,51.3107070923
674.570617676,51.2993774414
674.570495605,51.2981872559
674.566223145,51.2991943359
674.563964844,51.2978515625
674.544494629,51.3110084534
674.538085938,51.3117790222
674.535766602,51.3104934692
674.535766602,51.3104934692
674.52722168,51.3123283386
674.525085449,51.3097953796
674.522949219,51.3120498657
674.520690918,51.3119888306
674.514221191,51.3007545471
674.514221191,51.3007545471
674.514221191,51.3127174377
674.514221191,51.3127174377
674.50579834,51.3025779724
674.50579834,51.3025779724
674.503479004,51.3000488281
674.50769043,51.3123588562
674.499023438,51.3118667603
674.496948242,51.3116226196
674.48840332,51.301448822
674.48828125,51.3003196716
674.479492188,51.3118972778
674.477478027,51.3116531372
674.475341797,51.3019371033
674.473083496,51.3018188477
674.473144531,51.3126029968
674.464477539,51.3012657166
674.457946777,51.302066803
674.44519043,51.3024291992
674.429931641,51.3038978577
674.427734375,51.3049926758
674.438537598,51.3176765442
674.414733887,51.3053665161
674.412475586,51.3184661865
674.395263672,51.3221588135
674.36920166,51.3086013794
674.362854004,51.3094215393
674.360595703,51.3260726929
674.328063965,51.3300743103
674.321655273,51.3297729492
674.308837891,51.3144569397
674.306518555,51.3143730164
674.317321777,51.3306236267
674.300048828,51.3151626587
674.300048828,51.3151626587
674.299926758,51.3344154358
674.299926758,51.3344154358
674.271972656,51.3194122314
674.213562012,51.3289985657
674.211303711,51.3289413452
674.20904541,51.3526687622
674.179077148,51.335231781
674.178894043,51.3365440369
674.204589844,51.3548736572
674.198181152,51.3557357788
674.198242188,51.3568878174
674.170166016,51.3383483887
674.159484863,51.3400268555
674.153015137,51.3420791626
674.152954102,51.3432617188
674.157226562,51.3711242676
674.116210938,51.3554534912
674.139770508,51.3724937439
674.141967773,51.3762245178
674.133178711,51.3793029785
674.126953125,51.3800735474
674.098754883,51.357925415
674.124572754,51.3811416626
674.122497559,51.3822021484
674.122497559,51.3822021484
674.120361328,51.384437561
674.115966797,51.3878288269
674.081665039,51.3652877808
674.079284668,51.3652000427
674.079467773,51.3663253784
674.079467773,51.3663253784
674.070617676,51.3682556152
674.062194824,51.3712387085
674.057678223,51.3721885681
674.057434082,51.4178237915
674.005615234,51.3965911865
674.003479004,51.3952484131
674.048706055,51.4244842529
674.001403809,51.3999252319
674.001403809,51.3999252319
674.001403809,51.3999252319
673.999145508,51.3998641968
674.046386719,51.4267730713
673.992614746,51.4017868042
673.992614746,51.4017868042
674.035522461,51.4345016479
674.033447266,51.4367637634
674.03125,51.4389343262
674.024719238,51.4421653748
673.960083008,51.4249725342
673.951477051,51.4304046631
674.011779785,51.4509658813
673.947021484,51.4337692261
673.942626953,51.4347457886
674.007263184,51.4591903687
673.940551758,51.4382247925
673.936218262,51.4415893555
673.99420166,51.4762878418
673.923095703,51.4539642334
673.925292969,51.4552459717
673.905700684,51.4684371948
673.97479248,51.5050621033
673.972351074,51.5134086609
673.970153809,51.5180168152
673.885925293,51.4961204529
673.886047363,51.4995956421
673.970153809,51.5228729248
673.862182617,51.5353088379
673.85760498,51.5495147705
673.857727051,51.5542144775
673.95904541,51.5713882446
673.954528809,51.586730957
673.95892334,51.5917015076
673.846618652,51.5752410889
673.846618652,51.581161499
673.842102051,51.5906028748
673.837890625,51.6177635193
673.837890625,51.6177635193
673.96496582,51.6461486816
673.839660645,51.6527442932
673.839599609,51.6611785889
674.010192871,51.6657905579
674.057800293,51.6651191711
674.072998047,51.6684494019
674.075073242,51.6649703979
674.031494141,51.7246360779
673.755249023,51.6751747131
674.035644531,51.7237815857
674.035827637,51.724937439
674.044433594,51.7230491638
674.088012695,51.6669807434
674.003173828,51.7444953918
673.742370605,51.6778869629
673.815673828,51.7303771973
674.072631836,51.7235298157
674.092346191,51.6684150696
674.090515137,51.6646156311
674.094604492,51.6673469543
674.094726562,51.6660919189
673.860839844,51.7416534424
673.729492188,51.6770935059
673.725097656,51.6755599976
673.785217285,51.7297668457
673.780944824,51.7307434082
674.009765625,51.7568435669
674.009765625,51.7593421936
673.860595703,51.7440071106
673.862792969,51.7466049194
673.862670898,51.7502479553
673.722900391,51.6791114807
673.72064209,51.6801528931
674.01184082,51.7594032288
674.018310547,51.7669525146
674.124633789,51.6656990051
673.864990234,51.7515182495
673.70135498,51.6777687073
674.139709473,51.7181549072
674.135742188,51.6675605774
673.86706543,51.7624282837
673.735473633,51.7338905334
674.028869629,51.7833328247
674.028869629,51.7833328247
673.869018555,51.766254425
674.033203125,51.7872428894
674.03314209,51.7884101868
674.153015137,51.6673774719
673.675476074,51.6773986816
673.716186523,51.7338600159
673.879638672,51.7848968506
673.877746582,51.7859306335
674.03314209,51.7919769287
674.033081055,51.7932014465
674.035400391,51.79454422
673.707458496,51.7344703674
673.694458008,51.7337722778
673.881896973,51.7898406982
674.185241699,51.6610603333
673.647338867,51.680393219
674.189758301,51.6612968445
674.189758301,51.6612968445
673.632202148,51.6819000244
673.627929688,51.6828079224
673.896911621,51.8219490051
674.052368164,51.8196372986
674.052429199,51.8232116699
674.058898926,51.8295936584
673.646972656,51.7379570007
674.230285645,51.7142829895
673.896789551,51.824344635
674.060913086,51.8309364319
674.062988281,51.8323135376
674.228759766,51.6612052917
673.608520508,51.6804237366
673.604187012,51.6813430786
673.59979248,51.6822242737
674.236938477,51.713394165
673.901062012,51.8317985535
674.069519043,51.8386726379
674.071777344,51.844783783
674.262817383,51.7138519287
674.276367188,51.6582145691
673.580078125,51.73853302
673.569152832,51.7391777039
674.282592773,51.6586418152
674.293395996,51.6605682373
673.558349609,51.739730835
674.316955566,51.7111930847
674.325561523,51.7105255127
674.319519043,51.658454895
674.330383301,51.6591911316
674.334594727,51.6581802368
673.530334473,51.7379570007
674.34765625,51.6578788757
674.34765625,51.6578788757
673.528198242,51.7402191162
673.530395508,51.7403755188
673.5390625,51.7407989502
673.487548828,51.6849212646
674.362792969,51.656414032
673.47467041,51.6853141785
674.380004883,51.656288147
674.394775391,51.7100028992
673.476379395,51.7429046631
673.457397461,51.6866607666
673.45513916,51.6865119934
673.45690918,51.7430000305
673.440002441,51.6855621338
673.439941406,51.6867485046
673.429321289,51.6872673035
673.414245605,51.6875114441
674.424987793,51.7083206177
673.413696289,51.7427253723
673.407470703,51.741104126
673.405273438,51.7409515381
673.402954102,51.7408294678
674.446716309,51.7036132812
673.398620605,51.7441291809
673.379638672,51.6864967346
674.461853027,51.7069816589
674.463989258,51.7058677673
674.46862793,51.6534194946
674.474731445,51.7065505981
673.321411133,51.6889801025
673.319091797,51.6888618469
674.513793945,51.7053833008
674.515930176,51.7043800354
673.308410645,51.6917686462
674.522399902,51.7047462463
673.293334961,51.6896591187
673.2890625,51.6893501282
674.518432617,51.649230957
673.308044434,51.7480354309
673.305847168,51.7479476929
674.583007812,51.7012634277
674.553039551,51.6502113342
674.561767578,51.6482810974
674.598205566,51.699760437
674.578979492,51.6481971741
674.621765137,51.7013244629
673.213562012,51.6906280518
674.645874023,51.6991577148
674.650146484,51.700592041
674.656555176,51.6986312866
674.656555176,51.699886322
673.18548584,51.6924629211
674.658935547,51.6999168396
674.661010742,51.6988792419
674.663269043,51.6977424622
674.63104248,51.6454124451
674.637451172,51.645816803
674.676086426,51.6962547302
674.646118164,51.6463012695
674.69329834,51.6973266602
674.661193848,51.6437034607
674.672119141,51.6430892944
674.680847168,51.6436653137
674.715148926,51.6962814331
674.715148926,51.6962814331
674.721557617,51.6955223083
674.749633789,51.6947860718
674.726196289,51.6428451538
674.732666016,51.643371582
674.756103516,51.6952438354
674.737121582,51.6411628723
674.760498047,51.6942672729
674.739257812,51.6413192749
674.775634766,51.6952133179
674.8515625,51.6891326904
674.857971191,51.6906890869
674.858032227,51.688243866
674.860351562,51.6367645264
674.855957031,51.6365852356
674.864746094,51.6347198486
674.676025391,51.3983650208
674.67590332,51.3996276855
674.669372559,51.3991928101
674.676025391,51.3983650208
674.710449219,51.400478363
674.708374023,51.4015426636
674.701843262,51.403591156
674.704162598,51.4060935974
674.725646973,51.4050254822
674.727844238,51.4051170349
674.730163574,51.4052047729
674.732177734,51.4089927673
674.738647461,51.4093933105
674.743041992,51.4108924866
674.740844727,51.4143447876
674.731933594,51.4174575806
674.755737305,51.424911499
674.760192871,51.426410675
674.760192871,51.426410675
