689.976257324,-116.033653259
689.980834961,-116.033126831
689.969726562,-116.030235291
689.987304688,-116.032829285
689.989868164,-116.031852722
689.989868164,-116.031852722
689.976257324,-116.033653259
689.970153809,-116.021606445
689.972473145,-116.021965027
689.983520508,-116.023521423
689.981262207,-116.023208618
689.987915039,-116.024200439
689.99005127,-116.024528503
690.003112793,-116.030105591
690.005432129,-116.029151917
690.003356934,-116.026435852
690.005615234,-116.026741028
690.010070801,-116.027359009
690.014282227,-116.029190063
690.018676758,-116.031112671
690.02532959,-116.029640198
689.054382324,-115.897392273
689.054504395,-115.896148682
688.862792969,-115.862365723
688.860595703,-115.860832214
688.86505127,-115.861465454
688.860656738,-115.859550476
688.858520508,-115.8592453
688.869445801,-115.863304138
688.854064941,-115.858604431
688.854125977,-115.857429504
688.845153809,-115.856163025
688.845275879,-115.854896545
689.895019531,-116.010826111
689.89263916,-116.009353638
689.901489258,-116.011779785
689.912597656,-116.012176514
689.914855957,-116.012405396
689.914794922,-116.013679504
689.94354248,-116.017845154
689.94128418,-116.016334534
689.945739746,-116.016937256
689.947937012,-116.017280579
689.934631348,-116.015335083
689.954650879,-116.018211365
689.737792969,-115.986984253
689.746704102,-115.988288879
689.837402344,-116.001304626
689.839538574,-116.001655579
689.841796875,-116.002029419
689.85949707,-116.00453949
689.868347168,-116.005783081
689.85949707,-116.00453949
688.829772949,-115.851501465
688.829772949,-115.851501465
688.81237793,-115.66305542
688.797119141,-115.659553528
688.79498291,-115.65436554
688.794921875,-115.651992798
688.783874512,-115.655273438
688.786132812,-115.651847839
688.845703125,-115.666572571
688.783996582,-115.649131775
688.781860352,-115.650062561
688.848022461,-115.66444397
688.848022461,-115.66444397
688.84777832,-115.666908264
688.84777832,-115.668159485
688.777282715,-115.655502319
688.77520752,-115.652748108
688.768554688,-115.649368286
688.849914551,-115.668403625
688.852478027,-115.665000916
688.856628418,-115.666915894
688.856811523,-115.663223267
688.856872559,-115.660835266
688.86126709,-115.661445618
688.757568359,-115.650169373
688.757446289,-115.65272522
688.757568359,-115.646591187
688.75769043,-115.645294189
688.753112793,-115.645942688
688.750793457,-115.648025513
688.750793457,-115.648025513
688.865600586,-115.663368225
688.874511719,-115.664535522
688.750671387,-115.651786804
688.735412598,-115.648246765
688.885437012,-115.66859436
688.887756348,-115.665237427
688.880981445,-115.672859192
688.889648438,-115.671714783
688.722167969,-115.646392822
688.892089844,-115.669525146
688.891967773,-115.672012329
688.891906738,-115.674468994
688.896606445,-115.67137146
688.896362305,-115.675079346
688.898620605,-115.674087524
688.901062012,-115.667152405
688.902954102,-115.674835205
688.717956543,-115.640785217
688.711242676,-115.638702393
688.706604004,-115.642997742
688.713378906,-115.637794495
688.909851074,-115.67326355
688.916320801,-115.673057556
688.916259766,-115.675468445
688.918579102,-115.672157288
688.93182373,-115.674041748
688.933959961,-115.676742554
688.675842285,-115.638465881
688.936279297,-115.677078247
688.933776855,-115.680511475
688.945129395,-115.675987244
688.940368652,-115.681465149
688.949584961,-115.677818298
688.669372559,-115.628997803
688.669372559,-115.628997803
688.669372559,-115.628997803
688.953796387,-115.679672241
688.960388184,-115.678138733
688.965026855,-115.678749084
688.656005859,-115.633155823
688.969299316,-115.680717468
688.971679688,-115.679725647
688.971679688,-115.679725647
688.971557617,-115.678489685
688.649658203,-115.626113892
688.984985352,-115.679161072
688.989196777,-115.684700012
688.643066406,-115.623954773
688.638305664,-115.630645752
688.634216309,-115.621520996
688.991516113,-115.685005188
688.991394043,-115.687431335
688.991577148,-115.680145264
689.00012207,-115.689941406
688.618713379,-115.625259399
688.614257812,-115.624710083
688.614074707,-115.625984192
688.612121582,-115.624404907
688.609985352,-115.622810364
689.026489258,-115.6926651
688.601135254,-115.617950439
688.598754883,-115.618797302
688.596496582,-115.6222229
688.596618652,-115.620933533
688.596862793,-115.614807129
688.596862793,-115.614807129
688.592163086,-115.619132996
688.585632324,-115.616920471
688.576843262,-115.616920471
688.570129395,-115.613479614
688.567810059,-115.616912842
688.565673828,-115.61530304
688.565795898,-115.616569519
688.563720703,-115.608932495
688.561584473,-115.608566284
689.079650879,-115.698974609
689.082214355,-115.691917419
689.086364746,-115.699882507
688.55267334,-115.610908508
688.548095703,-115.609138489
688.548095703,-115.609138489
688.546325684,-115.606307983
689.090881348,-115.6980896
689.092895508,-115.70085144
688.546203613,-115.607505798
688.539489746,-115.609031677
688.539367676,-115.610206604
688.53503418,-115.603492737
688.53314209,-115.604393005
688.533081055,-115.601982117
688.530578613,-115.605369568
689.106323242,-115.696662903
689.108520508,-115.696960449
689.110839844,-115.700874329
689.108642578,-115.69329071
689.115112305,-115.70161438
688.526489258,-115.599807739
688.523925781,-115.601997375
688.521789551,-115.606513977
688.519592285,-115.602554321
688.517333984,-115.604705811
689.117553711,-115.697021484
689.126220703,-115.701896667
689.128234863,-115.704704285
689.130554199,-115.703773499
689.132995605,-115.700378418
689.128540039,-115.694915771
688.515197754,-115.600715637
688.506347656,-115.600601196
689.139282227,-115.705039978
689.141479492,-115.702972412
689.139770508,-115.695243835
689.139770508,-115.695243835
688.497619629,-115.598167419
688.497802734,-115.599365234
688.497802734,-115.599365234
688.491210938,-115.592323303
688.482421875,-115.589813232
689.159423828,-115.704269409
689.159606934,-115.698135376
689.161499023,-115.706985474
689.170288086,-115.707099915
688.469299316,-115.587844849
688.464660645,-115.588493347
689.181945801,-115.698799133
689.186279297,-115.699424744
689.179077148,-115.709571838
688.457885742,-115.591239929
688.455749512,-115.589691162
688.453552246,-115.589324951
688.44934082,-115.586227417
688.44921875,-115.589904785
688.44720459,-115.587173462
688.444885254,-115.588119507
688.436035156,-115.585609436
689.203491211,-115.710655212
689.21685791,-115.711250305
688.433959961,-115.586509705
688.42755127,-115.578186035
688.425170898,-115.581504822
688.423034668,-115.577545166
689.217163086,-115.701454163
689.219360352,-115.701782227
689.25012207,-115.714782715
689.258850098,-115.714851379
689.257141113,-115.703529358
689.259338379,-115.70501709
689.259338379,-115.70501709
688.392150879,-115.574371338
689.265686035,-115.714576721
689.272216797,-115.714347839
689.276855469,-115.708831787
689.281555176,-115.705780029
689.285644531,-115.713623047
689.287841797,-115.714111328
689.290344238,-115.707015991
689.29498291,-115.706329346
689.296875,-115.706817627
689.301330566,-115.717140198
689.308227539,-115.705879211
689.328186035,-115.706314087
689.343200684,-115.71950531
689.341491699,-115.706924438
689.34362793,-115.707321167
689.352416992,-115.707366943
689.356994629,-115.707962036
689.365356445,-115.719116211
689.35925293,-115.707054138
689.363647461,-115.707778931
689.370300293,-115.70740509
689.379272461,-115.707489014
689.383605957,-115.706863403
689.388122559,-115.707450867
689.429748535,-115.72088623
689.434204102,-115.720275879
689.438659668,-115.719749451
689.441467285,-115.705345154
689.452453613,-115.708137512
689.450378418,-115.705375671
689.481018066,-115.719566345
689.487670898,-115.719337463
689.481506348,-115.704940796
689.492614746,-115.702804565
689.512084961,-115.719169617
689.510437012,-115.702926636
689.523132324,-115.718299866
689.534179688,-115.718643188
689.536499023,-115.718963623
689.55279541,-115.7003479
689.576599121,-115.716087341
689.595336914,-115.695304871
689.601806641,-115.695075989
689.606323242,-115.693260193
689.63885498,-115.712776184
689.672729492,-115.707595825
689.657775879,-115.685836792
689.66229248,-115.685287476
689.673339844,-115.685653687
689.673583984,-115.683158875
689.686645508,-115.682594299
689.686645508,-115.682594299
689.697143555,-115.705078125
689.79107666,-115.690185547
689.795532227,-115.688369751
689.797851562,-115.68863678
689.811340332,-115.683227539
689.811340332,-115.683227539
689.813415527,-115.68598175
689.829223633,-115.682121277
689.847045898,-115.6772995
689.830627441,-115.645271301
689.869445801,-115.670654297
689.832763672,-115.643196106
689.876525879,-115.667892456
689.873291016,-115.631637573
689.912353516,-115.660720825
689.877868652,-115.627380371
689.889282227,-115.624130249
689.904663086,-115.618988037
689.902893066,-115.617408752
689.948120117,-115.651046753
689.961669922,-115.645698547
689.964172363,-115.643424988
689.972900391,-115.642326355
689.975463867,-115.641304016
689.984313965,-115.63899231
689.991149902,-115.632629395
689.945861816,-115.59651947
689.950439453,-115.594596863
689.961364746,-115.593795776
689.966125488,-115.59072876
689.968200684,-115.589790344
689.97064209,-115.590171814
689.972900391,-115.584259033
689.977478027,-115.583694458
689.989013672,-115.573028564
689.991333008,-115.57094574
690.047485352,-115.612358093
690.047363281,-115.613563538
690.049804688,-115.611343384
689.99810791,-115.568153381
690.05670166,-115.607421875
690.059143066,-115.604026794
690.070068359,-115.601989746
690.070068359,-115.601989746
690.009460449,-115.557548523
690.074707031,-115.600097656
690.074768066,-115.601379395
690.079223633,-115.598388672
690.08380127,-115.592880249
690.088317871,-115.592254639
690.030090332,-115.544471741
690.030090332,-115.543197632
690.106384277,-115.581314087
690.115600586,-115.577644348
690.117858887,-115.577865601
690.131408691,-115.572425842
690.036254883,-115.493614197
690.029663086,-115.493843079
690.027404785,-115.493553162
690.027404785,-115.493553162
690.026977539,-115.442947388
690.015930176,-115.442558289
689.993713379,-115.439376831
689.96307373,-115.489257812
689.9609375,-115.487731934
689.956665039,-115.485786438
689.956665039,-115.485786438
689.934082031,-115.435661316
689.918395996,-115.433532715
689.913879395,-115.434173584
689.818786621,-115.424201965
689.818786621,-115.424201965
689.810058594,-115.422859192
689.794250488,-115.421936035
689.789794922,-115.423728943
689.790283203,-115.471855164
689.772399902,-115.417488098
689.770446777,-115.467788696
689.763549805,-115.415039062
689.756835938,-115.415306091
689.761535645,-115.467712402
689.761474609,-115.468948364
689.759338379,-115.468681335
689.741333008,-115.41431427
689.732421875,-115.41305542
689.73034668,-115.413894653
689.743896484,-115.466392517
689.719055176,-115.41242981
689.71472168,-115.411750793
689.73248291,-115.466163635
689.706115723,-115.462333679
689.68572998,-115.4112854
689.683959961,-115.460327148
689.674987793,-115.407226562
689.670349121,-115.410316467
689.670349121,-115.409103394
689.654907227,-115.40687561
689.645996094,-115.40562439
689.646484375,-115.452438354
689.64642334,-115.454956055
689.624328613,-115.452934265
689.617675781,-115.452003479
689.610961914,-115.452278137
689.590942383,-115.449462891
689.575500488,-115.446105957
689.575622559,-115.447273254
689.575622559,-115.447273254
689.561767578,-115.397239685
689.56439209,-115.446907043
689.541809082,-115.396789551
689.506286621,-115.393089294
689.515563965,-115.442451477
689.457763672,-115.387229919
689.446777344,-115.386894226
689.456054688,-115.436347961
689.413452148,-115.384689331
689.43170166,-115.433998108
689.429443359,-115.433654785
689.429443359,-115.433654785
689.408874512,-115.386436462
689.355957031,-115.377540588
689.351501465,-115.379394531
689.349304199,-115.379058838
689.342468262,-115.379394531
689.340270996,-115.380256653
689.349975586,-115.423591614
689.343261719,-115.423820496
689.309692383,-115.420387268
689.289428711,-115.371803284
689.303222656,-115.420578003
689.303222656,-115.420578003
689.243103027,-115.367584229
689.240844727,-115.367240906
689.229919434,-115.36566925
689.227539062,-115.365364075
689.239196777,-115.412620544
689.232543945,-115.410484314
689.199279785,-115.410644531
689.188232422,-115.407905579
689.174926758,-115.405937195
689.16784668,-115.360496521
689.16784668,-115.360496521
689.16394043,-115.404327393
689.159423828,-115.406166077
689.146179199,-115.401863098
689.14630127,-115.405487061
689.144104004,-115.403900146
689.088195801,-115.352859497
689.059265137,-115.353637695
689.054931641,-115.350479126
689.041564941,-115.348594666
689.017272949,-115.347587585
689.010620117,-115.345474243
689.006286621,-115.34601593
689.006286621,-115.34601593
688.997497559,-115.344749451
689.024536133,-115.391700745
688.973144531,-115.342460632
688.995727539,-115.390045166
688.995727539,-115.390045166
688.953308105,-115.342086792
688.969055176,-115.387512207
688.938415527,-115.383087158
688.938415527,-115.383087158
688.915527344,-115.336730957
688.927246094,-115.382637024
688.877929688,-115.333808899
688.905029297,-115.380805969
688.896362305,-115.37828064
688.873352051,-115.33682251
688.87121582,-115.334037781
688.859985352,-115.333778381
688.859985352,-115.333778381
688.844909668,-115.330253601
688.807312012,-115.328567505
688.805053711,-115.328300476
688.80291748,-115.330345154
688.804992676,-115.327041626
688.787353516,-115.324447632
688.741027832,-115.321525574
688.761413574,-115.363861084
688.756896973,-115.364501953
688.752502441,-115.363891602
688.750366211,-115.364730835
688.73046875,-115.36315155
688.692199707,-115.31703949
688.685668945,-115.316070557
688.684082031,-115.357711792
688.635437012,-115.354507446
688.624389648,-115.35168457
688.609069824,-115.351806641
688.590515137,-115.308586121
688.590454102,-115.307449341
688.571411133,-115.347686768
688.557434082,-115.305160522
688.527099609,-115.343887329
688.513061523,-115.301338196
688.502075195,-115.299728394
688.486877441,-115.351654053
688.48248291,-115.353462219
688.48236084,-115.354743958
688.466674805,-115.357398987
688.438110352,-115.354423523
