827.734924316,-107.465492249
827.735534668,-107.454017639
827.732849121,-107.447875977
827.729919434,-107.438957214
827.785400391,-107.439735413
827.803649902,-107.444717407
827.803771973,-107.44329834
827.803771973,-107.44329834
826.890197754,-107.298789978
826.893188477,-107.297782898
826.893188477,-107.294952393
826.890319824,-107.29309082
826.880981445,-107.293464661
826.884338379,-107.29233551
826.881103516,-107.292015076
826.887634277,-107.285469055
826.863098145,-107.285514832
826.856872559,-107.284820557
826.856750488,-107.287628174
826.853759766,-107.28302002
826.847595215,-107.28515625
826.847595215,-107.286567688
826.844665527,-107.281898499
826.838623047,-107.284004211
826.835510254,-107.280845642
827.166442871,-107.311378479
827.172485352,-107.310630798
827.218383789,-107.314674377
827.22454834,-107.315376282
827.300964355,-107.323135376
827.304199219,-107.323486328
827.291992188,-107.320587158
827.31640625,-107.324943542
827.328796387,-107.323486328
827.338134766,-107.324569702
827.341125488,-107.324867249
827.343994141,-107.325340271
827.347106934,-107.327072144
827.350280762,-107.325958252
827.423706055,-107.333343506
827.429931641,-107.333999634
827.436035156,-107.333343506
827.439147949,-107.335021973
827.442138672,-107.334030151
827.457397461,-107.335853577
827.466430664,-107.336967468
827.555603027,-107.344619751
827.571044922,-107.346359253
827.580200195,-107.346130371
827.580200195,-107.346130371
827.610961914,-107.348243713
827.62298584,-107.349754333
827.650695801,-107.35295105
827.663146973,-107.352958679
827.66595459,-107.353408813
827.718200684,-107.358100891
827.724365234,-107.358856201
827.724365234,-107.358856201
827.745727539,-107.359909058
827.782592773,-107.364356995
827.801025391,-107.36643219
827.803955078,-107.365463257
827.81628418,-107.366859436
827.843994141,-107.370162964
827.859436035,-107.370414734
827.899108887,-107.375297546
827.902099609,-107.37562561
827.920471191,-107.37638092
827.920471191,-107.37638092
827.933044434,-107.376319885
827.954406738,-107.378929138
827.96673584,-107.380340576
828.061767578,-107.388786316
828.064941406,-107.389144897
828.076965332,-107.390693665
828.083435059,-107.389831543
828.092529297,-107.390983582
828.095581055,-107.392776489
828.150878906,-107.397842407
828.147949219,-107.396064758
828.144897461,-107.39566803
828.16015625,-107.39755249
828.200073242,-107.400802612
828.205993652,-107.401504517
828.209289551,-107.40045166
828.212402344,-107.400848389
828.215332031,-107.402587891
828.21862793,-107.401535034
828.224609375,-107.402259827
828.258239746,-107.406326294
828.255554199,-107.404434204
828.249206543,-107.403717041
828.279785156,-107.407432556
828.282958984,-107.407798767
828.310668945,-107.409614563
828.322998047,-107.409591675
828.329040527,-107.411750793
828.33215332,-107.410697937
828.341369629,-107.411720276
828.34753418,-107.413955688
828.35369873,-107.413169861
828.353515625,-107.41468811
828.365844727,-107.414703369
828.365844727,-107.414703369
828.374938965,-107.415817261
828.396606445,-107.416946411
828.402832031,-107.417655945
828.415039062,-107.419113159
828.436523438,-107.420227051
828.442687988,-107.420921326
828.442810059,-107.419471741
828.458190918,-107.421318054
828.461181641,-107.421638489
828.47644043,-107.42490387
828.479431152,-107.42389679
828.488891602,-107.423454285
828.494995117,-107.425666809
828.498046875,-107.42603302
828.54107666,-107.429695129
828.553405762,-107.429679871
828.553405762,-107.428268433
828.559509277,-107.430427551
828.562683105,-107.430770874
828.565734863,-107.429679871
828.574890137,-107.430809021
828.57800293,-107.43258667
828.624145508,-107.435188293
828.636413574,-107.436607361
828.645629883,-107.436325073
828.682617188,-107.440620422
828.688537598,-107.441421509
828.691589355,-107.441818237
828.305297852,-107.320823669
828.305358887,-107.319396973
828.314453125,-107.321937561
828.296325684,-107.316802979
828.31463623,-107.319038391
828.296386719,-107.315368652
828.311706543,-107.31578064
828.293334961,-107.315002441
828.320678711,-107.321212769
828.317749023,-107.316566467
828.329833984,-107.323760986
828.32409668,-107.315803528
828.330200195,-107.317947388
828.330200195,-107.316497803
828.333435059,-107.315490723
828.339416504,-107.317619324
828.33972168,-107.316169739
828.354797363,-107.318023682
828.35144043,-107.324905396
828.360961914,-107.318733215
828.364013672,-107.319107056
828.360778809,-107.323020935
828.3671875,-107.319389343
828.357666016,-107.324104309
828.354431152,-107.325210571
828.370422363,-107.316963196
828.37310791,-107.323051453
828.379211426,-107.325233459
828.388244629,-107.324897766
828.391540527,-107.323822021
828.400817871,-107.323455811
828.400817871,-107.323455811
