681.288574219,96.055809021
681.302062988,96.0573654175
681.302062988,96.0573654175
681.275146484,96.0567169189
681.29296875,96.0661468506
681.295227051,96.0663986206
681.299560547,96.0656585693
681.273010254,96.0564498901
681.30871582,96.0580978394
681.310913086,96.0583724976
681.317504883,96.0591430664
681.304016113,96.0673675537
681.304016113,96.0673675537
681.308532715,96.0679092407
681.321899414,96.0596389771
681.257446289,96.0546417236
681.257446289,96.0546417236
681.315002441,96.0687408447
681.244018555,96.061668396
681.328491211,96.0702209473
681.232849121,96.0616378784
681.339355469,96.0715942383
681.223999023,96.0606384277
681.202026367,96.0482330322
681.195068359,96.0585250854
681.192993164,96.0581665039
681.183898926,96.0572433472
681.186523438,96.04637146
681.179504395,96.0579147339
681.170959473,96.0458908081
681.108886719,96.0422973633
681.106567383,96.0421066284
681.095397949,96.0530548096
681.095397949,96.0530548096
681.093078613,96.0502929688
681.093139648,96.0404815674
681.084106445,96.0517196655
681.057434082,96.051071167
681.046691895,96.0387649536
681.017578125,96.0366592407
681.017578125,96.0366592407
681.024108887,96.0509185791
680.993408203,96.0362625122
680.993408203,96.0362625122
680.970947266,96.0362472534
680.959960938,96.0361328125
680.95324707,96.0353317261
680.937683105,96.0360488892
680.928833008,96.0361175537
680.922119141,96.0378646851
680.926635742,96.0493087769
680.913330078,96.036857605
680.913330078,96.0380554199
680.913085938,96.0503311157
680.906677246,96.0360794067
680.906677246,96.0360794067
680.906677246,96.0360794067
680.90637207,96.0507507324
680.846252441,96.052406311
680.844116211,96.0532684326
680.833435059,96.0373306274
680.813354492,96.0374526978
680.808837891,96.0382080078
680.808837891,96.0382080078
680.783996582,96.0561981201
680.784057617,96.0574264526
680.784057617,96.0574264526
680.781860352,96.0584259033
680.781860352,96.0584259033
680.72442627,96.0431060791
680.724243164,96.044303894
680.713195801,96.0442428589
680.708740234,96.0461425781
680.697387695,96.0473861694
680.69317627,96.0468292236
680.690917969,96.0489959717
680.690979004,96.0466079712
680.69934082,96.0672149658
680.69720459,96.0694122314
680.684020996,96.0495529175
680.682006836,96.0492630005
680.688354492,96.0708770752
680.688354492,96.0708770752
680.681518555,96.0712966919
680.661987305,96.0506210327
680.650878906,96.0529785156
680.654846191,96.0767745972
680.648132324,96.0771942139
680.643798828,96.0803985596
680.624023438,96.0584945679
680.634643555,96.0806274414
680.634643555,96.0806274414
680.632385254,96.0828323364
680.615112305,96.0586853027
680.612854004,96.0608978271
680.610717773,96.0594406128
680.630249023,96.0825119019
680.608581543,96.0603713989
680.604064941,96.0597915649
680.601745605,96.060798645
680.612548828,96.0889816284
680.612548828,96.0889816284
680.570678711,96.066986084
680.552856445,96.072303772
680.569885254,96.1025390625
680.561096191,96.1038970947
680.532653809,96.0773239136
680.528259277,96.0804595947
680.523620605,96.0800094604
680.514770508,96.0863342285
680.54309082,96.1129379272
680.538635254,96.1148376465
680.492492676,96.0911026001
680.534240723,96.1167526245
680.529602051,96.1187210083
680.529602051,96.119972229
680.49029541,96.0906982422
680.488037109,96.0918121338
680.507080078,96.130897522
680.507263184,96.132019043
680.502746582,96.1327972412
680.458862305,96.104347229
680.454345703,96.1062927246
680.493713379,96.1414794922
680.450012207,96.1082382202
680.449890137,96.1094436646
680.449890137,96.1094436646
680.44543457,96.1126556396
680.44543457,96.1126556396
680.473571777,96.1538925171
680.471191406,96.1585083008
680.39831543,96.1353607178
680.396179199,96.1375656128
680.448608398,96.1805038452
680.389404297,96.1404495239
680.393737793,96.1446685791
680.444091797,96.1848526001
680.38482666,96.1461029053
680.443969727,96.1873474121
680.380371094,96.1479415894
680.439453125,96.1867980957
680.369018555,96.1576919556
680.366882324,96.1586914062
680.432678223,96.1958007812
680.432678223,96.1958007812
680.355651855,96.1696243286
680.348754883,96.1774291992
680.416503906,96.2307815552
680.416625977,96.231880188
680.326171875,96.2078933716
680.326171875,96.2078933716
680.411743164,96.2485656738
680.324035645,96.2088699341
680.321350098,96.218460083
680.316833496,96.2203826904
680.31463623,96.2237701416
680.312255859,96.2296905518
680.309997559,96.228225708
680.406799316,96.2726287842
680.408325195,96.3156738281
680.40826416,96.3180999756
680.29083252,96.3008728027
680.41015625,96.3342819214
680.283996582,96.3196029663
680.281738281,96.3192825317
680.283569336,96.3343200684
680.416259766,96.3645095825
680.288085938,96.3396911621
680.288085938,96.3396911621
680.288085938,96.3421325684
680.287841797,96.344619751
680.41619873,96.3681335449
680.41619873,96.3692855835
680.280944824,96.3585357666
680.280944824,96.3610305786
680.426940918,96.3890075684
680.433837891,96.3811569214
680.442504883,96.3871536255
680.440307617,96.3820800781
680.442565918,96.3846969604
680.442443848,96.3834991455
680.413513184,96.400932312
680.444702148,96.3849945068
680.449157715,96.3830108643
680.453674316,96.3835678101
680.455993652,96.3813781738
680.406616211,96.4038238525
680.274108887,96.3736724854
680.397521973,96.4138793945
680.249450684,96.3781890869
680.390930176,96.4191970825
680.233886719,96.3776702881
680.38861084,96.421333313
680.384094238,96.4233856201
680.383911133,96.4319000244
680.381774902,96.4340133667
680.383850098,96.4344100952
680.379394531,96.4362869263
680.376831055,96.4494552612
680.261901855,96.43359375
680.376708984,96.459312439
680.221984863,96.4338912964
680.226379395,96.4344329834
680.21295166,96.4340438843
680.206481934,96.4344940186
680.192993164,96.4329833984
680.193115234,96.434135437
680.188598633,96.4336624146
680.136352539,96.3760070801
680.38092041,96.4732818604
680.385192871,96.4872283936
680.391662598,96.4965591431
680.148742676,96.433921814
680.38482666,96.5019836426
680.38482666,96.5019836426
680.393676758,96.5041809082
680.124206543,96.4334640503
680.119812012,96.4342727661
680.074462891,96.3737335205
680.070068359,96.374382019
680.395751953,96.5081863403
680.329284668,96.5113754272
680.329284668,96.5113754272
680.108764648,96.4341430664
680.406677246,96.5180358887
680.335632324,96.5195236206
680.340087891,96.5224456787
680.093322754,96.4311294556
680.088867188,96.4306106567
680.099853516,96.4331359863
680.032348633,96.3725738525
680.030151367,96.3722076416
680.068908691,96.428276062
680.415649414,96.5215148926
680.415466309,96.5276031494
680.340026855,96.5249404907
680.337646484,96.5283813477
680.066833496,96.427986145
680.06237793,96.4274368286
680.064331055,96.4301757812
680.421936035,96.5357055664
680.044677734,96.4315719604
680.042236328,96.4313278198
680.007873535,96.3733596802
680.037902832,96.4308013916
680.430664062,96.540435791
680.426208496,96.5436172485
680.428344727,96.543838501
680.005554199,96.3719024658
680.015563965,96.4307098389
680.435058594,96.5482940674
680.437316895,96.5461196899
680.43951416,96.5512771606
679.985595703,96.373260498
679.983581543,96.3716278076
679.978942871,96.3724136353
680.443908691,96.5529937744
680.441589355,96.5564346313
680.446105957,96.5569152832
679.965698242,96.3733596802
680.465942383,96.5580215454
679.95904541,96.3725738525
679.964538574,96.4296722412
679.960205078,96.4303131104
679.939147949,96.3714752197
679.934692383,96.372177124
679.944824219,96.4272918701
679.938110352,96.4253158569
679.920593262,96.4256134033
679.918151855,96.4266586304
679.906982422,96.4278182983
679.902526855,96.427230835
679.883666992,96.3723449707
679.850524902,96.3696517944
679.850402832,96.3684921265
679.839416504,96.3695831299
679.851745605,96.4274673462
679.830566406,96.368560791
679.808288574,96.3672637939
679.799560547,96.3698883057
679.805175781,96.4257125854
679.77520752,96.3682937622
679.769592285,96.4240188599
679.695373535,96.3639144897
679.698730469,96.4244155884
679.668762207,96.3657073975
679.673339844,96.3637542725
679.674255371,96.4203796387
679.674255371,96.4226913452
679.648986816,96.3620986938
679.665466309,96.4229736328
679.654418945,96.4192199707
679.636779785,96.4183425903
679.636657715,96.4208145142
679.615600586,96.3631744385
679.615600586,96.3631744385
679.615722656,96.3607330322
679.632385254,96.4178543091
679.627807617,96.4185791016
679.627807617,96.4185791016
679.623535156,96.420425415
679.62109375,96.4214324951
679.594665527,96.4207839966
679.583679199,96.4170532227
679.579223633,96.4177703857
679.574645996,96.4197235107
679.572387695,96.4194641113
681.326660156,96.3980178833
681.326599121,96.4017486572
681.333251953,96.4025039673
681.33782959,96.3993148804
681.33782959,96.3993148804
681.311279297,96.3999328613
681.311096191,96.3987808228
681.308776855,96.4009170532
681.304504395,96.4028549194
681.304504395,96.4028549194
681.27331543,96.3979873657
681.268981934,96.3987045288
681.264526367,96.3981933594
681.239929199,96.3978347778
681.323486328,96.4541473389
681.303588867,96.4530487061
681.292297363,96.4518280029
681.288085938,96.4525299072
681.294555664,96.4533081055
681.224487305,96.3972167969
681.254577637,96.4510345459
681.261230469,96.4530792236
681.213256836,96.3984222412
681.213317871,96.3971252441
681.184265137,96.3987121582
681.201293945,96.4497680664
681.190246582,96.4472808838
681.192443848,96.4512405396
681.176757812,96.4505767822
681.156799316,96.4507064819
681.127807617,96.4523696899
681.119140625,96.4524002075
681.118896484,96.4536972046
681.116638184,96.4522476196
681.05090332,96.397895813
681.031005859,96.3955612183
681.028869629,96.3953094482
681.034484863,96.450012207
681.016784668,96.4479141235
680.973388672,96.3937149048
680.96661377,96.3941574097
680.924499512,96.3929672241
680.890075684,96.4453582764
680.855529785,96.39112854
680.883361816,96.4471740723
680.879089355,96.4452896118
680.87677002,96.4476394653
680.874450684,96.4485015869
680.837768555,96.3914413452
680.833251953,96.3921890259
680.831176758,96.3930587769
680.833251953,96.3909606934
680.828735352,96.3953094482
680.856750488,96.4476699829
680.834472656,96.4463729858
680.80871582,96.3955307007
680.827819824,96.448059082
680.804443359,96.3913116455
680.795471191,96.3902740479
680.795471191,96.3902740479
680.793334961,96.391204834
680.7734375,96.3913497925
680.768981934,96.3908691406
680.748901367,96.3897628784
680.742370605,96.3901443481
680.763366699,96.4454650879
680.739135742,96.4449996948
680.688903809,96.3876571655
680.721313477,96.4441604614
680.675720215,96.3873672485
680.666625977,96.3875198364
680.666625977,96.3875198364
680.694641113,96.4447402954
680.694641113,96.4533996582
680.657287598,96.4171524048
680.652954102,96.4129104614
680.648620605,96.4111938477
680.646911621,96.3876495361
680.644165039,96.4081802368
680.642089844,96.4042816162
680.637756348,96.401260376
680.631347656,96.3858947754
680.633056641,96.4020690918
