648.124267578,-138.129013062
648.135070801,-138.120254517
648.146850586,-138.129547119
648.143249512,-138.121658325
648.15045166,-138.133834839
648.157226562,-138.124359131
648.086608887,-138.11138916
648.078491211,-138.111160278
648.164611816,-138.136398315
648.07598877,-138.118972778
648.074279785,-138.115066528
648.070373535,-138.110809326
648.172912598,-138.135498047
648.177368164,-138.130386353
648.184875488,-138.135391235
648.187255859,-138.136886597
648.187011719,-138.139297485
648.185180664,-138.131851196
648.191650391,-138.131759644
648.045898438,-138.109909058
648.043945312,-138.111801147
648.195007324,-138.140762329
648.205749512,-138.133148193
648.207336426,-138.138259888
648.209106445,-138.143325806
648.20916748,-138.14213562
648.209228516,-138.141021729
648.011535645,-138.10597229
648.001403809,-138.103012085
647.996276855,-138.091186523
647.989440918,-138.100708008
647.992004395,-138.09173584
647.99420166,-138.090927124
647.990112305,-138.091323853
647.98815918,-138.089752197
647.982116699,-138.087539673
648.26776123,-138.151611328
648.270019531,-138.148483276
647.977966309,-138.089202881
648.280334473,-138.14680481
648.281982422,-138.153121948
648.283935547,-138.153503418
648.284301758,-138.149902344
648.288391113,-138.148269653
648.286437988,-138.145584106
647.967346191,-138.094360352
647.965393066,-138.09513855
647.961425781,-138.093170166
647.961425781,-138.093170166
647.963745117,-138.087738037
647.963745117,-138.087738037
647.955810547,-138.086196899
648.290039062,-138.155731201
648.296447754,-138.148590088
648.300415039,-138.150527954
647.955444336,-138.092071533
648.31060791,-138.151229858
648.314331055,-138.156677246
648.314819336,-138.149597168
648.320922852,-138.151885986
648.322937012,-138.15222168
648.324707031,-138.154907227
648.324462891,-138.158538818
648.341369629,-138.153182983
648.340454102,-138.162643433
648.342712402,-138.16178894
648.344482422,-138.163375854
648.344787598,-138.159790039
648.361328125,-138.155776978
648.363342285,-138.15612793
648.364990234,-138.165893555
648.369506836,-138.157211304
648.391967773,-138.158920288
648.422119141,-138.164489746
648.422119141,-138.164489746
648.444580078,-138.16494751
648.46484375,-138.167510986
648.46673584,-138.166793823
648.474853516,-138.169372559
648.482971191,-138.169647217
648.481201172,-138.168029785
648.485107422,-138.167770386
648.51361084,-138.171676636
648.51739502,-138.17590332
648.51739502,-138.173614502
648.521362305,-138.177856445
648.521362305,-138.177856445
648.521728516,-138.172012329
648.523803711,-138.171188354
648.533508301,-138.176513672
648.539306641,-138.182342529
648.539978027,-138.174163818
648.541992188,-138.175689697
648.555969238,-138.178268433
648.556091309,-138.174819946
648.559753418,-138.181365967
648.561889648,-138.181777954
648.564208984,-138.177368164
648.561706543,-138.184082031
648.582336426,-138.184112549
648.582336426,-138.183013916
648.594360352,-138.186462402
648.606628418,-138.186340332
648.604736328,-138.1824646
648.604797363,-138.18132019
648.608947754,-138.179656982
648.623291016,-138.181060791
648.623413086,-138.17868042
648.62689209,-138.187667847
648.62902832,-138.186889648
648.633361816,-138.182891846
648.633483887,-138.179367065
647.796936035,-138.050094604
647.800964355,-138.050735474
647.795471191,-138.040267944
647.795593262,-138.0390625
647.793701172,-138.037628174
647.813781738,-138.04347229
647.820983887,-138.054519653
647.819763184,-138.044677734
647.821533203,-138.046279907
647.825378418,-138.050506592
647.827575684,-138.04850769
647.827575684,-138.04850769
647.827270508,-138.053192139
647.829040527,-138.055908203
647.735717773,-138.017471313
647.735717773,-138.017471313
647.735717773,-138.017471313
647.723022461,-138.026992798
647.725952148,-138.013259888
647.715881348,-138.011428833
647.713745117,-138.009887695
647.711853027,-138.008422852
647.702209473,-138.004104614
647.690124512,-137.999542236
647.663208008,-138.006515503
647.635253906,-137.996704102
647.633239746,-137.996292114
647.631225586,-137.995895386
647.631225586,-137.995895386
647.61340332,-137.989044189
647.610412598,-137.969619751
647.596679688,-137.963439941
647.594726562,-137.961883545
647.573730469,-137.973449707
647.590393066,-137.962432861
647.561645508,-137.968933105
647.562988281,-137.9478302
647.560974121,-137.946273804
647.559020996,-137.945877075
647.553161621,-137.943588257
647.553161621,-137.943588257
647.537780762,-137.958633423
647.547180176,-137.941329956
647.541015625,-137.940216064
647.541015625,-137.939071655
647.531982422,-137.955169678
647.531982422,-137.955169678
647.516235352,-137.94631958
647.52734375,-137.931747437
647.529418945,-137.930877686
647.502075195,-137.943786621
647.500305176,-137.942199707
647.49432373,-137.939987183
647.511535645,-137.922943115
647.484436035,-137.934509277
647.499816895,-137.918365479
647.495666504,-137.915313721
647.479980469,-137.907669067
647.472045898,-137.904983521
647.470031738,-137.903396606
647.440795898,-137.913589478
647.466308594,-137.900375366
647.460327148,-137.896972656
647.431152344,-137.908248901
647.429077148,-137.908981323
647.456237793,-137.896148682
647.454406738,-137.89465332
647.454406738,-137.89465332
647.452392578,-137.891906738
647.427062988,-137.907394409
647.423217773,-137.904388428
647.448547363,-137.890060425
647.411071777,-137.899917603
647.438720703,-137.884643555
647.401611328,-137.893218994
647.401611328,-137.893218994
647.434631348,-137.882797241
647.430908203,-137.879684448
647.423095703,-137.87461853
647.385559082,-137.886886597
647.377929688,-137.881835938
647.375793457,-137.880279541
647.403320312,-137.863983154
647.375976562,-137.879135132
647.375976562,-137.879135132
647.366027832,-137.874923706
647.389709473,-137.855499268
647.344421387,-137.862594604
647.328796387,-137.853912354
647.319030762,-137.847229004
647.316833496,-137.846893311
647.309265137,-137.839660645
647.307067871,-137.84034729
647.291564941,-137.830413818
647.285522461,-137.826934814
647.283630371,-137.825439453
647.309570312,-137.802810669
647.305847168,-137.797363281
647.260192871,-137.809265137
647.260192871,-137.809265137
647.252380371,-137.804275513
647.248596191,-137.802276611
647.282409668,-137.778884888
647.278503418,-137.777008057
647.273071289,-137.771224976
647.273071289,-137.771224976
647.228942871,-137.78805542
647.229064941,-137.786880493
647.202026367,-137.768783569
647.201782227,-137.767745972
647.197814941,-137.765808105
647.192199707,-137.75994873
647.23638916,-137.738327026
647.22479248,-137.727935791
647.224853516,-137.725601196
647.172912598,-137.74458313
647.172912598,-137.74458313
647.161071777,-137.736465454
647.159301758,-137.732589722
647.157348633,-137.732177734
647.203979492,-137.703887939
647.199890137,-137.70324707
647.139892578,-137.718353271
647.137817383,-137.71685791
647.192443848,-137.694610596
647.190673828,-137.68963623
647.120727539,-137.699401855
647.186645508,-137.686553955
647.119018555,-137.694381714
647.119018555,-137.694381714
647.099853516,-137.676559448
647.162109375,-137.657012939
647.096008301,-137.672317505
647.093994141,-137.671966553
647.088439941,-137.662597656
647.084655762,-137.659576416
647.078857422,-137.653839111
647.154724121,-137.643936157
647.145202637,-137.636169434
647.067382812,-137.643356323
647.057922363,-137.632095337
647.132263184,-137.616012573
647.10345459,-137.555023193
647.10345459,-137.555023193
647.103637695,-137.553817749
647.090637207,-137.533599854
647.084411621,-137.503952026
647.082641602,-137.500137329
647.071960449,-137.477890015
647.07232666,-137.473129272
647.07244873,-137.469726562
647.060302734,-137.440063477
647.06427002,-137.440887451
647.066345215,-137.437683105
647.066345215,-137.437683105
647.058288574,-137.433929443
647.062866211,-137.428756714
647.059020996,-137.424575806
647.059143066,-137.423370361
647.059326172,-137.421066284
647.061218262,-137.420227051
647.061645508,-137.415557861
647.059875488,-137.410446167
647.058349609,-137.403045654
647.06262207,-137.401412964
647.058776855,-137.397186279
648.650268555,-137.980163574
648.6484375,-137.977416992
648.64276123,-137.972763062
648.63482666,-137.96786499
648.632873535,-137.967437744
648.62701416,-137.962753296
648.619018555,-137.957794189
648.61505127,-137.954727173
648.654724121,-137.879821777
648.656799316,-137.879043579
648.52911377,-137.928344727
648.52520752,-137.92755127
648.620361328,-137.873550415
648.525024414,-137.928756714
648.522949219,-137.927215576
648.522949219,-137.927215576
648.511413574,-137.917877197
648.51763916,-137.883300781
648.499816895,-137.908630371
648.492004395,-137.903640747
648.492004395,-137.903640747
648.498596191,-137.89654541
648.489807129,-137.902084351
648.489807129,-137.902084351
648.587036133,-137.850921631
648.488037109,-137.900527954
648.488037109,-137.900527954
648.488037109,-137.901657104
648.481994629,-137.899459839
648.512207031,-137.874023438
648.507995605,-137.874465942
648.581298828,-137.843826294
648.559997559,-137.825775146
648.47869873,-137.853591919
648.47454834,-137.852920532
648.474914551,-137.850601196
648.546630859,-137.813735962
648.54284668,-137.81060791
648.54284668,-137.81060791
648.529052734,-137.799835205
648.43963623,-137.826293945
648.43963623,-137.826293945
648.521606445,-137.792419434
648.426208496,-137.814285278
648.424133301,-137.811599731
648.422485352,-137.810073853
648.412475586,-137.803527832
648.410583496,-137.800796509
648.404602051,-137.799713135
648.4921875,-137.770507812
648.492431641,-137.768188477
648.398742676,-137.795028687
648.383239746,-137.783782959
648.351928711,-137.761505127
648.338378906,-137.74949646
648.330505371,-137.74458313
648.324768066,-137.738723755
648.311340332,-137.729125977
648.289733887,-137.713302612
648.287841797,-137.71055603
648.285644531,-137.711410522
648.387817383,-137.680038452
648.378112793,-137.673477173
648.381896973,-137.674240112
648.376037598,-137.671966553
648.382141113,-137.671768188
648.374389648,-137.668045044
648.372192383,-137.667724609
648.366516113,-137.661834717
648.260375977,-137.694793701
648.260375977,-137.694793701
648.354736328,-137.652664185
648.347167969,-137.645324707
648.244628906,-137.682479858
648.337646484,-137.635162354
648.235290527,-137.673614502
648.231201172,-137.671707153
648.229248047,-137.669021606
648.312561035,-137.611618042
648.196228027,-137.643875122
648.180664062,-137.632751465
648.273681641,-137.580810547
648.269775391,-137.577636719
648.171020508,-137.625015259
648.165039062,-137.620376587
648.159118652,-137.617019653
648.157104492,-137.615386963
648.246582031,-137.56149292
648.229187012,-137.542999268
648.128173828,-137.592224121
648.196228027,-137.517852783
648.167419434,-137.490036011
648.161376953,-137.485427856
648.157592773,-137.483474731
648.155517578,-137.483184814
648.040588379,-137.525177002
648.013366699,-137.50592041
648.011413574,-137.503250122
648.01373291,-137.501190186
648.009521484,-137.500518799
648.005493164,-137.498596191
647.997741699,-137.49357605
647.997924805,-137.491271973
647.994140625,-137.48815918
647.994018555,-137.48928833
647.935791016,-137.440750122
647.933898926,-137.440307617
647.932067871,-137.437561035
647.933837891,-137.44152832
647.924499512,-137.429107666
647.918518066,-137.425643921
647.914611816,-137.424880981
647.912475586,-137.424591064
647.908813477,-137.420318604
