680.914611816,122.244026184
680.916503906,122.252975464
680.914245605,122.255065918
680.918518066,122.260635376
680.920776367,122.262275696
680.925109863,122.261695862
680.945800781,122.25113678
680.927246094,122.265739441
680.950012207,122.255569458
680.945251465,122.265960693
680.949645996,122.265396118
680.945129395,122.267211914
680.949523926,122.266624451
680.733215332,122.241355896
680.724060059,122.242485046
680.721984863,122.242134094
680.719665527,122.241828918
680.719726562,122.244247437
680.717407227,122.242721558
680.723999023,122.247406006
680.719604492,122.247917175
680.710693359,122.245407104
682.13494873,122.603713989
682.132751465,122.605804443
682.132751465,122.605804443
682.132751465,122.605804443
682.141845703,122.604660034
682.125976562,122.603599548
682.126098633,122.604751587
682.123413086,122.614364624
682.152526855,122.618743896
682.114318848,122.614265442
682.099243164,122.599510193
682.094238281,122.611221313
682.18170166,122.619384766
682.184082031,122.611206055
682.183776855,122.6198349
682.078674316,122.610107422
682.069580078,122.60874176
682.058410645,122.60710907
682.049499512,122.606903076
682.041137695,122.593139648
682.036560059,122.592559814
682.014038086,122.590385437
682.013671875,122.603935242
681.989501953,122.590393066
681.989196777,122.601531982
681.984741211,122.600845337
681.975891113,122.589546204
681.975891113,122.589546204
681.98248291,122.600563049
681.98248291,122.600563049
681.980285645,122.598831177
681.973510742,122.599113464
681.92010498,122.581184387
681.915649414,122.581726074
681.924377441,122.592971802
681.917602539,122.59563446
681.911315918,122.581031799
681.908935547,122.580627441
681.906738281,122.582809448
681.90435791,122.582504272
681.901733398,122.593299866
681.899841309,122.584228516
681.880004883,122.578788757
681.868835449,122.578231812
681.859680176,122.578208923
681.852966309,122.577217102
681.841796875,122.576675415
681.832824707,122.575416565
681.818847656,122.590629578
681.81048584,122.574462891
681.79864502,122.59009552
681.776733398,122.575485229
681.778381348,122.588256836
681.778320312,122.589477539
681.76550293,122.572669983
681.760620117,122.587989807
681.758911133,122.572792053
681.754394531,122.572219849
681.743225098,122.571754456
681.74017334,122.589927673
681.662414551,122.571876526
681.648193359,122.592102051
681.624206543,122.573516846
681.628112793,122.590263367
681.608398438,122.573692322
681.603820801,122.575485229
681.616455078,122.593643188
681.614440918,122.593185425
681.601623535,122.575111389
681.59197998,122.597267151
681.581420898,122.575790405
681.576782227,122.576377869
681.572631836,122.574432373
681.567932129,122.576271057
681.564697266,122.599327087
681.518493652,122.579872131
681.516052246,122.580757141
681.524353027,122.605529785
681.521972656,122.605270386
681.519836426,122.604896545
681.500305176,122.582115173
681.519714355,122.606163025
681.483581543,122.614257812
681.439453125,122.592758179
681.421386719,122.597434998
681.447143555,122.624946594
681.440490723,122.62525177
681.405578613,122.600067139
681.405578613,122.600067139
681.438293457,122.627258301
681.38269043,122.607757568
681.378295898,122.608230591
681.371459961,122.608543396
681.371459961,122.608543396
681.362426758,122.612083435
681.351013184,122.615379333
681.390258789,122.647384644
681.388000488,122.650741577
681.339660645,122.62109375
681.337463379,122.620834351
681.337402344,122.623252869
681.335144043,122.621696472
681.374267578,122.656082153
681.36730957,122.662536621
681.301025391,122.636291504
681.291687012,122.647201538
681.282592773,122.647209167
681.344177246,122.67893219
681.337280273,122.684043884
681.250488281,122.667160034
681.250427246,122.670799255
681.247924805,122.674201965
681.309265137,122.714515686
681.304382324,122.721252441
681.306640625,122.721595764
681.299865723,122.725471497
681.297363281,122.733818054
681.299377441,122.736694336
681.2109375,122.710670471
681.294799805,122.742126465
681.292602539,122.742980957
681.206115723,122.716255188
681.292114258,122.755371094
681.199279785,122.718978882
681.184936523,122.741615295
681.180114746,122.74836731
681.177734375,122.756561279
681.172729492,122.767120361
681.283508301,122.801239014
681.170166016,122.774131775
681.167785645,122.776283264
681.282714844,122.823410034
681.164978027,122.794395447
681.162658691,122.79901886
681.280273438,122.829292297
681.280273438,122.831802368
681.282531738,122.832099915
681.160095215,122.806144714
681.286560059,122.84261322
681.284057617,122.843612671
681.286315918,122.848854065
681.288330078,122.855323792
681.288208008,122.857833862
681.157165527,122.821838379
681.154968262,122.822593689
681.154785156,122.827674866
681.154785156,122.827674866
681.285888672,122.858726501
681.288146973,122.860305786
681.154418945,122.833831787
681.15625,122.842826843
681.287536621,122.872695923
681.153991699,122.847358704
681.153503418,122.863418579
681.30657959,122.901649475
681.311462402,122.898574829
681.302185059,122.905838013
681.295166016,122.908592224
681.308837891,122.90436554
681.315795898,122.896759033
681.322570801,122.897819519
681.125732422,122.884017944
681.090026855,122.879821777
681.078918457,122.879325867
681.071899414,122.88331604
681.069763184,122.881744385
681.065368652,122.884765625
681.05871582,122.87878418
681.054138184,122.883003235
681.038635254,122.876976013
681.038513184,122.878234863
681.033996582,122.87878418
681.034179688,122.877593994
681.031860352,122.877258301
681.02947998,122.876960754
681.025268555,122.877426147
681.018615723,122.875183105
682.146728516,122.945991516
682.151245117,122.946632385
682.133239746,122.946357727
682.166748047,122.951499939
682.108581543,122.945220947
682.08392334,122.946327209
682.08392334,122.946327209
682.149047852,123.004676819
682.155639648,123.007003784
682.151245117,123.007583618
682.153503418,123.007850647
682.162536621,123.007987976
682.131225586,123.003318787
682.050354004,122.941246033
682.11541748,123.004623413
682.106567383,123.003265381
682.088500977,123.002983093
682.079528809,123.002883911
682.077331543,123.002479553
682.046142578,122.997802734
681.998779297,122.938423157
682.023376465,123.00176239
682.023376465,123.00176239
681.980957031,122.999061584
681.929260254,122.934074402
681.94732666,122.995140076
681.922607422,122.993927002
681.91607666,122.991630554
681.911499023,122.994659424
681.864501953,122.991325378
681.801635742,122.928382874
681.817443848,122.982948303
681.817260742,122.987861633
681.77923584,122.92616272
681.732299805,122.922737122
681.714355469,122.92375946
681.714294434,122.922531128
681.696411133,122.922279358
681.694030762,122.921951294
681.682983398,122.922676086
681.674133301,122.920074463
681.669494629,122.919456482
681.604553223,122.913352966
681.604553223,122.913352966
681.554016113,122.949043274
681.549499512,122.947181702
681.547302246,122.946838379
681.507507324,122.932128906
681.48815918,122.908042908
681.48815918,122.908042908
681.502746582,122.936286926
681.498352051,122.935630798
681.516113281,122.939620972
681.51159668,122.943878174
681.483703613,122.908615112
681.481506348,122.905792236
681.479064941,122.907981873
681.515930176,122.948226929
681.520263672,122.947723389
681.524841309,122.948379517
681.51574707,122.949478149
681.471435547,122.934074402
681.522338867,122.951751709
681.467651367,122.918563843
681.467712402,122.914878845
681.463134766,122.91796875
681.467224121,122.925979614
681.53125,122.954322815
681.451965332,122.917442322
681.450134277,122.907218933
681.353942871,122.898849487
681.351501465,122.903450012
681.346923828,122.906440735
681.346801758,122.910140991
681.346740723,122.911369324
681.342041016,122.918159485
681.339477539,122.923995972
