830.611755371,-107.805686951
830.590270996,-107.800239563
830.584289551,-107.796653748
830.584655762,-107.790794373
830.584960938,-107.782226562
830.581848145,-107.780410767
830.606811523,-107.777572632
830.615966797,-107.77722168
830.625488281,-107.77684021
830.65612793,-107.781951904
830.634765625,-107.777923584
829.668762207,-107.643028259
829.678100586,-107.644195557
829.801269531,-107.655906677
829.807434082,-107.655174255
829.792053223,-107.653335571
829.79510498,-107.650787354
829.798278809,-107.649734497
829.819824219,-107.656600952
829.782897949,-107.647926331
829.780029297,-107.646148682
829.776855469,-107.645744324
829.780151367,-107.644683838
829.776855469,-107.644287109
829.776916504,-107.642845154
829.773803711,-107.645454407
829.764953613,-107.638526917
829.718811035,-107.631584167
829.709533691,-107.629119873
829.718994141,-107.625854492
829.728088379,-107.628440857
829.731262207,-107.628761292
829.734069824,-107.633468628
829.734130859,-107.632034302
829.703613281,-107.626922607
829.737243652,-107.630897522
829.685119629,-107.621910095
829.743835449,-107.624443054
829.900939941,-107.638717651
829.904052734,-107.639076233
829.965576172,-107.644981384
829.977966309,-107.646438599
830.073608398,-107.653457642
830.079833984,-107.654151917
830.098205566,-107.654953003
830.890014648,-107.750289917
830.911499023,-107.752914429
830.920898438,-107.753921509
830.920898438,-107.753921509
830.923950195,-107.754318237
830.150695801,-107.661048889
830.156616211,-107.661857605
830.156616211,-107.661857605
830.156860352,-107.660430908
830.178405762,-107.662963867
830.184631348,-107.66368103
830.184631348,-107.66368103
830.187744141,-107.662628174
830.196899414,-107.663749695
830.199951172,-107.665565491
830.206054688,-107.666221619
830.344787598,-107.676956177
830.347961426,-107.677345276
830.354125977,-107.678062439
830.366516113,-107.679527283
830.41583252,-107.683929443
830.41583252,-107.682487488
831.186706543,-107.775344849
831.195739746,-107.776420593
830.455871582,-107.687263489
830.468383789,-107.687271118
830.483764648,-107.689079285
830.514587402,-107.69128418
830.526977539,-107.692741394
831.310180664,-107.785697937
831.331787109,-107.786804199
830.702819824,-107.707809448
830.715148926,-107.709327698
830.755310059,-107.714004517
830.758422852,-107.712890625
831.473815918,-107.799362183
831.492736816,-107.800071716
831.50201416,-107.801124573
830.795593262,-107.717308044
830.807617188,-107.718757629
830.888122559,-107.725418091
830.888122559,-107.723976135
830.888122559,-107.723976135
830.897216797,-107.726547241
830.897216797,-107.726547241
830.924987793,-107.728401184
830.940612793,-107.730201721
830.940612793,-107.730201721
830.962219238,-107.732780457
831.002319336,-107.736068726
831.008483887,-107.735359192
831.011657715,-107.735725403
831.014770508,-107.736114502
831.051635742,-107.740501404
831.039367676,-107.737533569
831.051635742,-107.740501404
831.116516113,-107.745323181
831.119689941,-107.744224548
831.125854492,-107.744949341
831.135314941,-107.746002197
831.283508301,-107.759300232
831.295837402,-107.759300232
831.32043457,-107.762329102
831.33001709,-107.763275146
831.370056152,-107.765167236
831.382324219,-107.766685486
831.407104492,-107.768218994
831.416442871,-107.767814636
831.42565918,-107.770324707
831.481262207,-107.774147034
831.496765137,-107.775856018
831.188476562,-107.662506104
831.18548584,-107.660697937
831.182312012,-107.660324097
831.182312012,-107.660324097
831.182617188,-107.65599823
831.20690918,-107.663215637
831.213317871,-107.662521362
831.222900391,-107.654983521
831.222900391,-107.654983521
831.225891113,-107.65675354
831.226013184,-107.655403137
831.145385742,-107.65448761
831.157775879,-107.655960083
831.145385742,-107.65448761
831.250488281,-107.664039612
