2741.7097168,437.534240723
2741.6809082,437.534484863
2741.65234375,437.534851074
2741.80175781,437.552886963
2741.83349609,437.56237793
2741.47607422,437.52166748
2741.8828125,437.624847412
2741.76513672,437.616119385
2741.39355469,437.531982422
2741.39794922,437.546417236
2741.52319336,437.579315186
2741.4621582,437.565338135
2738.96850586,437.213104248
2739.03173828,437.231964111
2739.03320312,437.236633301
2739.09082031,437.236236572
2738.88378906,437.218475342
2739.17871094,437.245147705
2738.82568359,437.214233398
2738.70849609,437.205474854
2738.67797852,437.200836182
2738.67944336,437.205657959
2748.66137695,438.744842529
2748.69287109,438.754394531
2748.54150391,438.731262207
2748.54296875,438.736083984
2748.51269531,438.731445312
2748.38989258,438.708099365
2748.35961914,438.703552246
2748.3293457,438.698852539
2757.81030273,440.637634277
2758.1159668,440.684265137
2758.20898438,440.703033447
2758.3034668,440.721954346
2757.36743164,440.611541748
2757.36889648,440.616485596
2758.37109375,440.755615234
2758.39453125,440.735839844
2757.20581055,440.559082031
2757.17456055,440.554351807
2758.55493164,440.783538818
2758.54931641,440.764129639
2758.54345703,440.749511719
2757.15551758,440.583831787
2757.03417969,440.570007324
2758.64355469,440.787780762
2758.67041016,440.777984619
2758.76953125,440.816223145
2758.73095703,440.787231445
2758.72924805,440.782318115
2758.76391602,440.801605225
2758.76538086,440.806427002
2756.97192383,440.555877686
2756.94091797,440.551177979
2756.96044922,440.521850586
2756.78881836,440.527893066
2756.81005859,440.503448486
2756.75219727,440.503875732
2756.72827148,440.518463135
2756.69677734,440.514007568
2756.69677734,440.514007568
2756.640625,440.519226074
2756.59643555,440.470947266
2756.59814453,440.475769043
2756.47412109,440.452301025
2756.42700195,440.486633301
2756.27490234,440.463317871
2756.27490234,440.463317871
2756.17236328,440.415374756
2756.14331055,440.415618896
2755.95800781,440.382843018
2755.89697266,440.373504639
2755.70019531,440.38949585
2755.53710938,440.332214355
2755.53540039,440.327514648
2755.61010742,440.380462646
2755.47387695,440.318206787
2755.42700195,440.35244751
2755.41479492,440.31362915
2755.20166016,440.281158447
2755.20166016,440.281158447
2755.09545898,440.311035156
2755.09545898,440.311035156
2754.63989258,440.246124268
2754.63989258,440.246124268
2754.59838867,440.207672119
2754.64379883,440.255981445
2754.50805664,440.198425293
2754.47607422,440.188873291
2754.41870117,440.18939209
2754.34130859,440.219085693
2754.32543945,440.170623779
2754.27929688,440.204925537
2754.17700195,440.156982422
2754.00952148,440.177612305
2753.93408203,440.124725342
2753.97851562,440.17300415
2753.84277344,440.110809326
2753.88891602,440.16394043
2753.82885742,440.154693604
2753.78198242,440.101470947
2753.83056641,440.159576416
2753.83056641,440.159576416
2753.52856445,440.122619629
2753.54223633,440.074127197
2753.54223633,440.074127197
2753.51147461,440.069366455
2753.49804688,440.118133545
2753.42211914,440.060394287
2753.15014648,440.028259277
2753.09228516,440.028564453
2753.03198242,440.019256592
2752.57055664,440.022613525
2752.57055664,440.022613525
2752.4284668,439.941009521
2752.43066406,439.945831299
2752.30981445,439.932128906
2751.94946289,439.891052246
2751.94287109,439.959106445
2751.7109375,439.868286133
2751.61303711,439.922637939
2751.5246582,439.918304443
2751.32348633,439.832366943
2751.29443359,439.832550049
2751.14379883,439.814147949
2751.08325195,439.804870605
2751.05444336,439.805053711
2750.81665039,439.782592773
2750.72729492,439.773498535
2750.81298828,439.860351562
2750.81445312,439.865234375
2750.61230469,439.77432251
2750.75537109,439.860717773
2750.55078125,439.765197754
2750.66723633,439.856536865
2750.49145508,439.76071167
2750.54663086,439.842803955
2750.54663086,439.842803955
2750.42578125,439.824279785
2750.46020508,439.838653564
2750.25195312,439.73324585
2750.37011719,439.829498291
2750.10302734,439.719726562
2750.37133789,439.834411621
2750.13623047,439.82144165
2749.69067383,439.693603516
2749.69067383,439.693603516
2749.60107422,439.684509277
2749.93188477,439.813262939
2749.42724609,439.680969238
2749.42724609,439.680969238
2749.36767578,439.676574707
2749.5480957,439.78692627
2749.2175293,439.658172607
2749.52099609,439.791931152
2749.49365234,439.79699707
2749.46337891,439.792541504
2749.07104492,439.649627686
2749.28735352,439.784088135
2748.92480469,439.645812988
2748.92333984,439.641021729
2748.89501953,439.641174316
2748.86669922,439.646148682
2749.26147461,439.793762207
2749.05688477,439.785614014
2748.9675293,439.776641846
2748.99804688,439.781158447
2748.94384766,439.791320801
2748.25708008,439.631225586
2748.25439453,439.621551514
2748.11352539,439.632415771
2748.59814453,439.793823242
2748.08300781,439.627716064
2747.93457031,439.614227295
2748.54223633,439.798950195
2748.45581055,439.7996521
2747.81835938,439.610229492
2748.33813477,439.790863037
2748.42871094,439.804718018
2747.76049805,439.610595703
2748.31445312,439.805541992
2748.06469727,439.836547852
2748.00537109,439.832122803
2747.33105469,439.618652344
2747.24682617,439.624145508
2747.89501953,439.847351074
2747.18701172,439.619689941
2747.16137695,439.629577637
2747.1015625,439.620300293
2747.72680664,439.863250732
2746.76318359,439.642150879
2747.62036133,439.888183594
2746.67749023,439.647705078
2746.48803711,439.683013916
2746.43164062,439.683532715
2746.21020508,439.714141846
2746.15551758,439.724273682
2746.13183594,439.739074707
