677.641357422,93.3216400146
677.636779785,93.331993103
677.621520996,93.3302459717
677.625793457,93.332069397
677.619140625,93.3301620483
677.665527344,93.3268127441
677.616882324,93.3310012817
677.610412598,93.3290863037
677.597106934,93.3300704956
677.595275879,93.3188018799
677.588378906,93.3291320801
677.685119629,93.3363265991
677.687316895,93.3365783691
677.694152832,93.3275146484
677.694152832,93.3275146484
677.691833496,93.3358764648
677.586181641,93.328742981
677.577453613,93.3277740479
677.58001709,93.317024231
677.696166992,93.3375396729
677.696166992,93.3375396729
677.700439453,93.3380355835
677.700500488,93.3283233643
677.702880859,93.3285140991
677.709472656,93.3292617798
677.707092285,93.3388290405
677.713806152,93.3298110962
677.56451416,93.3165512085
677.720275879,93.3402938843
677.546936035,93.3145523071
677.731445312,93.3415603638
677.503051758,93.3132171631
677.500732422,93.3130645752
677.489562988,93.3239593506
677.489562988,93.3239593506
677.487365723,93.3213195801
677.487487793,93.3115463257
677.47845459,93.3227767944
677.450256348,93.3097000122
677.452026367,93.3222732544
677.445617676,93.3202209473
677.445678711,93.3092575073
677.412780762,93.3079605103
677.412780762,93.3079605103
677.416931152,93.3206558228
677.388671875,93.3076477051
677.388671875,93.3076477051
677.35546875,93.306388855
677.355407715,93.3076171875
677.348876953,93.3069381714
677.344421387,93.3063583374
677.333679199,93.3075866699
677.324645996,93.3077697754
677.318237305,93.3094100952
677.322143555,93.3208999634
677.309387207,93.3084487915
677.309204102,93.3218307495
677.302978516,93.3076477051
677.302978516,93.3076477051
677.302978516,93.3076477051
677.30267334,93.3065109253
677.242919922,93.3241882324
677.240722656,93.3251953125
677.229980469,93.3092956543
677.210449219,93.3094406128
677.205993652,93.3101806641
677.205993652,93.3101806641
677.181335449,93.3281936646
677.181396484,93.3293838501
677.181396484,93.3293838501
677.179077148,93.3303909302
677.179077148,93.3303909302
677.122192383,93.3153839111
677.122436523,93.3166046143
677.11138916,93.3166427612
677.106933594,93.3185043335
677.104614258,93.3170700073
677.095825195,93.3197021484
677.091491699,93.319190979
677.089111328,93.3215255737
677.089172363,93.3190689087
677.097595215,93.339515686
677.095397949,93.3416442871
677.082580566,93.3218688965
677.080444336,93.3216705322
677.086608887,93.3430938721
677.086608887,93.3430938721
677.073791504,93.320930481
677.06048584,93.3231124878
677.049499512,93.324256897
677.053649902,93.3491210938
677.04675293,93.3496170044
677.042480469,93.3527755737
677.023071289,93.3310317993
677.033630371,93.3530731201
677.033630371,93.3530731201
677.03137207,93.3552246094
677.014282227,93.3313217163
677.012145996,93.3334121704
677.010009766,93.3319625854
677.029296875,93.3549118042
677.00769043,93.3329315186
677.003234863,93.3324584961
677.001037598,93.3334503174
677.011474609,93.3614501953
677.011474609,93.3614501953
676.970214844,93.3396835327
676.952575684,93.3450012207
676.969604492,93.3749694824
676.960632324,93.3764572144
676.932556152,93.3500900269
676.928344727,93.353302002
676.923828125,93.3527984619
676.914855957,93.3591384888
676.942871094,93.3854904175
676.938415527,93.3874359131
676.892944336,93.3638076782
676.934204102,93.3893280029
676.9296875,93.391204834
676.92980957,93.3924942017
676.890625,93.3636245728
676.88848877,93.3646850586
676.907531738,93.4033508301
676.907531738,93.4045562744
676.902954102,93.4053649902
676.859436035,93.3773345947
676.855102539,93.379196167
676.894165039,93.4140777588
676.850708008,93.3811340332
676.850646973,93.3822555542
676.850646973,93.3822555542
676.846252441,93.3854904175
676.846252441,93.3854904175
676.874023438,93.4264984131
676.871826172,93.4310760498
676.799804688,93.4082260132
676.797546387,93.4103927612
676.849365234,93.4529953003
676.790893555,93.4133605957
676.79498291,93.4175567627
676.845092773,93.4573440552
676.786315918,93.4189758301
676.845031738,93.4596939087
676.781982422,93.4208831787
676.840698242,93.4592056274
676.770812988,93.4305953979
676.833862305,93.468208313
676.833862305,93.468208313
676.766235352,93.4362411499
676.757324219,93.442527771
676.750549316,93.4502792358
676.752746582,93.4518280029
676.752746582,93.4529800415
676.741577148,93.4615020752
676.817749023,93.5031051636
676.817687988,93.5042572021
676.728149414,93.4807510376
676.728149414,93.4807510376
676.813171387,93.5207748413
676.726074219,93.4816741943
676.723571777,93.4911270142
676.719116211,93.4930953979
676.716918945,93.4964828491
676.714599609,93.5023193359
676.808349609,93.5446548462
676.809814453,93.5875167847
676.809814453,93.5899353027
676.693603516,93.573097229
676.811706543,93.606010437
676.686645508,93.5919113159
676.684448242,93.5916824341
676.686523438,93.6064605713
676.817565918,93.6360015869
676.690734863,93.6118545532
676.690734863,93.6118545532
676.690673828,93.6142730713
676.690612793,93.6167297363
676.817565918,93.6396865845
676.817565918,93.6409378052
676.68371582,93.6305465698
676.681396484,93.6351852417
676.856872559,93.6527404785
676.676818848,93.6457214355
676.872314453,93.6555938721
676.870239258,93.6529006958
676.872375488,93.6543579102
676.652526855,93.6502685547
676.876525879,93.6549835205
676.876525879,93.6549835205
676.637268066,93.6497421265
676.862548828,93.7094345093
676.894348145,93.6532287598
676.858093262,93.712600708
676.900878906,93.6564025879
676.895507812,93.7131729126
676.664916992,93.705329895
676.636291504,93.7069396973
676.85760498,93.7394180298
676.629638672,93.7061691284
676.618713379,93.7073669434
676.975646973,93.657623291
676.596862793,93.7048492432
676.596740723,93.7061462402
676.592346191,93.705657959
676.540466309,93.6485290527
676.982177734,93.6558761597
676.990966797,93.659324646
677.000915527,93.7153549194
677.00958252,93.7152099609
676.997436523,93.6612930298
676.71875,93.7578125
677.022949219,93.7142333984
676.879089355,93.7735061646
676.55279541,93.7060089111
677.030395508,93.6565246582
676.883178711,93.7862701416
677.045776367,93.6582717896
676.725158691,93.7719955444
676.528686523,93.7057266235
676.524475098,93.7063293457
676.483642578,93.6469039917
676.474914551,93.6471633911
676.731689453,93.7824478149
676.731689453,93.7824478149
676.513427734,93.7063217163
676.898254395,93.807434082
677.065734863,93.6580352783
677.065734863,93.6580352783
677.074584961,93.6577682495
676.738037109,93.7904968262
676.742370605,93.7934265137
676.49798584,93.7034912109
676.446166992,93.6463928223
676.486999512,93.7070388794
676.898132324,93.8098983765
677.087524414,93.6581039429
676.742553711,93.7957763672
676.739990234,93.7992706299
676.469421387,93.7026138306
676.910949707,93.832069397
677.119689941,93.7141723633
676.449707031,93.7040481567
676.44732666,93.7038421631
676.413269043,93.6462936401
676.442871094,93.7034072876
676.915344238,93.8338546753
676.919677734,93.8343429565
676.411132812,93.644744873
676.423217773,93.704750061
677.137329102,93.7149505615
676.391601562,93.6462020874
676.389282227,93.6447067261
676.384765625,93.6454238892
676.401306152,93.7046585083
677.161254883,93.7153015137
677.140380859,93.6603622437
677.146911621,93.6599807739
676.371582031,93.6463623047
677.166748047,93.660949707
677.171081543,93.661491394
676.364868164,93.645690918
676.366088867,93.7031097412
676.345336914,93.6446762085
676.341064453,93.645362854
676.351074219,93.7001724243
676.344299316,93.6982650757
677.191040039,93.6612243652
677.193237305,93.6603012085
677.193237305,93.6603012085
677.201965332,93.6613388062
676.326660156,93.6986618042
676.324523926,93.6995925903
677.224914551,93.7176971436
677.206298828,93.6655044556
676.315795898,93.7021942139
677.231689453,93.7159805298
677.226013184,93.6652374268
676.290405273,93.6457061768
677.228393555,93.6630783081
677.23046875,93.662109375
677.23046875,93.660949707
677.253723145,93.7172088623
677.234924316,93.6613616943
677.252441406,93.6610183716
677.27130127,93.7179870605
677.273620605,93.7169799805
677.275817871,93.7149200439
676.257629395,93.6432189941
676.25769043,93.6419906616
676.246643066,93.6431274414
677.280212402,93.7165222168
677.286865234,93.71484375
676.237731934,93.6421890259
676.215881348,93.6410140991
676.20703125,93.6436233521
676.212524414,93.6990661621
677.320678711,93.6626052856
676.182983398,93.642074585
676.17755127,93.6975479126
676.177490234,93.6999359131
676.168884277,93.6989974976
676.153503418,93.6985321045
677.362365723,93.6636199951
677.369140625,93.6631774902
676.104125977,93.6379318237
677.41204834,93.7169189453
676.107421875,93.698097229
677.429626465,93.7189254761
677.42401123,93.6645278931
676.077758789,93.6399002075
676.082214355,93.6378555298
676.06463623,93.642036438
676.083251953,93.6965866089
677.426147461,93.6647796631
676.074645996,93.6967697144
676.065795898,93.6969604492
677.446044922,93.6670455933
676.038208008,93.6401824951
676.045959473,93.6923446655
676.045898438,93.6947784424
676.025085449,93.6374816895
676.025085449,93.6374816895
676.041503906,93.6918640137
676.037231445,93.6925125122
676.037231445,93.6925125122
676.032836914,93.6944961548
676.030639648,93.6954879761
677.504394531,93.721244812
677.511291504,93.7207641602
677.513244629,93.7209854126
677.498840332,93.663230896
676.004333496,93.6949310303
675.993347168,93.6912536621
675.989013672,93.6919937134
677.522094727,93.7208633423
675.984558105,93.6939086914
675.98248291,93.6936035156
677.55078125,93.7191390991
677.570495605,93.7189559937
677.586120605,93.7194976807
677.58380127,93.7156295776
677.595031738,93.7180709839
677.578063965,93.6673812866
677.647521973,93.7191772461
677.606689453,93.6669235229
677.606689453,93.6657333374
677.617797852,93.6657485962
677.656433105,93.7177276611
677.633117676,93.6662445068
677.657226562,93.6665344238
677.684997559,93.7197494507
677.693725586,93.7183761597
677.696044922,93.7185668945
677.696044922,93.7185668945
677.661560059,93.6670761108
677.666259766,93.6663284302
677.677246094,93.6663665771
677.697021484,93.6710128784
677.697021484,93.6710128784
677.715698242,93.7220458984
677.701293945,93.6690444946
677.703430176,93.6681137085
677.703430176,93.6669158936
677.71875,93.669960022
677.725463867,93.6705245972
677.718933105,93.6661758423
677.729919434,93.667427063
677.729919434,93.667427063
677.522705078,93.4375915527
677.524780273,93.4378662109
677.520385742,93.4397583008
677.515991211,93.4393081665
677.52923584,93.4420166016
677.522583008,93.4436645508
677.533630371,93.4412612915
677.502807617,93.4366378784
677.551208496,93.4480895996
677.559631348,93.4516067505
677.562072754,93.4554672241
677.555297852,93.4572219849
677.555297852,93.4572219849
677.56640625,93.4535675049
677.56640625,93.454826355
677.568481445,93.456237793
677.555297852,93.458442688
677.555297852,93.458442688
677.555236816,93.459602356
677.577331543,93.4597320557
677.581604004,93.4650497437
677.579528809,93.4659881592
677.577209473,93.4681625366
677.579345703,93.4696655273
677.585876465,93.4715957642
677.585876465,93.4752807617
677.585693359,93.4765548706
677.58782959,93.4792175293
677.58782959,93.4792175293
677.583679199,93.482383728
677.581420898,93.4820556641
677.581420898,93.4832839966
677.581176758,93.4844818115
