829.754638672,-107.218276978
829.758056641,-107.214393616
829.77923584,-107.221252441
829.77923584,-107.221252441
829.77923584,-107.221252441
829.782348633,-107.221611023
829.783081055,-107.207244873
830.206970215,-107.272018433
830.217712402,-107.242866516
830.17779541,-107.238121033
830.196289062,-107.238883972
830.187133789,-107.237709045
830.180847168,-107.237098694
830.121520996,-107.247367859
830.121765137,-107.24168396
830.118408203,-107.245597839
829.231262207,-107.104141235
829.240600586,-107.105186462
829.363769531,-107.116905212
829.369873047,-107.116226196
829.354370117,-107.114479065
829.382080078,-107.117637634
829.345275879,-107.109016418
829.342468262,-107.107200623
829.339233398,-107.106880188
829.342651367,-107.105682373
829.339294434,-107.105415344
829.339477539,-107.103904724
829.336303711,-107.106506348
829.327331543,-107.099487305
829.606628418,-107.138519287
829.609863281,-107.138954163
829.65625,-107.141418457
829.674621582,-107.143692017
829.29675293,-107.094482422
829.296813965,-107.093025208
829.299804688,-107.092018127
829.293701172,-107.089775085
829.290649414,-107.089454651
829.281494141,-107.086898804
829.306213379,-107.08555603
829.463378906,-107.099815369
829.466369629,-107.100158691
829.49395752,-107.102020264
829.500183105,-107.102752686
829.527893066,-107.106002808
829.540283203,-107.107498169
829.635681152,-107.114471436
829.641967773,-107.11530304
829.660461426,-107.115959167
829.663513184,-107.116348267
829.675720215,-107.119224548
830.442321777,-107.21018219
830.45135498,-107.211265564
830.473083496,-107.213806152
830.48236084,-107.214958191
830.48236084,-107.214958191
829.71270752,-107.1222229
829.71887207,-107.122917175
829.71887207,-107.122917175
829.718994141,-107.121490479
829.740539551,-107.124000549
829.746704102,-107.124687195
829.746704102,-107.124687195
829.74987793,-107.123672485
829.759094238,-107.124816895
829.762023926,-107.126571655
829.801940918,-107.128479004
829.814453125,-107.129867554
829.906982422,-107.137931824
829.91003418,-107.13835907
829.91619873,-107.139091492
829.928405762,-107.14050293
829.977844238,-107.144943237
829.977966309,-107.143432617
830.738525391,-107.235229492
830.748046875,-107.236312866
830.757141113,-107.237358093
830.01776123,-107.148246765
830.030151367,-107.148269653
830.045654297,-107.150093079
830.076721191,-107.152297974
830.088562012,-107.153816223
830.871582031,-107.246490479
830.893066406,-107.247711182
830.264587402,-107.168800354
830.276855469,-107.170272827
830.320129395,-107.173942566
830.338623047,-107.174766541
830.357055664,-107.178245544
830.449768066,-107.186424255
830.449707031,-107.184967041
830.449707031,-107.184967041
830.458984375,-107.187515259
830.458984375,-107.187515259
830.486877441,-107.18938446
830.483581543,-107.187583923
830.502075195,-107.191238403
830.502075195,-107.191238403
830.569824219,-107.196334839
830.573181152,-107.196731567
830.576171875,-107.197059631
830.61328125,-107.201446533
830.600891113,-107.19858551
830.61328125,-107.201446533
830.678039551,-107.206260681
830.681213379,-107.205238342
830.687194824,-107.20589447
830.696716309,-107.207000732
830.705749512,-107.206687927
830.931335449,-107.226165771
830.943847656,-107.227638245
830.968200684,-107.22908783
830.977416992,-107.228759766
830.986816406,-107.231300354
831.042480469,-107.235054016
831.054931641,-107.235054016
831.057922363,-107.236801147
830.744018555,-107.121322632
830.750427246,-107.119186401
830.753295898,-107.122421265
830.74395752,-107.117111206
830.753479004,-107.118095398
830.756713867,-107.115631104
830.744018555,-107.121322632
830.768676758,-107.124259949
830.775024414,-107.123535156
830.778198242,-107.12247467
830.784484863,-107.117469788
830.784423828,-107.116012573
830.784179688,-107.121757507
830.784423828,-107.116012573
830.787414551,-107.120735168
830.787658691,-107.117874146
830.787719727,-107.116340637
