661.495117188,-152.521148682
661.493164062,-152.51940918
661.491516113,-152.511886597
661.491516113,-152.511886597
661.495910645,-152.511520386
661.518432617,-152.525909424
661.518432617,-152.525909424
661.476318359,-152.516067505
661.473999023,-152.515670776
661.474853516,-152.507202148
661.474853516,-152.507202148
661.512817383,-152.514968872
661.512817383,-152.514968872
661.517089844,-152.515762329
661.464233398,-152.505065918
661.462036133,-152.505828857
661.449157715,-152.505645752
661.451599121,-152.501235962
661.447143555,-152.502822876
661.542358398,-152.522125244
661.445068359,-152.502410889
661.441040039,-152.49911499
661.559265137,-152.526870728
661.561340332,-152.527297974
661.433898926,-152.507476807
661.4296875,-152.505493164
661.430664062,-152.495788574
661.428466797,-152.495315552
661.565185547,-152.53288269
661.567016602,-152.535736084
661.567565918,-152.529678345
661.57409668,-152.528579712
661.417114258,-152.502868652
661.417907715,-152.493240356
661.578308105,-152.530685425
661.579772949,-152.538299561
661.582519531,-152.530380249
661.40020752,-152.499404907
661.400878906,-152.48866272
661.586242676,-152.53956604
661.588256836,-152.538833618
661.588134766,-152.540054321
661.593139648,-152.531311035
661.382263184,-152.483551025
661.367370605,-152.479293823
661.360046387,-152.488815308
661.354919434,-152.476669312
661.353759766,-152.487518311
661.349731445,-152.485488892
661.348449707,-152.475357056
661.346252441,-152.475006104
661.343444824,-152.482971191
661.344177246,-152.474578857
661.328613281,-152.481185913
661.311706543,-152.476470947
661.667236328,-152.545150757
661.299194336,-152.47277832
661.296936035,-152.472335815
661.29296875,-152.470291138
661.702819824,-152.557220459
661.290649414,-152.471069336
661.705627441,-152.551620483
661.709716797,-152.553695679
661.709411621,-152.557266235
661.718322754,-152.554244995
661.273193359,-152.451507568
661.269775391,-152.464309692
661.72845459,-152.56362915
661.726806641,-152.555892944
661.732543945,-152.563247681
661.732543945,-152.563247681
661.262451172,-152.449417114
661.732971191,-152.558395386
661.735290527,-152.557693481
661.738891602,-152.564559937
661.258422852,-152.44732666
661.25213623,-152.444869995
661.234130859,-152.45223999
661.239440918,-152.441040039
661.237426758,-152.440643311
661.779174805,-152.571487427
661.219238281,-152.449264526
661.783508301,-152.571151733
661.211120605,-152.446258545
661.206848145,-152.445449829
661.206848145,-152.445449829
661.788330078,-152.567169189
661.788330078,-152.567169189
661.788330078,-152.567169189
661.790344238,-152.567642212
661.792724609,-152.565689087
661.794311523,-152.572097778
661.201782227,-152.428543091
661.201782227,-152.428543091
661.196350098,-152.442062378
661.796447754,-152.572509766
661.800720215,-152.573410034
661.803283691,-152.566635132
661.193481445,-152.426803589
661.195556641,-152.426086426
661.191467285,-152.425216675
661.807556152,-152.568634033
661.811218262,-152.5756073
661.813964844,-152.568756104
661.817565918,-152.576797485
661.184020996,-152.435821533
661.18182373,-152.435424805
661.82244873,-152.570404053
661.822509766,-152.569320679
661.83026123,-152.578231812
661.179931641,-152.435012817
661.169311523,-152.431686401
661.179016113,-152.420181274
661.179016113,-152.420181274
661.176696777,-152.419754028
661.828918457,-152.569396973
661.833068848,-152.572662354
661.835327148,-152.57182312
661.835449219,-152.570617676
661.838867188,-152.578720093
661.843444824,-152.579528809
661.165161133,-152.430831909
661.170532227,-152.417297363
661.164245605,-152.414764404
661.839477539,-152.571517944
661.845458984,-152.580032349
661.84375,-152.572357178
661.851867676,-152.578887939
661.851867676,-152.577667236
661.15057373,-152.425476074
661.150390625,-152.426651001
661.847961426,-152.57321167
661.852172852,-152.575256348
661.854248047,-152.575714111
661.856262207,-152.577392578
661.14831543,-152.426269531
661.140075684,-152.422149658
661.145507812,-152.408493042
661.145629883,-152.407302856
661.86932373,-152.57749939
661.143493652,-152.406890869
661.139282227,-152.404846191
661.137145996,-152.405593872
661.871337891,-152.577972412
661.875427246,-152.580032349
661.875366211,-152.581192017
661.873046875,-152.583221436
661.879577637,-152.580947876
661.882263184,-152.576461792
661.104492188,-152.410018921
661.91998291,-152.589050293
661.079589844,-152.400085449
661.930480957,-152.590011597
661.930664062,-152.588821411
661.937072754,-152.588882446
661.937072754,-152.588882446
661.937072754,-152.588882446
661.93927002,-152.58934021
661.071350098,-152.397140503
661.067443848,-152.393814087
661.067443848,-152.393814087
661.067443848,-152.393814087
661.94342041,-152.591369629
661.943725586,-152.588943481
661.945556641,-152.590637207
661.06060791,-152.371673584
661.052429199,-152.389648438
661.052429199,-152.389648438
661.956359863,-152.591506958
661.956542969,-152.589187622
661.958496094,-152.592041016
661.958374023,-152.593185425
661.054321289,-152.368011475
661.962646484,-152.59286499
661.042358398,-152.383865356
661.038085938,-152.383102417
661.969055176,-152.594161987
661.971435547,-152.590957642
661.971435547,-152.590957642
661.031799316,-152.380584717
661.025634766,-152.378082275
661.971435547,-152.589706421
661.017272949,-152.373931885
661.029724121,-152.3568573
661.004943848,-152.367736816
661.002929688,-152.366104126
661.000915527,-152.364440918
661.013122559,-152.347396851
661.997436523,-152.588882446
661.000610352,-152.343612671
661.000610352,-152.343612671
662.011901855,-152.59552002
662.011779785,-152.597915649
662.015869141,-152.598876953
660.996643066,-152.340316772
662.018920898,-152.590805054
662.023010254,-152.59286499
662.027282715,-152.592575073
660.986206055,-152.335800171
660.986450195,-152.334564209
660.98236084,-152.331375122
660.969604492,-152.353225708
662.031188965,-152.59815979
662.029724121,-152.591720581
662.031799316,-152.593383789
662.035705566,-152.594238281
662.035949707,-152.593017578
662.038146973,-152.592300415
660.967712402,-152.351577759
660.976135254,-152.328811646
662.039489746,-152.601074219
662.042236328,-152.593170166
662.046508789,-152.593933105
660.969970703,-152.323989868
660.963745117,-152.322631836
660.961669922,-152.320983887
660.95526123,-152.345428467
662.048034668,-152.601669312
662.048034668,-152.601669312
660.94317627,-152.339172363
660.953735352,-152.314498901
662.065612793,-152.600204468
662.065551758,-152.599060059
662.063720703,-152.596221924
662.067260742,-152.603118896
662.069641113,-152.602325439
662.069641113,-152.601089478
660.934753418,-152.335144043
662.071777344,-152.602737427
662.07019043,-152.596298218
662.07598877,-152.603622437
662.078063965,-152.6040802
660.941467285,-152.305908203
662.087158203,-152.597351074
662.089355469,-152.597763062
662.089477539,-152.596603394
662.089477539,-152.596603394
660.93951416,-152.304321289
660.93536377,-152.302276611
660.91217041,-152.323104858
662.093139648,-152.604675293
662.10168457,-152.605178833
660.899963379,-152.315811157
660.891723633,-152.310409546
660.891662598,-152.311737061
662.103881836,-152.60319519
662.104248047,-152.598388672
662.106079102,-152.603622437
662.106079102,-152.603622437
662.114501953,-152.606506348
662.117370605,-152.598587036
662.125427246,-152.606262207
662.125549316,-152.605102539
660.879455566,-152.304275513
662.121704102,-152.599380493
662.129821777,-152.60357666
660.894897461,-152.275650024
662.13659668,-152.601226807
662.13659668,-152.600021362
662.142333984,-152.608566284
662.143127441,-152.600082397
662.14453125,-152.608963013
662.147277832,-152.600921631
662.147277832,-152.600921631
662.153015137,-152.609451294
662.149291992,-152.601425171
660.857116699,-152.288787842
660.852966309,-152.286743164
660.846740723,-152.283050537
660.840637207,-152.27935791
660.863098145,-152.244735718
660.860961914,-152.244308472
660.856750488,-152.242279053
660.824584961,-152.266281128
660.808410645,-152.255599976
660.846923828,-152.231643677
660.846923828,-152.231643677
660.796508789,-152.2447052
660.790283203,-152.242126465
660.784118652,-152.237258911
660.781982422,-152.235717773
660.780029297,-152.234100342
660.780334473,-152.230499268
660.827697754,-152.205703735
660.764038086,-152.221008301
660.752441406,-152.20753479
660.812194824,-152.186737061
660.740539551,-152.195404053
660.736755371,-152.188613892
660.731018066,-152.182434082
660.729003906,-152.182067871
660.72479248,-152.176330566
660.793151855,-152.156021118
660.71685791,-152.171051025
660.711120605,-152.161422729
660.705078125,-152.156509399
660.785888672,-152.142227173
660.783813477,-152.141784668
660.785949707,-152.141098022
660.703613281,-152.150009155
660.696289062,-152.138671875
660.688415527,-152.127349854
660.684570312,-152.122909546
660.772521973,-152.099151611
660.673461914,-152.101150513
660.767089844,-152.087097168
660.672241211,-152.089904785
660.664367676,-152.080993652
660.665100098,-152.074951172
660.659240723,-152.066421509
660.769897461,-152.030166626
660.652770996,-152.043060303
660.652526855,-152.044265747
660.651306152,-152.035446167
660.649902344,-152.02545166
660.648010254,-152.021453857
660.777038574,-152.020706177
660.777404785,-152.015884399
660.647705078,-152.00177002
660.782958984,-152.002243042
660.783081055,-152.001022339
660.785217285,-152.000335693
660.646484375,-151.990539551
660.647644043,-151.977264404
660.64831543,-151.968841553
660.64642334,-151.964889526
660.791137695,-151.981918335
660.649108887,-151.960494995
660.648132324,-151.945632935
660.646240234,-151.943969727
660.796630859,-151.96836853
660.801574707,-151.960800171
660.804138184,-151.956481934
660.809509277,-151.944122314
660.809570312,-151.942825317
660.655944824,-151.881225586
660.649902344,-151.87512207
660.643615723,-151.873825073
660.637573242,-151.870178223
660.585449219,-151.85105896
660.907897949,-151.97265625
660.916320801,-151.975463867
660.682189941,-151.824172974
660.66784668,-151.816375732
660.657409668,-151.811843872
660.892456055,-151.903427124
660.89263916,-151.901062012
660.902893066,-151.90562439
660.917602539,-151.910995483
660.56439209,-151.844406128
660.56036377,-151.842315674
660.55657959,-151.837844849
660.55657959,-151.837844849
660.634521484,-151.803588867
660.621887207,-151.802230835
660.932189941,-151.916366577
660.546142578,-151.835723877
660.546264648,-151.833374023
660.609741211,-151.79486084
660.609741211,-151.79486084
660.60559082,-151.791564941
660.599182129,-151.791503906
660.72064209,-151.80380249
660.874694824,-151.860748291
660.881408691,-151.857177734
660.595153809,-151.788269043
660.72076416,-151.800186157
660.729919434,-151.794708252
660.888427734,-151.852432251
660.578552246,-151.783569336
660.730407715,-151.788772583
660.993286133,-152.003479004
660.895019531,-151.847747803
660.897460938,-151.84576416
660.897460938,-151.84576416
660.564086914,-151.775817871
660.741821289,-151.782424927
661.003723145,-152.007995605
660.908569336,-151.839492798
660.557800293,-151.773361206
661.013977051,-152.012496948
661.030700684,-152.019470215
661.033203125,-152.017471313
661.037353516,-152.018295288
661.045471191,-152.022491455
661.047607422,-152.021759033
660.920898438,-151.822387695
661.057861328,-152.028701782
661.059997559,-152.027862549
660.92956543,-151.820556641
660.932128906,-151.816085815
661.056762695,-151.968460083
661.06842041,-152.031967163
661.085021973,-152.039016724
660.948242188,-151.805847168
661.089172363,-152.039932251
661.093383789,-152.040771484
661.133544922,-151.999954224
661.133422852,-152.001205444
661.139709473,-152.001327515
661.141601562,-152.004074097
661.113891602,-152.049865723
661.179138184,-152.017776489
661.197875977,-152.02645874
661.170471191,-152.068618774
661.174743652,-152.071853638
661.206237793,-152.028213501
661.223022461,-152.033935547
661.1953125,-152.07975769
661.212158203,-152.086807251
661.258300781,-152.048522949
661.262390137,-152.050598145
661.249206543,-152.10055542
661.251708984,-152.099761963
661.281066895,-152.059234619
661.270263672,-152.108428955
661.280883789,-152.11177063
661.297363281,-152.118804932
661.301757812,-152.1197052
661.326843262,-152.128356934
661.330627441,-152.131652832
661.338928223,-152.137023926
661.372497559,-152.096115112
661.374755859,-152.094161987
661.376831055,-152.094589233
661.37902832,-152.096191406
661.347351074,-152.138702393
661.357910156,-152.140838623
661.359619141,-152.143737793
661.359619141,-152.143737793
661.362182617,-152.141815186
661.380554199,-152.151611328
661.388793945,-152.154510498
661.395263672,-152.155807495
661.397338867,-152.15737915
661.401489258,-152.158309937
661.460083008,-152.127334595
661.428649902,-152.169845581
661.468322754,-152.13142395
661.44921875,-152.179031372
661.455566406,-152.180236816
661.455383301,-152.18145752
661.497436523,-152.143508911
661.47857666,-152.18862915
661.480712891,-152.190200806
661.497375488,-152.196075439
661.520385742,-152.154144287
661.524353027,-152.157409668
661.532653809,-152.159194946
661.534973145,-152.157150269
661.538757324,-152.162902832
661.547058105,-152.165771484
661.551452637,-152.166610718
661.524353027,-152.206481934
661.574462891,-152.174942017
661.53894043,-152.211868286
661.582580566,-152.17906189
661.586914062,-152.179931641
661.586608887,-152.182388306
661.593017578,-152.183654785
661.60333252,-152.190597534
661.607543945,-152.189056396
661.613647461,-152.194015503
661.597351074,-152.233474731
661.64276123,-152.204833984
661.64276123,-152.204833984
661.620117188,-152.243026733
661.620117188,-152.243026733
661.659606934,-152.210586548
661.66784668,-152.213546753
661.667907715,-152.214752197
661.674255371,-152.214767456
661.638977051,-152.250518799
661.651489258,-152.254241943
661.66204834,-152.256454468
661.707702637,-152.226516724
661.709655762,-152.229324341
661.682617188,-152.266708374
661.718078613,-152.232254028
661.730407715,-152.237243652
661.697387695,-152.272155762
661.697265625,-152.27331543
661.738830566,-152.240127563
661.709960938,-152.277114868
661.711975098,-152.277618408
661.73059082,-152.285064697
661.769958496,-152.254974365
661.784545898,-152.260421753
661.788635254,-152.261184692
661.792907715,-152.262145996
661.79284668,-152.260879517
661.747375488,-152.292114258
661.776672363,-152.302841187
661.828369141,-152.276611328
661.828430176,-152.275375366
661.828430176,-152.275375366
661.830322266,-152.278274536
661.838867188,-152.280044556
661.845031738,-152.283691406
661.845031738,-152.283691406
661.846801758,-152.284179688
661.846862793,-152.285293579
661.826599121,-152.321502686
661.858093262,-152.332809448
661.890808105,-152.301559448
661.878662109,-152.341964722
661.889099121,-152.345336914
661.919921875,-152.314834595
661.919921875,-152.312362671
661.926330566,-152.316070557
661.897583008,-152.347000122
661.947875977,-152.36567688
661.986633301,-152.339324951
661.954040527,-152.367019653
661.956176758,-152.367431641
661.992675781,-152.343063354
661.962219238,-152.37121582
662.001281738,-152.345962524
662.01776123,-152.35307312
662.032348633,-152.359634399
662.049072266,-152.364257812
662.049072266,-152.364257812
662.053100586,-152.367584229
662.061279297,-152.372848511
662.067687988,-152.374160767
662.078125,-152.377441406
662.006835938,-152.4034729
662.008972168,-152.406387329
662.088745117,-152.379669189
662.021240234,-152.412490845
662.023254395,-152.414138794
662.101013184,-152.385879517
662.035888672,-152.4190979
662.078796387,-152.420501709
662.046264648,-152.42250061
662.14453125,-152.382369995
662.114685059,-152.430252075
662.114685059,-152.430252075
662.116699219,-152.430648804
662.12286377,-152.433120728
662.153137207,-152.381713867
662.142089844,-152.436981201
662.142089844,-152.436981201
662.14831543,-152.438308716
662.14831543,-152.438308716
662.146118164,-152.4402771
662.160583496,-152.44569397
662.160583496,-152.44569397
661.52130127,-152.490951538
661.523742676,-152.488983154
661.527770996,-152.492279053
661.526000977,-152.488220215
661.54486084,-152.49331665
661.549255371,-152.491714478
661.553710938,-152.490203857
661.558044434,-152.491027832
661.558044434,-152.491027832
661.559936523,-152.492675781
661.560241699,-152.489028931
661.56451416,-152.48878479
661.567138672,-152.484375
661.569396973,-152.483551025
661.573486328,-152.485610962
661.575744629,-152.484863281
661.575683594,-152.483734131
661.502746582,-152.483459473
661.504760742,-152.483901978
661.506835938,-152.484313965
661.496337891,-152.481033325
