830.182128906,-107.763214111
830.18548584,-107.759254456
830.206787109,-107.766113281
830.206787109,-107.766113281
830.206787109,-107.766113281
830.209960938,-107.766441345
830.210693359,-107.752059937
830.305358887,-107.777824402
830.290100098,-107.773117065
830.28704834,-107.774162292
830.280822754,-107.772026062
830.324157715,-107.771400452
830.333190918,-107.773933411
830.296691895,-107.762329102
830.339233398,-107.780471802
830.339599609,-107.777488708
830.339599609,-107.777488708
830.342285156,-107.779342651
830.342529297,-107.776412964
830.348571777,-107.781524658
830.367004395,-107.785072327
830.38269043,-107.782600403
830.388671875,-107.784767151
830.404174805,-107.785186768
830.635070801,-107.816986084
830.645629883,-107.787750244
830.60559082,-107.783004761
830.624023438,-107.7837677
830.614807129,-107.782714844
830.608581543,-107.781936646
830.549499512,-107.792282104
830.546386719,-107.790527344
830.53717041,-107.785079956
829.652038574,-107.64806366
829.658203125,-107.648834229
829.667419434,-107.649986267
829.790710449,-107.661705017
829.79675293,-107.661010742
829.781494141,-107.659156799
829.809020996,-107.662361145
829.772277832,-107.653755188
829.76940918,-107.651939392
829.766296387,-107.651542664
829.76953125,-107.650474548
829.766357422,-107.650146484
829.766418457,-107.648704529
829.763244629,-107.6512146
829.754211426,-107.644348145
830.033874512,-107.683357239
830.037231445,-107.683677673
829.723632812,-107.639205933
829.723693848,-107.637756348
829.726623535,-107.636665344
829.720703125,-107.634590149
829.717651367,-107.634178162
829.708435059,-107.631652832
829.733276367,-107.630241394
829.692993164,-107.632720947
829.674743652,-107.627624512
830.613952637,-107.733360291
830.635498047,-107.735862732
829.890380859,-107.644577026
829.893493652,-107.644874573
829.927307129,-107.647514343
829.954956055,-107.650772095
829.967346191,-107.652259827
830.062866211,-107.659248352
830.069213867,-107.659973145
830.087585449,-107.660751343
830.090820312,-107.661102295
830.870300293,-107.754989624
830.879394531,-107.756118774
830.901000977,-107.758666992
830.910339355,-107.759719849
830.910339355,-107.759719849
830.140014648,-107.666938782
830.146118164,-107.667655945
830.146118164,-107.667655945
830.146179199,-107.666213989
830.167785645,-107.668746948
830.17376709,-107.669578552
830.17376709,-107.669578552
830.177307129,-107.668411255
830.186401367,-107.669578552
830.189453125,-107.671356201
830.996826172,-107.765739441
831.003112793,-107.766433716
830.229431152,-107.673271179
830.24206543,-107.674621582
830.334228516,-107.682769775
830.337463379,-107.683097839
830.343505859,-107.683891296
830.355834961,-107.685340881
830.405212402,-107.689697266
830.405334473,-107.688240051
831.166748047,-107.780105591
831.176147461,-107.781112671
831.185241699,-107.782234192
830.4453125,-107.693092346
830.457763672,-107.693099976
830.473205566,-107.694869995
830.504089355,-107.69707489
830.516357422,-107.698570251
830.692199707,-107.713600159
830.704589844,-107.715126038
830.744750977,-107.719871521
830.74786377,-107.718788147
830.877502441,-107.731300354
830.877502441,-107.729789734
830.877502441,-107.729789734
830.886901855,-107.732383728
830.886901855,-107.732383728
830.914611816,-107.734214783
830.930175781,-107.735969543
830.930175781,-107.735969543
830.951660156,-107.738609314
830.998046875,-107.741111755
831.001159668,-107.741539001
831.004089355,-107.74193573
831.106079102,-107.751098633
831.109130859,-107.750099182
831.11541748,-107.750717163
831.124633789,-107.751861572
831.133972168,-107.751464844
831.309936523,-107.768051147
831.319396973,-107.769104004
831.35949707,-107.771034241
831.372070312,-107.772445679
831.396728516,-107.773963928
831.405883789,-107.773597717
831.414978027,-107.776153564
831.470703125,-107.779884338
831.48614502,-107.781684875
831.178039551,-107.668304443
831.174987793,-107.6664505
831.171936035,-107.666114807
831.171936035,-107.666114807
831.17199707,-107.66178894
831.196472168,-107.669075012
831.134887695,-107.660270691
831.147216797,-107.661727905
831.134887695,-107.660270691
831.239929199,-107.669837952
