1107.54943848,139.292877197
1107.55957031,139.294036865
1107.53881836,139.293579102
1107.57519531,139.295776367
1107.58569336,139.298858643
1107.6114502,139.30166626
1107.43566895,139.282180786
1107.44604492,139.28515625
1106.09375,139.16078186
1106.0994873,139.172546387
1106.0994873,139.172546387
1106.09960938,139.174514771
1106.09960938,139.174514771
1106.10498047,139.184616089
1106.68725586,139.226913452
1106.66162109,139.22593689
1106.54333496,139.218307495
1106.53820801,139.219696045
1106.53869629,139.225341797
1106.52807617,139.224227905
1106.56420898,139.228179932
1106.51794434,139.22492981
1106.51293945,139.224334717
1106.54907227,139.235946655
1106.54907227,139.235946655
1106.49731445,139.220733643
1106.53881836,139.236663818
1106.56958008,139.230682373
1106.56958008,139.230682373
1106.58520508,139.232376099
1106.51306152,139.233825684
1106.52355957,139.236846924
1106.51330566,139.235687256
1106.51330566,139.237609863
1106.60571289,139.236572266
1106.60546875,139.232818604
1106.60571289,139.242248535
1106.47729492,139.233505249
1106.47717285,139.235412598
1106.61584473,139.23576355
1106.61096191,139.240875244
1106.63134766,139.237564087
1106.63110352,139.235687256
1106.46691895,139.232376099
1106.46691895,139.232376099
1106.64697266,139.239257812
1106.66235352,139.244842529
1106.67773438,139.244689941
1106.45031738,139.213653564
1106.45068359,139.215545654
1106.42492676,139.214553833
1106.4152832,139.228530884
1106.41516113,139.230407715
1106.42028809,139.23097229
1106.40490723,139.229309082
1106.36889648,139.227142334
1106.34301758,139.226104736
1106.31213379,139.224578857
1106.29162598,139.224151611
1106.28137207,139.223068237
1104.30529785,139.062698364
1104.30554199,139.06829834
1104.31103516,139.080245972
1104.32128906,139.083221436
1104.32702637,139.095184326
1105.60424805,139.241409302
1105.58374023,139.244720459
1105.56311035,139.242477417
1105.56311035,139.240585327
1107.60217285,139.704971313
1107.59802246,139.732757568
1107.50927734,139.702102661
1107.49389648,139.702316284
1107.49511719,139.730682373
1107.46911621,139.7315979
1107.44335938,139.72869873
1107.43310547,139.72756958
1107.41772461,139.731414795
1107.35461426,139.698043823
1107.32885742,139.698883057
1107.3236084,139.698394775
1107.31359863,139.701004028
1107.29785156,139.69921875
1107.24633789,139.701080322
1107.20532227,139.698303223
1107.20666504,139.728485107
1107.18457031,139.695968628
1107.19091797,139.73248291
1107.1809082,139.72946167
1107.16418457,139.695571899
1107.09350586,139.732833862
1107.03186035,139.739135742
1107.01660156,139.739257812
1106.95837402,139.700836182
1106.97021484,139.741622925
1106.94995117,139.743041992
1106.8659668,139.703613281
1106.88818359,139.745574951
1106.8458252,139.712615967
1106.84057617,139.708206177
1106.85742188,139.744033813
1106.82470703,139.708450317
1106.77050781,139.756820679
1106.71228027,139.712677002
1106.70202637,139.711578369
1106.68139648,139.71496582
1106.71386719,139.763702393
1106.61706543,139.775421143
1106.60656738,139.776077271
1106.55334473,139.724990845
1106.51745605,139.728485107
1106.49182129,139.729370117
1106.51989746,139.790817261
1106.45043945,139.734283447
1106.45092773,139.736083984
1106.45092773,139.736083984
1106.48913574,139.794906616
1106.41503906,139.739593506
1106.41503906,139.739593506
1106.3894043,139.744232178
1106.38439941,139.745574951
1106.37927246,139.748840332
1106.35888672,139.750274658
1106.3536377,139.747894287
1106.3536377,139.747894287
1106.34863281,139.74911499
1106.32312012,139.751831055
1106.32348633,139.759460449
1106.3182373,139.760818481
1106.35693359,139.827026367
1106.33642578,139.828475952
1106.33105469,139.827972412
1106.33654785,139.830429077
1106.3416748,139.830963135
1106.20568848,139.772613525
1106.23999023,139.859069824
1106.08862305,139.802703857
1106.08361816,139.800216675
1106.07849121,139.801528931
1106.06811523,139.802230835
1106.16906738,139.885009766
1106.12854004,139.902984619
1106.11315918,139.903152466
1105.98193359,139.830276489
1105.96655273,139.830352783
1105.97192383,139.834671021
1105.96154785,139.833572388
1106.0579834,139.93258667
1105.79455566,139.895599365
1105.80004883,139.90184021
1105.79516602,139.908782959
