682.835510254,95.7990646362
682.84197998,95.7998809814
682.844299316,95.8001403809
682.839660645,95.808265686
682.844116211,95.8086929321
682.817443848,95.8019180298
682.817504883,95.7994155884
682.817382812,95.8043670654
682.855041504,95.8112487793
682.857543945,95.8114700317
682.812927246,95.8062820435
682.866577148,95.806350708
682.866271973,95.8051528931
682.801879883,95.8062286377
682.802001953,95.7964172363
682.788452148,95.8047332764
682.783752441,95.8028869629
682.783813477,95.7956466675
682.779724121,95.7938613892
682.781555176,95.8038864136
682.774841309,95.8031539917
682.779724121,95.7938613892
682.752807617,95.7919769287
682.754882812,95.8020477295
682.754882812,95.8020477295
682.753112793,95.7907104492
682.734863281,95.7997512817
682.732727051,95.7896881104
682.726074219,95.7888336182
682.717041016,95.7878036499
682.719299316,95.7978668213
682.71472168,95.7974243164
682.688171387,95.7856903076
682.681396484,95.7958908081
682.681518555,95.7848892212
682.676940918,95.7966384888
682.674621582,95.7964019775
682.670227051,95.7946166992
682.668151855,95.7857894897
682.670227051,95.7848892212
682.665893555,95.7842712402
682.661437988,95.7849731445
682.661437988,95.79246521
682.65447998,95.7928771973
682.65447998,95.7941131592
682.645568848,95.794303894
682.641235352,95.7937240601
682.634521484,95.7930145264
682.616516113,95.7933731079
682.616516113,95.7933731079
682.608154297,95.7800674438
682.614318848,95.7931213379
682.609985352,95.7925643921
682.605651855,95.7797775269
682.594360352,95.7797393799
682.585266113,95.7909393311
682.583190918,95.790687561
682.576477051,95.7801589966
682.576416016,95.7789306641
682.516418457,95.7768096924
682.516418457,95.7768096924
682.50982666,95.7772140503
682.505065918,95.779258728
682.505065918,95.779258728
682.491699219,95.787399292
682.491699219,95.787399292
682.493896484,95.7791137695
682.494018555,95.7766952515
682.47833252,95.7761077881
682.462768555,95.776725769
682.458007812,95.7860488892
682.453979492,95.775718689
682.455749512,95.7882843018
682.451538086,95.7766342163
682.44934082,95.7788619995
682.449279785,95.777671814
682.44708252,95.7773742676
682.436096191,95.777305603
682.427307129,95.7750396729
682.40447998,95.789680481
682.399963379,95.7878952026
682.379943848,95.7893218994
682.368530273,95.7916564941
682.344177246,95.7912368774
682.344177246,95.7912368774
682.326171875,95.794090271
682.315185547,95.7939910889
682.30645752,95.7782440186
682.304260254,95.7780456543
682.304016113,95.7805328369
682.294921875,95.7966537476
682.281982422,95.7802734375
682.27734375,95.7810668945
682.27935791,95.7972488403
682.274902344,95.7979736328
682.272583008,95.7989730835
682.261779785,95.7829437256
682.259521484,95.7813873291
682.255065918,95.7821578979
682.255065918,95.7821578979
682.246337891,95.7822875977
682.239501953,95.784034729
682.223876953,95.7846832275
682.223876953,95.7846832275
682.212646484,95.7857666016
682.208068848,95.7878036499
682.205810547,95.7887115479
682.192321777,95.7896499634
682.190246582,95.7893600464
682.181152344,95.7895431519
682.189697266,95.8114318848
682.1875,95.8111419678
682.172424316,95.7910003662
682.176208496,95.813583374
682.174072266,95.8133087158
682.163330078,95.7923583984
682.152160645,95.7935333252
682.156188965,95.8186264038
682.123168945,95.7987747192
682.147216797,95.8213119507
682.147216797,95.8213119507
682.114196777,95.8002090454
682.131408691,95.8244247437
682.087158203,95.8068695068
682.087158203,95.8068695068
682.082641602,95.8076477051
682.082702637,95.8088150024
682.069213867,95.8109512329
682.095458984,95.8362121582
682.066833496,95.8120193481
682.066833496,95.8120193481
682.091064453,95.8381271362
682.051330566,95.8162612915
681.999633789,95.8324584961
682.030273438,95.8618392944
682.025756836,95.8638458252
682.021057129,95.8644943237
682.021118164,95.8681488037
682.014404297,95.8710632324
682.012145996,95.8732299805
682.010009766,95.8729400635
682.010009766,95.8729400635
682.005310059,95.8799057007
681.956970215,95.8507843018
681.94543457,95.855682373
681.938903809,95.8585662842
681.929870605,95.864906311
681.91607666,95.8731613159
681.96685791,95.9134140015
681.955444336,95.9245071411
681.955200195,95.926902771
681.95300293,95.9279022217
681.952941895,95.929107666
681.936950684,95.9481430054
681.936950684,95.9481430054
681.866394043,95.9165039062
681.936889648,95.9493103027
681.934692383,95.9515762329
681.857299805,95.9216537476
681.855041504,95.9225921631
681.927612305,95.9679718018
681.929931641,95.9693908691
681.925048828,95.9787597656
681.834411621,95.9533996582
681.920654297,95.9867477417
681.920471191,95.9892196655
681.829772949,95.9589614868
681.829772949,95.9589614868
681.827331543,95.9588088989
681.827209473,95.9624328613
681.920166016,95.9954376221
681.820495605,95.9727096558
681.813537598,95.9866333008
681.916992188,96.0515518188
681.916870117,96.052772522
681.796386719,96.0547561646
681.796325684,96.0572509766
681.924926758,96.096786499
681.924682617,96.1041946411
681.797973633,96.0880661011
681.793579102,96.0863800049
681.793334961,96.0949935913
681.793334961,96.0949935913
681.793334961,96.0998535156
681.793334961,96.0998535156
681.944519043,96.1212387085
681.788818359,96.1067123413
681.939880371,96.125579834
681.9375,96.1327133179
681.942016602,96.1320037842
681.948852539,96.129119873
681.95098877,96.1269073486
681.933044434,96.1358947754
681.926330566,96.1388244629
681.924133301,96.1409759521
681.926208496,96.1400299072
681.921630859,96.1431808472
681.964477539,96.1235580444
681.96685791,96.1213378906
681.975830078,96.1199035645
681.755004883,96.1176147461
681.991210938,96.120552063
681.991149902,96.1279144287
681.743896484,96.1174850464
681.993225098,96.1293716431
681.98651123,96.1323623657
681.739257812,96.1182250977
681.732666016,96.1186218262
681.894104004,96.1793746948
681.894104004,96.1793746948
681.979797363,96.1375656128
681.979797363,96.1388931274
681.714782715,96.117805481
681.977600098,96.1447219849
681.975097656,96.1445388794
681.800415039,96.1757736206
681.804992676,96.1774902344
681.782775879,96.1712265015
681.885070801,96.1905136108
681.782897949,96.1736984253
681.765014648,96.1728134155
681.813781738,96.1822814941
681.75402832,96.1702880859
681.758300781,96.1720046997
681.758300781,96.1720046997
681.776123047,96.1753845215
681.889221191,96.2020797729
681.740478516,96.1736297607
681.726989746,96.1733474731
681.820007324,96.2002029419
681.835144043,96.229019165
681.835021973,96.2303466797
681.841491699,96.2444610596
681.590026855,96.1143341064
681.585632324,96.1162490845
681.583190918,96.1172866821
681.916992188,96.2570114136
681.626647949,96.1726913452
681.622253418,96.1722717285
681.620056152,96.1719512939
681.581237793,96.1145324707
681.57232666,96.1171569824
681.611206055,96.1733779907
681.919311523,96.2585296631
681.92590332,96.2617416382
681.558898926,96.1156311035
681.591064453,96.1734313965
681.58215332,96.1724014282
681.547851562,96.1131057739
681.534606934,96.1127090454
681.571044922,96.1687011719
681.941223145,96.2721939087
681.941223145,96.2721939087
681.520812988,96.1124649048
681.518859863,96.1145935059
681.553405762,96.1678009033
681.54876709,96.1697769165
681.512084961,96.1163482666
681.533325195,96.1691131592
681.496704102,96.1120071411
681.515319824,96.168296814
681.510925293,96.1701889038
681.989746094,96.2975234985
681.99420166,96.3004760742
681.996459961,96.2995758057
681.506408691,96.1709823608
681.497497559,96.1687469482
681.488769531,96.1700973511
681.467468262,96.112411499
681.466369629,96.1687698364
681.4140625,96.1098327637
681.435241699,96.1687698364
681.36730957,96.1092758179
681.399536133,96.1670532227
681.399414062,96.1683578491
681.356323242,96.1079559326
681.381591797,96.1675415039
681.381591797,96.1675415039
681.372802734,96.1664428711
681.370727539,96.1661758423
681.361694336,96.167640686
681.336120605,96.1080474854
681.333984375,96.1077880859
681.322814941,96.1089630127
681.320800781,96.1074981689
681.316345215,96.1069793701
681.316162109,96.1082229614
681.316162109,96.1082229614
681.199279785,96.1621627808
681.194702148,96.16040802
681.183776855,96.1603469849
681.191650391,96.1034851074
681.161315918,96.1602172852
681.134643555,96.1619338989
681.144592285,96.1029663086
681.129272461,96.1047439575
681.127929688,96.1612625122
681.122497559,96.1040344238
681.120483398,96.1013183594
681.113525391,96.1029891968
681.109069824,96.1050109863
681.102600098,96.1041412354
681.104736328,96.1007385254
681.102478027,96.1029052734
681.08013916,96.101600647
681.079101562,96.157989502
682.855041504,96.1386642456
682.855041504,96.141166687
682.861694336,96.1395187378
682.846130371,96.1389694214
682.846069336,96.14012146
682.84387207,96.1399002075
682.843811035,96.1410598755
682.828186035,96.1404800415
682.819335938,96.139465332
682.817077637,96.139213562
682.854003906,96.192741394
682.840576172,96.1924591064
682.793701172,96.1918792725
682.791564941,96.1903381348
682.784667969,96.1933364868
682.732116699,96.1380004883
682.700866699,96.139175415
682.691894531,96.1394500732
682.680786133,96.138053894
682.715454102,96.1926193237
682.710998535,96.1921005249
682.708618164,96.1930389404
682.706481934,96.1927719116
682.704162598,96.1925506592
682.695129395,96.1915206909
682.676391602,96.1376342773
682.674133301,96.1397628784
682.654052734,96.137336731
682.655090332,96.1904830933
682.6484375,96.1897277832
682.639526367,96.1911239624
682.630615234,96.1925582886
682.627197266,96.1356582642
682.623962402,96.1893768311
682.617126465,96.1898422241
682.614990234,96.1907730103
682.602783203,96.1363754272
682.602783203,96.1363754272
682.576782227,96.1901245117
682.552368164,96.1884078979
682.545593262,96.1888961792
682.523376465,96.1898574829
682.528991699,96.1364364624
682.518981934,96.1894454956
682.503479004,96.1851730347
682.498901367,96.1870498657
682.457702637,96.134223938
682.430541992,96.133644104
682.428405762,96.1370925903
682.42401123,96.1352996826
682.40838623,96.1335220337
682.366027832,96.1334533691
682.366088867,96.1321487427
682.373840332,96.1872406006
682.364807129,96.1862716675
682.358215332,96.1866912842
682.349243164,96.1868515015
682.329101562,96.1857833862
682.310241699,96.1319274902
682.320251465,96.1847076416
682.320251465,96.1847076416
682.315734863,96.1854248047
682.294616699,96.1312789917
682.295593262,96.1830978394
682.295593262,96.1830978394
682.287841797,96.1316680908
682.281311035,96.1309890747
682.28692627,96.1844940186
682.254333496,96.1315002441
682.247619629,96.1307678223
682.239929199,96.1851348877
682.239929199,96.1851348877
682.195129395,96.1836700439
682.164611816,96.1542892456
682.164733887,96.1530227661
682.164733887,96.1481628418
682.151428223,96.1466598511
682.140441895,96.140411377
682.131469727,96.1368865967
682.127258301,96.1252822876
682.120361328,96.1319046021
682.118225098,96.1304016113
682.118225098,96.1304016113
682.116027832,96.1264572144
682.107177734,96.1291503906
682.104614258,96.14112854
682.106872559,96.1438217163
682.091491699,96.1370544434
682.095458984,96.1474609375
682.095458984,96.1474609375
682.122436523,96.1480941772
682.128967285,96.1513366699
682.129089355,96.1525344849
682.129150391,96.1537628174
682.131225586,96.1540222168
682.135498047,96.1534194946
682.142272949,96.1602172852
682.142211914,96.1639099121
682.148742676,96.1647949219
682.148742676,96.1647949219
682.144287109,96.1667022705
