834.393371582,-107.798721313
834.405883789,-107.797340393
834.405883789,-107.797340393
834.399658203,-107.793716431
834.390380859,-107.791137695
834.387451172,-107.789291382
834.365478516,-107.788208008
834.35949707,-107.78603363
834.356445312,-107.782806396
834.350219727,-107.779098511
834.341125488,-107.776535034
834.319335938,-107.773986816
834.319335938,-107.772544861
834.319458008,-107.771026611
834.307128906,-107.765266418
834.304077148,-107.766273499
834.297790527,-107.765586853
834.294494629,-107.765228271
834.29473877,-107.76374054
834.291381836,-107.764938354
834.282287598,-107.76374054
834.27911377,-107.764801025
835.202209473,-107.842422485
835.22088623,-107.844604492
835.22088623,-107.844604492
835.227050781,-107.845329285
835.230224609,-107.84576416
835.401916504,-107.861724854
835.405090332,-107.862121582
835.458007812,-107.867042542
835.46105957,-107.867362976
835.46105957,-107.867362976
835.482971191,-107.868515015
835.489318848,-107.867782593
835.498596191,-107.868919373
835.504882812,-107.869674683
835.561340332,-107.874816895
835.567504883,-107.875617981
835.676818848,-107.885627747
835.68927002,-107.885704041
835.726867676,-107.89012146
835.733032227,-107.889427185
835.779724121,-107.895011902
835.786010742,-107.895767212
835.770568848,-107.892478943
835.801879883,-107.894721985
835.811218262,-107.895805359
835.84552002,-107.899856567
835.848510742,-107.900215149
835.836120605,-107.897285461
835.858215332,-107.899879456
835.889282227,-107.903640747
835.901733398,-107.903640747
835.904907227,-107.905456543
835.904907227,-107.904045105
835.917358398,-107.904045105
835.926696777,-107.905197144
835.93927002,-107.906646729
835.951843262,-107.906616211
835.96105957,-107.907775879
835.964355469,-107.908157349
835.964233398,-107.909629822
835.992492676,-107.911430359
836.001831055,-107.912582397
836.004943848,-107.911506653
836.008056641,-107.91192627
836.014343262,-107.914077759
836.01751709,-107.91305542
836.020507812,-107.913375854
836.029968262,-107.914466858
836.03314209,-107.913337708
836.036376953,-107.913711548
836.105102539,-107.920402527
836.111328125,-107.921234131
835.778015137,-107.802909851
835.771850586,-107.799263
835.787231445,-107.804039001
835.790466309,-107.802932739
835.762145996,-107.799659729
835.809020996,-107.806640625
835.812255859,-107.806900024
835.825195312,-107.798301697
835.830932617,-107.80632019
835.840637207,-107.803085327
835.84362793,-107.80632019
835.849975586,-107.804138184
835.852905273,-107.806053162
835.856201172,-107.807792664
