830.476379395,-107.759056091
830.485961914,-107.760124207
830.488830566,-107.760505676
830.806762695,-107.786659241
830.816162109,-107.787719727
830.831481934,-107.789573669
830.840759277,-107.789237976
831.128173828,-107.811698914
831.137329102,-107.812789917
831.149780273,-107.812828064
831.152709961,-107.814666748
831.152709961,-107.814666748
831.10736084,-107.71937561
831.092041016,-107.714706421
831.126281738,-107.714385986
831.079711914,-107.714614868
831.138366699,-107.718727112
831.138793945,-107.712974548
831.14465332,-107.719474792
831.144714355,-107.717964172
831.073608398,-107.713897705
831.160217285,-107.718391418
831.163269043,-107.718711853
831.163391113,-107.717254639
831.163391113,-107.717254639
831.172668457,-107.71987915
