659.850769043,-138.247406006
659.844726562,-138.24508667
659.85333252,-138.238189697
659.85534668,-138.238723755
659.861633301,-138.239730835
659.849304199,-138.236328125
659.838745117,-138.234466553
659.838745117,-138.234466553
659.816101074,-138.231430054
659.813415527,-138.239349365
659.89074707,-138.243972778
659.892822266,-138.245513916
659.890197754,-138.254684448
659.892333984,-138.255096436
659.893066406,-138.244293213
659.811889648,-138.229446411
659.811279297,-138.238998413
659.802978516,-138.237457275
659.91595459,-138.248443604
659.79119873,-138.225646973
659.79119873,-138.225646973
659.784973145,-138.224517822
659.782836914,-138.225357056
659.92199707,-138.249588013
659.921386719,-138.259140015
659.923583984,-138.259521484
659.923583984,-138.259521484
659.934265137,-138.256652832
659.938049316,-138.262191772
659.76574707,-138.230606079
659.766174316,-138.222244263
659.766296387,-138.221054077
659.761962891,-138.220321655
659.938537598,-138.253921509
659.942626953,-138.255813599
659.942321777,-138.261749268
659.75604248,-138.217971802
659.745422363,-138.219696045
659.747009277,-138.227203369
659.740722656,-138.22605896
659.732421875,-138.223358154
659.730407715,-138.222976685
659.726867676,-138.212661743
659.726989746,-138.211456299
659.724914551,-138.211090088
659.985961914,-138.269760132
659.988586426,-138.261825562
659.695983887,-138.204605103
659.998901367,-138.265975952
659.998901367,-138.265975952
660.002563477,-138.271636963
659.999023438,-138.262557983
660.004821777,-138.270812988
659.68963623,-138.204681396
659.68963623,-138.204681396
659.685546875,-138.20501709
660.004821777,-138.271957397
660.004821777,-138.271957397
660.010925293,-138.273101807
660.013122559,-138.271057129
660.01776123,-138.265930176
660.01776123,-138.26473999
660.029785156,-138.275283813
659.666992188,-138.199279785
660.050720215,-138.277908325
659.635437012,-138.199539185
659.635131836,-138.201858521
659.635131836,-138.201858521
659.631103516,-138.199981689
660.050537109,-138.279159546
659.62487793,-138.197662354
659.61114502,-138.184234619
660.067321777,-138.281021118
660.067321777,-138.281021118
659.609069824,-138.185012817
659.604125977,-138.193817139
659.605041504,-138.18309021
659.605041504,-138.18309021
659.599975586,-138.191894531
660.076171875,-138.273040771
660.079650879,-138.283355713
659.58996582,-138.187545776
659.58996582,-138.187545776
659.592712402,-138.179641724
659.592712402,-138.179641724
660.088806152,-138.274108887
660.08605957,-138.283279419
660.08605957,-138.283279419
660.092712402,-138.276107788
660.092895508,-138.274841309
659.588256836,-138.181213379
659.585632324,-138.188034058
659.583618164,-138.186462402
659.577941895,-138.177047729
659.577819824,-138.17817688
659.569213867,-138.184906006
659.567138672,-138.1822052
659.567199707,-138.183395386
659.565124512,-138.180633545
659.557006836,-138.180282593
659.555419922,-138.170471191
660.124206543,-138.279373169
660.126220703,-138.279754639
659.55279541,-138.179504395
659.548522949,-138.17880249
659.551208496,-138.168533325
659.542419434,-138.177597046
660.130432129,-138.27935791
659.528686523,-138.161911011
659.526550293,-138.161590576
659.522399902,-138.16078186
659.522399902,-138.16078186
660.17010498,-138.284255981
659.51953125,-138.172332764
659.51550293,-138.170303345
659.51550293,-138.170303345
659.516357422,-138.158355713
660.174255371,-138.284988403
660.174255371,-138.284988403
660.176391602,-138.285324097
659.508178711,-138.155700684
660.182495117,-138.286483765
660.184753418,-138.285644531
660.186828613,-138.286056519
659.499023438,-138.166091919
659.499023438,-138.166091919
659.496765137,-138.165725708
659.491149902,-138.156295776
659.491455078,-138.155014038
659.491271973,-138.15385437
659.491271973,-138.15385437
659.490844727,-138.163375854
659.359069824,-138.123718262
659.365478516,-138.122375488
659.365661621,-138.119995117
659.368103027,-138.116744995
659.370056152,-138.117202759
659.365783691,-138.115234375
659.370117188,-138.115997314
659.342529297,-138.117034912
659.338623047,-138.116287231
659.368286133,-138.112030029
659.368286133,-138.112030029
659.353942871,-138.107070923
659.332336426,-138.113922119
659.345825195,-138.104324341
659.32824707,-138.113204956
659.32824707,-138.113204956
659.326293945,-138.112716675
659.326416016,-138.111526489
659.324157715,-138.111206055
659.313293457,-138.091064453
659.297607422,-138.102676392
659.291259766,-138.10043335
659.291503906,-138.098007202
659.281311035,-138.094863892
659.281433105,-138.09362793
659.277160645,-138.092941284
659.275024414,-138.092590332
659.266723633,-138.091094971
659.256591797,-138.086730957
659.254516602,-138.086349487
659.256958008,-138.084350586
659.254699707,-138.085250854
659.250488281,-138.084457397
659.236083984,-138.079406738
659.231384277,-138.058029175
659.205444336,-138.06652832
659.203491211,-138.066238403
659.210876465,-138.052993774
659.191223145,-138.060379028
659.189208984,-138.058792114
659.187072754,-138.059631348
659.181213379,-138.054840088
659.174865723,-138.053787231
659.182373047,-138.03704834
659.162719727,-138.049057007
659.156738281,-138.043167114
659.156494141,-138.046707153
659.152587891,-138.043579102
659.166137695,-138.029251099
659.144348145,-138.039718628
659.14239502,-138.039398193
659.14239502,-138.039398193
659.16204834,-138.028503418
659.157958984,-138.026504517
659.157958984,-138.026504517
659.158081055,-138.025314331
659.145568848,-138.021865845
659.127807617,-138.034301758
659.143676758,-138.019180298
659.139770508,-138.018310547
659.139953613,-138.017120361
659.133605957,-138.014816284
659.115722656,-138.028427124
659.133605957,-138.014816284
659.129516602,-138.012817383
659.113708496,-138.028076172
659.113342285,-138.003921509
659.093322754,-138.018325806
659.093322754,-138.018325806
659.089355469,-138.017501831
659.103271484,-137.99836731
659.095031738,-137.995742798
659.089111328,-137.992233276
659.075012207,-138.010131836
659.075073242,-138.008972168
659.060974121,-138.002685547
659.058837891,-138.00239563
659.030395508,-137.959777832
659.016479492,-137.98008728
659.020385742,-137.953094482
658.984191895,-137.960861206
658.982055664,-137.961776733
658.982055664,-137.961776733
658.980041504,-137.959060669
658.98034668,-137.957809448
658.965820312,-137.953948975
658.957641602,-137.947677612
658.956176758,-137.912490845
658.947998047,-137.907363892
658.943969727,-137.905395508
658.92578125,-137.894882202
658.92590332,-137.89364624
658.924072266,-137.890899658
658.869140625,-137.895278931
658.865234375,-137.892211914
658.855163574,-137.885574341
658.853210449,-137.882843018
658.851379395,-137.881210327
658.868286133,-137.848205566
658.864135742,-137.846313477
658.860290527,-137.844268799
658.854492188,-137.837188721
658.819641113,-137.857299805
658.817504883,-137.855712891
658.848693848,-137.832458496
658.803405762,-137.848297119
658.801269531,-137.846786499
658.830871582,-137.814834595
658.775268555,-137.827590942
658.767211914,-137.822509766
658.757507324,-137.814651489
658.803222656,-137.789321899
658.743652344,-137.800079346
658.741577148,-137.799758911
658.739624023,-137.798141479
658.739624023,-137.797027588
658.735778809,-137.794998169
658.729797363,-137.790252686
658.727783203,-137.788696289
658.783569336,-137.773544312
658.783630371,-137.771255493
658.787536621,-137.773208618
658.781677246,-137.767333984
658.725830078,-137.785949707
658.718078613,-137.778518677
658.709838867,-137.773422241
658.768127441,-137.752746582
658.762023926,-137.750427246
658.764099121,-137.750747681
658.766174316,-137.751190186
658.760070801,-137.747634888
658.756225586,-137.742248535
658.694274902,-137.757293701
658.752075195,-137.739044189
658.752807617,-137.73298645
658.746704102,-137.72833252
658.746826172,-137.727142334
658.678527832,-137.743621826
658.744995117,-137.723251343
658.737060547,-137.718093872
658.668823242,-137.732192993
658.666687012,-137.733016968
658.733337402,-137.712600708
658.657165527,-137.72164917
658.719970703,-137.693344116
658.643493652,-137.705871582
658.641357422,-137.705444336
658.639587402,-137.701507568
658.631896973,-137.691726685
658.622070312,-137.68145752
658.708618164,-137.6743927
658.704772949,-137.670074463
658.57989502,-137.62677002
658.576049805,-137.620101929
658.665405273,-137.605133057
658.669677734,-137.604614258
658.654724121,-137.576599121
658.647521973,-137.56199646
658.646179199,-137.549804688
658.644226074,-137.549407959
658.637695312,-137.521743774
658.635681152,-137.521377563
658.633728027,-137.518585205
658.624328613,-137.503662109
658.62878418,-137.50088501
658.622131348,-137.474380493
658.624328613,-137.474731445
658.622558594,-137.47076416
658.62322998,-137.460021973
658.619018555,-137.4581604
658.619018555,-137.4581604
658.619506836,-137.452148438
658.621765137,-137.450241089
658.617980957,-137.447067261
658.617980957,-137.447067261
658.617980957,-137.444732666
658.624206543,-137.445785522
658.617004395,-137.432403564
658.61706543,-137.43119812
660.20098877,-138.027954102
660.20513916,-138.028762817
660.197143555,-138.023605347
660.181518555,-138.00743103
660.177490234,-138.004379272
660.181884766,-138.001525879
660.179931641,-138.001113892
660.209472656,-137.967941284
660.201599121,-137.961654663
660.201599121,-137.961654663
660.197692871,-137.957382202
660.202148438,-137.953323364
660.191833496,-137.95135498
660.137145996,-137.891983032
660.113464355,-137.867095947
660.111572266,-137.865570068
660.107788086,-137.857681274
660.105834961,-137.857330322
660.103942871,-137.854492188
660.097839355,-137.850967407
660.088256836,-137.839569092
660.078308105,-137.829360962
660.078430176,-137.828216553
660.066833496,-137.815139771
660.19744873,-137.782302856
660.201599121,-137.783096313
660.057189941,-137.803726196
660.189880371,-137.770095825
660.049438477,-137.791534424
660.049438477,-137.790374756
660.047119141,-137.792358398
660.043334961,-137.787948608
660.182189941,-137.760192871
660.041442871,-137.787582397
660.041442871,-137.787582397
660.041259766,-137.786422729
660.180603027,-137.753875732
660.174865723,-137.744415283
660.173034668,-137.740447998
660.171081543,-137.740066528
660.169067383,-137.738464355
660.161376953,-137.727432251
660.002075195,-137.746673584
659.998596191,-137.737579346
659.990844727,-137.728881836
659.984619141,-137.726608276
659.989013672,-137.722579956
659.983093262,-137.718978882
659.976928711,-137.717941284
659.981201172,-137.717468262
659.979125977,-137.717086792
660.138671875,-137.693099976
659.945800781,-137.682113647
659.94354248,-137.68409729
659.941833496,-137.677764893
659.930480957,-137.658828735
659.926635742,-137.655670166
659.924682617,-137.652954102
