669.760864258,-139.299072266
669.74017334,-139.285446167
669.730895996,-139.29234314
669.72479248,-139.288711548
669.727294922,-139.28427124
669.727355957,-139.281936646
669.727355957,-139.281936646
669.720947266,-139.281921387
669.723205566,-139.281066895
669.712158203,-139.280258179
669.808044434,-139.307830811
669.710083008,-139.281097412
669.706054688,-139.279083252
669.705932617,-139.280380249
669.705810547,-139.281494141
669.703613281,-139.279922485
669.697265625,-139.277542114
669.692321777,-139.28515625
669.686767578,-139.274307251
669.827392578,-139.311355591
669.830383301,-139.302017212
669.832519531,-139.30241394
669.688049316,-139.284408569
669.682373047,-139.273605347
669.838989258,-139.303665161
669.842529297,-139.312911987
669.844848633,-139.31211853
669.847351074,-139.306427002
669.663146973,-139.268768311
669.660949707,-139.269577026
669.850952148,-139.315689087
669.853942871,-139.306427002
669.656066895,-139.27722168
669.653808594,-139.276855469
669.656616211,-139.268783569
669.656555176,-139.267593384
669.65020752,-139.266479492
669.646118164,-139.264312744
669.635498047,-139.262390137
669.89831543,-139.323196411
669.894836426,-139.312835693
669.89831543,-139.323196411
669.907348633,-139.319961548
669.906982422,-139.323577881
669.610961914,-139.267700195
669.616149902,-139.258865356
669.606872559,-139.265716553
669.609680176,-139.257644653
669.907836914,-139.315078735
669.91973877,-139.327163696
669.929321289,-139.317855835
669.586181641,-139.250946045
669.586181641,-139.250946045
669.574829102,-139.258529663
669.937255859,-139.329116821
669.943603516,-139.330337524
669.566345215,-139.255737305
669.564147949,-139.255401611
669.564147949,-139.255401611
669.569213867,-139.246520996
669.566894531,-139.247360229
669.566894531,-139.247360229
669.947875977,-139.331115723
669.946350098,-139.322219849
669.946411133,-139.321060181
669.946411133,-139.321060181
669.952941895,-139.323425293
669.954711914,-139.32862854
669.954711914,-139.32862854
669.559936523,-139.255844116
669.557739258,-139.254272461
669.56060791,-139.2449646
669.558410645,-139.244598389
669.551879883,-139.244567871
669.96295166,-139.332687378
669.96295166,-139.333908081
669.541564941,-139.238983154
669.970031738,-139.325424194
669.970031738,-139.325424194
669.970153809,-139.32421875
669.967285156,-139.333480835
669.540649414,-139.249908447
669.538513184,-139.248199463
669.540466309,-139.251052856
669.529846191,-139.247894287
669.980895996,-139.32623291
669.980224609,-139.335891724
669.986816406,-139.333404541
669.52557373,-139.246994019
669.521484375,-139.246307373
669.524169922,-139.235778809
669.514831543,-139.245056152
669.993713379,-139.331039429
669.500976562,-139.229064941
669.498840332,-139.228607178
669.494567871,-139.227798462
669.494567871,-139.227798462
670.014648438,-139.339813232
670.016967773,-139.341339111
670.023254395,-139.341384888
670.023254395,-139.341384888
669.487243652,-139.237487793
669.487243652,-139.237487793
669.483825684,-139.225906372
670.034851074,-139.33366394
670.031982422,-139.342910767
669.472961426,-139.226333618
669.472961426,-139.223937988
669.470214844,-139.233123779
669.470214844,-139.233123779
669.467956543,-139.232772827
669.47064209,-139.225952148
669.468200684,-139.22795105
669.466308594,-139.228729248
670.067199707,-139.338485718
670.067382812,-139.337173462
670.069396973,-139.337677002
670.069396973,-139.337677002
670.082397461,-139.338684082
670.088745117,-139.341079712
670.094299316,-139.350769043
670.101074219,-139.350769043
670.109436035,-139.352401733
670.109436035,-139.352401733
670.131225586,-139.353927612
670.131225586,-139.353927612
670.129821777,-139.345062256
670.137756348,-139.355102539
670.139953613,-139.355422974
670.14642334,-139.356643677
670.144592285,-139.350204468
670.145019531,-139.346618652
670.157836914,-139.348968506
670.16217041,-139.348571777
670.164428711,-139.349014282
669.334106445,-139.193374634
669.334228516,-139.192153931
669.325683594,-139.189285278
669.333068848,-139.1796875
669.32244873,-139.175201416
669.318054199,-139.174484253
669.318054199,-139.174484253
669.30645752,-139.184646606
669.297912598,-139.180633545
669.287414551,-139.177383423
669.278015137,-139.159805298
669.265014648,-139.157394409
669.255554199,-139.169082642
669.251342773,-139.167053223
669.249450684,-139.165466309
669.249450684,-139.164230347
669.249450684,-139.164230347
669.247253418,-139.163909912
669.245239258,-139.163467407
669.250183105,-139.152206421
669.250610352,-139.150970459
669.243164062,-139.16178894
669.23236084,-139.159912109
669.235900879,-139.144577026
669.223999023,-139.156997681
669.208190918,-139.135772705
669.206237793,-139.133071899
669.206237793,-139.133071899
669.173034668,-139.137969971
669.156311035,-139.132369995
669.149841309,-139.129959106
669.160095215,-139.113418579
669.147888184,-139.128341675
669.139465332,-139.124389648
669.135314941,-139.122329712
669.132995605,-139.123184204
669.143066406,-139.106628418
669.140991211,-139.106231689
669.13671875,-139.105438232
669.12890625,-139.121200562
669.132629395,-139.102218628
669.130493164,-139.101898193
669.124328613,-139.098312378
669.113647461,-139.095046997
669.113769531,-139.093811035
669.096984863,-139.085906982
669.057373047,-139.092041016
669.073974609,-139.075546265
669.042663574,-139.085647583
669.040649414,-139.084121704
669.057128906,-139.067520142
669.057128906,-139.067520142
669.027954102,-139.078079224
669.027954102,-139.078079224
669.025817871,-139.077758789
669.04473877,-139.060333252
669.034118652,-139.057174683
669.036254883,-139.056381226
669.015136719,-139.048721313
669.008972168,-139.045181274
668.985900879,-139.059326172
668.985900879,-139.059326172
668.983886719,-139.057678223
669.004882812,-139.040786743
669.004882812,-139.040786743
668.977600098,-139.055404663
668.992370605,-139.034744263
668.992614746,-139.033538818
668.969299316,-139.05128479
668.940124512,-139.03616333
668.967468262,-139.021560669
668.95690918,-139.018356323
668.959106445,-139.016464233
668.952941895,-139.011535645
668.948608398,-139.011932373
668.944641113,-139.007598877
668.938171387,-139.006393433
668.936157227,-139.00592041
668.936157227,-139.002410889
668.919677734,-138.993255615
668.886108398,-139.007705688
668.911376953,-138.986785889
668.877624512,-139.00378418
668.873413086,-139.001724243
668.869445801,-138.997421265
668.869445801,-138.997421265
668.892822266,-138.975982666
668.892944336,-138.97479248
668.886535645,-138.973602295
668.840209961,-138.980957031
668.840332031,-138.979827881
668.865783691,-138.961196899
668.855651855,-138.951980591
668.8046875,-138.962234497
668.800720215,-138.959030151
668.79675293,-138.954620361
668.784301758,-138.947402954
668.784301758,-138.947402954
668.780273438,-138.945419312
668.81463623,-138.922424316
668.81463623,-138.922424316
668.772216797,-138.935379028
668.769897461,-138.938598633
668.765930176,-138.932998657
668.775756836,-138.893157959
668.733093262,-138.909759521
668.767578125,-138.885513306
668.759399414,-138.880371094
668.763549805,-138.879974365
668.755432129,-138.875915527
668.693847656,-138.884185791
668.691833496,-138.882629395
668.689819336,-138.88104248
668.689819336,-138.88104248
668.743408203,-138.861541748
668.68359375,-138.876190186
668.671203613,-138.867889404
668.71295166,-138.833984375
668.683349609,-138.799026489
668.681091309,-138.798614502
668.681335449,-138.797424316
668.67755127,-138.791793823
668.675292969,-138.790267944
668.671386719,-138.786972046
668.58605957,-138.794616699
668.58013916,-138.787322998
668.570068359,-138.776947021
668.56829834,-138.77406311
668.649719238,-138.75617981
668.56237793,-138.76574707
668.560058594,-138.766525269
668.558105469,-138.762512207
668.554138184,-138.758026123
668.554138184,-138.75692749
668.640136719,-138.742126465
668.549926758,-138.754974365
668.544372559,-138.746414185
668.542114258,-138.746047974
668.531982422,-138.738067627
668.618713379,-138.710098267
668.614746094,-138.707977295
668.614807129,-138.705657959
668.512145996,-138.711257935
668.612854004,-138.701553345
668.510375977,-138.707229614
668.590576172,-138.657028198
668.588623047,-138.65435791
668.584411621,-138.651123047
668.584594727,-138.647491455
668.580566406,-138.645477295
668.582885742,-138.644622803
668.575500488,-138.629730225
668.577453613,-138.630172729
668.572021484,-138.61819458
668.561706543,-138.584442139
668.559692383,-138.582839966
668.549926758,-138.541870117
668.544799805,-138.525039673
668.543701172,-138.510192871
668.544677734,-138.499359131
668.534667969,-138.46194458
668.536865234,-138.462371826
670.207946777,-139.022201538
670.206054688,-139.01940918
670.202026367,-139.016220093
670.194519043,-139.002502441
670.184692383,-138.987304688
670.180358887,-138.987701416
670.174377441,-138.981674194
670.168334961,-138.973266602
670.142028809,-138.948730469
670.138183594,-138.941940308
670.086242676,-138.884536743
670.084106445,-138.881713867
670.078308105,-138.87449646
670.035583496,-138.837203979
670.035583496,-138.837203979
670.030029297,-138.825134277
670.176086426,-138.794555664
670.178344727,-138.793655396
670.025756836,-138.824310303
670.015563965,-138.813964844
670.017700195,-138.813095093
670.015930176,-138.81036377
670.162109375,-138.779602051
670.162109375,-138.779602051
670.156982422,-138.763870239
669.983886719,-138.774978638
669.979797363,-138.771820068
669.979980469,-138.770629883
669.951477051,-138.744552612
669.949645996,-138.741699219
669.93145752,-138.723648071
669.929260254,-138.720947266
