1465.67700195,359.658721924
1465.6685791,359.66192627
1465.70507812,359.675323486
1465.72216797,359.674041748
1465.70581055,359.680541992
1465.69812012,359.686431885
1466.02941895,359.771484375
1466.04724121,359.775604248
1466.02124023,359.774841309
1466.03991699,359.784057617
1466.05737305,359.785552979
1466.0402832,359.786712646
1466.05895996,359.796081543
1465.99682617,359.78729248
1466.05957031,359.801391602
1466.0423584,359.800048828
1465.94226074,359.764648438
1465.95300293,359.777252197
1465.97998047,359.788482666
1465.97106934,359.786529541
1465.9888916,359.790527344
1465.93359375,359.765197754
1465.93481445,359.773132324
1465.94482422,359.78302002
1464.53356934,359.436065674
1464.5255127,359.436676025
1464.54309082,359.440734863
1464.55200195,359.442810059
1464.64575195,359.497131348
1464.64709473,359.505065918
1464.65649414,359.509643555
1464.64575195,359.497131348
1464.36254883,359.440734863
1464.37304688,359.453277588
1464.36499023,359.459289551
1464.65893555,359.52822876
1464.66003418,359.536071777
1464.75878906,359.563476562
1464.75891113,359.566131592
1466.92504883,360.117156982
1466.95202637,360.123260498
1466.9609375,360.127838135
1466.99645996,360.133300781
1466.99645996,360.133300781
1467.08569336,360.1534729
1467.07751465,360.154052734
1467.07751465,360.154052734
1467.12182617,360.164154053
1465.47753906,359.828186035
1465.47839355,359.833526611
1465.44213867,359.822753906
1465.43359375,359.823303223
1465.42480469,359.821411133
1465.49853516,359.853302002
1465.47229004,359.852508545
1465.54296875,359.863494873
1465.4543457,359.845947266
1465.55175781,359.862884521
1465.56091309,359.867523193
1465.54077148,359.84753418
1465.68371582,359.882537842
1465.70202637,359.889068604
1465.6661377,359.88104248
1465.70202637,359.891723633
1465.66662598,359.883728027
1465.70263672,359.894500732
1465.7286377,359.895233154
1465.64941406,359.885040283
1465.64086914,359.882965088
1465.25048828,359.8074646
1465.28613281,359.815612793
1465.20629883,359.800079346
1465.19763184,359.798095703
1465.18017578,359.796661377
1465.17089844,359.79196167
1465.16210938,359.792602539
1464.95837402,359.751647949
1464.99377441,359.759643555
1465.00280762,359.761657715
1464.86096191,359.732147217
1464.86132812,359.734741211
1464.83496094,359.731262207
1464.89685059,359.742828369
1464.79956055,359.723297119
1464.7635498,359.715240479
1464.65734863,359.693756104
1464.64868164,359.694396973
1464.59594727,359.684844971
1464.59594727,359.684844971
1464.5604248,359.6769104
1464.54284668,359.675476074
1464.51611328,359.669433594
1464.27685547,359.623168945
1464.3034668,359.629058838
1464.0826416,359.586730957
1464.10913086,359.592773438
1464.00268555,359.571258545
1463.9498291,359.561889648
1463.94104004,359.559844971
1463.77270508,359.526885986
1463.78198242,359.528961182
1463.65856934,359.50604248
1463.60510254,359.496520996
1463.59631348,359.494567871
1461.58227539,359.041503906
1461.58300781,359.046813965
1461.58337402,359.052062988
1461.60400391,359.071868896
1461.61450195,359.087097168
1461.62341309,359.089172363
1461.62341309,359.089172363
1463.12817383,359.406585693
1463.1817627,359.418670654
1462.7220459,359.329956055
1462.73095703,359.331970215
1462.71362305,359.330657959
1462.73999023,359.33404541
1463.96984863,359.640350342
1463.98852539,359.649688721
1463.94396973,359.636962891
1463.94458008,359.642303467
1463.99755859,359.654174805
1463.92590332,359.632965088
1463.9173584,359.63092041
1463.91760254,359.633636475
1463.96984863,359.640350342
1464.03259277,359.657104492
1463.90808105,359.62890625
1463.87353516,359.626098633
1461.85766602,359.164978027
1461.83959961,359.163543701
1461.84020996,359.166137695
1461.79614258,359.156158447
1461.4519043,359.088500977
1461.47839355,359.094543457
1461.4519043,359.088500977
1461.28479004,359.058410645
1461.30236816,359.062408447
1461.21411133,359.04498291
1461.19628906,359.040863037
1461.1439209,359.031524658
1461.12658691,359.030151367
1461.07299805,359.015472412
1468.07995605,360.867004395
1468.0090332,360.856018066
1467.93762207,360.839874268
1467.96838379,360.872344971
1467.93347168,360.872192383
1467.87133789,360.857971191
1467.86206055,360.856018066
1467.87988281,360.862792969
1467.84460449,360.854705811
1467.8182373,360.851165771
1467.69775391,360.79574585
1467.6887207,360.793762207
1467.72949219,360.836303711
1467.62695312,360.784942627
1467.65808105,360.820098877
1467.65808105,360.820098877
1467.65844727,360.822814941
1467.59594727,360.811187744
1467.57836914,360.807128906
1467.53857422,360.769989014
1467.4140625,360.74432373
1467.38378906,360.775848389
1467.36657715,360.774505615
1467.3170166,360.730010986
1467.30786133,360.727966309
1467.2545166,360.718444824
1467.03356934,360.683807373
1467.02453613,360.681762695
1467.01281738,360.717498779
1467.00378418,360.715484619
1466.92822266,360.670196533
1466.97741699,360.712005615
1466.93359375,360.704498291
1466.80432129,360.649841309
1466.7076416,360.638122559
1466.69042969,360.636779785
1466.69042969,360.636779785
1466.68725586,360.674346924
1466.69641113,360.679016113
1466.67919922,360.67767334
1466.67028809,360.675628662
1466.67028809,360.675628662
1466.66137695,360.673553467
1466.63500977,360.672790527
1466.46118164,360.60269165
1466.43493652,360.601898193
1466.47705078,360.654907227
1466.45019531,360.646209717
1466.45983887,360.653594971
1466.38903809,360.640014648
1466.30310059,360.584899902
1466.37133789,360.636016846
1466.34619141,360.640563965
1466.2689209,360.584747314
1466.27563477,360.632293701
1466.22436523,360.574707031
1466.21557617,360.575195312
1466.20617676,360.629211426
1466.1361084,360.621063232
1466.05712891,360.613494873
1466.07556152,360.620178223
1465.90979004,360.60559082
1465.84057617,360.605316162
1465.80627441,360.605163574
1465.68249512,360.526000977
1465.65588379,360.522583008
1465.62268066,360.527770996
1465.62463379,360.602386475
1465.48278809,360.513885498
1465.48278809,360.513885498
1465.4486084,360.519012451
1465.42236328,360.515625
1465.53820801,360.598022461
1465.52905273,360.596038818
1465.38793945,360.5128479
1465.3536377,360.512756348
1465.50427246,360.603210449
1465.39257812,360.606018066
1465.36682129,360.605163574
1465.36743164,360.607849121
1465.36767578,360.610473633
1465.00036621,360.511871338
1465.22265625,360.621063232
1464.95800781,360.517608643
1464.93249512,360.51953125
1465.11120605,360.623931885
1464.88037109,360.517852783
1464.87145996,360.515960693
1465.06896973,360.629638672
1465.04467773,360.639465332
1465.00976562,360.639282227
1465.00976562,360.639282227
1464.99267578,360.64050293
1464.98449707,360.641021729
1464.76147461,360.52935791
1464.75244141,360.524749756
1464.97692871,360.647064209
1464.98571777,360.651733398
1464.95019531,360.643585205
1464.72717285,360.529144287
1464.69335938,360.536956787
1464.67578125,360.532897949
1464.9362793,360.663330078
1464.92736816,360.66394043
1464.65307617,360.550567627
1464.63342285,360.53604126
1464.61791992,360.547729492
1464.60827637,360.540557861
1464.5592041,360.5574646
1464.81945801,360.687927246
1464.76879883,360.696929932
1464.2980957,360.597900391
1464.27319336,360.602416992
1464.21398926,360.609405518
1464.24304199,360.631347656
1464.20617676,360.612762451
1464.21679688,360.627868652
