829.354370117,-107.114479065
829.357666016,-107.111839294
829.360717773,-107.110786438
829.357788086,-107.108970642
829.345275879,-107.109016418
829.369873047,-107.116226196
829.342468262,-107.107200623
829.339233398,-107.106880188
829.342651367,-107.105682373
829.339477539,-107.103904724
829.336303711,-107.106506348
829.327331543,-107.099487305
829.321166992,-107.097450256
829.299804688,-107.092018127
829.29675293,-107.094482422
829.296813965,-107.093025208
829.293701172,-107.089775085
829.290649414,-107.089454651
829.306213379,-107.08555603
829.281494141,-107.086898804
829.266357422,-107.080810547
829.263427734,-107.080368042
830.418762207,-107.181343079
830.42175293,-107.181648254
830.425170898,-107.181999207
830.427978516,-107.182472229
830.449707031,-107.184967041
830.449707031,-107.184967041
830.468200684,-107.18572998
830.477478027,-107.186790466
830.483581543,-107.187583923
830.502075195,-107.191238403
830.502075195,-107.191238403
830.533081055,-107.191925049
830.542297363,-107.193016052
830.533081055,-107.191925049
830.600891113,-107.19858551
830.597839355,-107.19670105
830.662597656,-107.20300293
830.681213379,-107.205238342
830.687194824,-107.20589447
830.69354248,-107.205184937
830.696716309,-107.207000732
830.705749512,-107.206687927
830.736816406,-107.208930969
830.755493164,-107.209655762
830.826477051,-107.21661377
830.847961426,-107.217727661
830.857177734,-107.220222473
830.869628906,-107.218818665
830.881896973,-107.220321655
830.931335449,-107.226165771
830.931335449,-107.224739075
831.140136719,-107.20451355
830.74395752,-107.117111206
830.753479004,-107.118095398
830.75378418,-107.115203857
830.756713867,-107.115631104
830.765869141,-107.118133545
830.766052246,-107.115272522
830.768981934,-107.117111206
830.768981934,-107.115623474
830.772155762,-107.114570618
830.775268555,-107.117835999
830.784484863,-107.117469788
830.784423828,-107.116012573
830.784423828,-107.116012573
830.787719727,-107.116340637
830.787658691,-107.117874146
830.787414551,-107.120735168
