653.886413574,-147.718765259
653.88659668,-147.717483521
653.884643555,-147.717071533
653.698608398,-147.675125122
653.694580078,-147.673095703
653.701538086,-147.666061401
653.703674316,-147.666519165
653.705688477,-147.666900635
653.703735352,-147.665283203
653.678100586,-147.669769287
653.718139648,-147.671646118
653.715881348,-147.670120239
653.720092773,-147.670883179
653.721496582,-147.679626465
653.668579102,-147.658248901
653.664428711,-147.657440186
653.740661621,-147.676269531
653.74407959,-147.68421936
653.744934082,-147.675872803
653.746948242,-147.676361084
653.65826416,-147.654968262
653.656311035,-147.653335571
653.65423584,-147.65411377
653.759338379,-147.678848267
653.759216309,-147.679962158
653.759216309,-147.679962158
653.652099609,-147.652542114
653.643798828,-147.652084351
653.764953613,-147.688369751
653.771057129,-147.689620972
653.77520752,-147.690444946
653.773803711,-147.681762695
653.776000977,-147.683334351
653.776062012,-147.682144165
653.77935791,-147.691268921
653.787658691,-147.691772461
653.620361328,-147.655838013
653.618347168,-147.655380249
653.61706543,-147.643188477
653.789672852,-147.693313599
653.789978027,-147.690948486
653.612731934,-147.645889282
653.612976074,-147.643478394
653.608215332,-147.649780273
653.608215332,-147.649780273
653.800720215,-147.689407349
653.800720215,-147.688262939
653.608215332,-147.649780273
653.602722168,-147.64024353
653.598632812,-147.63822937
653.807128906,-147.688278198
653.809020996,-147.688781738
653.810791016,-147.692687988
653.815063477,-147.691177368
653.815063477,-147.691177368
653.589477539,-147.647262573
653.590576172,-147.635375977
653.817321777,-147.690414429
653.816711426,-147.697570801
653.829956055,-147.692825317
653.825073242,-147.700424194
653.825073242,-147.700424194
653.833618164,-147.696121216
653.83380127,-147.69493103
653.83380127,-147.69493103
653.837402344,-147.702865601
653.563659668,-147.627670288
653.561706543,-147.627227783
653.557739258,-147.626373291
653.553466797,-147.625549316
653.542236328,-147.634170532
653.541992188,-147.635391235
653.547241211,-147.624282837
653.534118652,-147.631347656
653.534301758,-147.630096436
653.518554688,-147.616165161
653.506286621,-147.611328125
653.502197266,-147.609283447
653.502197266,-147.609283447
653.497009277,-147.620361328
653.49621582,-147.606842041
653.487854004,-147.606384277
653.482910156,-147.61390686
653.478820801,-147.61416626
653.47442627,-147.613388062
653.481750488,-147.602798462
653.473937988,-147.598815918
653.469787598,-147.597930908
653.469787598,-147.597930908
653.452087402,-147.606460571
653.452087402,-147.605255127
653.461425781,-147.595062256
653.443664551,-147.604919434
653.408508301,-147.574829102
653.402282715,-147.573577881
653.402404785,-147.572341919
653.400390625,-147.570785522
653.398376465,-147.570388794
653.386474609,-147.564361572
653.350036621,-147.570327759
653.34387207,-147.567962646
653.33380127,-147.540527344
653.313598633,-147.55456543
653.311401367,-147.554122925
653.311401367,-147.554122925
653.325683594,-147.536560059
653.323547363,-147.536117554
653.305541992,-147.550598145
653.301269531,-147.54977417
653.319763184,-147.532867432
653.295349121,-147.54498291
653.293273926,-147.545806885
653.291442871,-147.542922974
653.281005859,-147.540893555
653.281311035,-147.539703369
653.279174805,-147.538116455
653.277282715,-147.536560059
653.289489746,-147.517181396
653.261108398,-147.529724121
653.258972168,-147.528045654
653.255065918,-147.527175903
653.244689941,-147.522766113
653.244750977,-147.521682739
653.271789551,-147.506362915
653.263427734,-147.50239563
653.240966797,-147.519546509
653.238952637,-147.519104004
653.228515625,-147.514755249
653.21484375,-147.504699707
653.21496582,-147.503555298
653.213012695,-147.503097534
653.208740234,-147.503509521
653.204589844,-147.50038147
653.198669434,-147.497833252
653.188781738,-147.491043091
653.184692383,-147.490188599
653.182678223,-147.488525391
653.164672852,-147.477783203
653.184509277,-147.44543457
653.180541992,-147.442260742
653.178527832,-147.440704346
653.174560547,-147.437515259
653.164794922,-147.42829895
653.105285645,-147.436904907
653.139892578,-147.401611328
653.085571289,-147.420898438
653.130554199,-147.390014648
653.126708984,-147.385665894
653.062194824,-147.400588989
653.062194824,-147.400588989
653.06036377,-147.398864746
653.110900879,-147.37399292
653.112915039,-147.374526978
653.115234375,-147.371322632
653.109436035,-147.366546631
653.03527832,-147.37109375
653.014099121,-147.348724365
653.006896973,-147.33757019
653.005065918,-147.333602905
653.002868652,-147.333221436
653.003051758,-147.33203125
653.003662109,-147.326095581
652.995727539,-147.320877075
652.982849121,-147.300201416
653.075012207,-147.281173706
653.075012207,-147.281173706
653.077209473,-147.280456543
652.97076416,-147.271194458
652.962341309,-147.248962402
652.96282959,-147.243133545
653.072265625,-147.243255615
653.068725586,-147.23526001
653.073120117,-147.231369019
652.951049805,-147.209350586
652.948791504,-147.189544678
653.07611084,-147.19934082
653.078369141,-147.198501587
653.078491211,-147.195037842
653.083007812,-147.19229126
653.081115723,-147.190612793
653.08581543,-147.184341431
652.948303223,-147.167892456
652.950805664,-147.16583252
653.091369629,-147.169754028
652.946655273,-147.140930176
653.091918945,-147.161529541
652.94921875,-147.136535645
653.094604492,-147.157180786
653.097045898,-147.154098511
652.955749512,-147.108963013
652.958068848,-147.108200073
652.955444336,-147.089599609
652.954223633,-147.080825806
653.130432129,-147.134109497
652.952575684,-147.076904297
652.952819824,-147.074569702
652.944763184,-147.06930542
653.183349609,-147.153091431
653.195739746,-147.15447998
653.197509766,-147.157196045
653.199523926,-147.157669067
653.162231445,-147.082565308
652.91027832,-147.055236816
652.90423584,-147.05279541
652.901977539,-147.0546875
653.168212891,-147.087341309
653.176330566,-147.090194702
653.203918457,-147.159637451
653.207946777,-147.160507202
653.216369629,-147.162078857
652.894104004,-147.049468994
653.19708252,-147.094268799
653.201049805,-147.096313477
653.226318359,-147.167739868
653.22833252,-147.166931152
652.881591797,-147.047073364
652.879394531,-147.046600342
652.86920166,-147.043457031
653.250732422,-147.175109863
653.15838623,-147.056427002
653.160705566,-147.053253174
652.962768555,-147.010177612
652.946289062,-147.00567627
652.847045898,-147.03302002
652.92376709,-146.998748779
653.243469238,-147.114547729
653.243469238,-147.114547729
653.260986328,-147.178283691
652.834655762,-147.031707764
653.000671387,-147.008071899
652.828552246,-147.029220581
652.826538086,-147.027648926
652.868591309,-146.980606079
652.866577148,-146.97895813
653.188232422,-147.028533936
653.188293457,-147.02746582
653.192565918,-147.02583313
653.190795898,-147.024215698
653.311035156,-147.138717651
653.317077637,-147.139968872
653.322998047,-147.144851685
653.195251465,-147.020355225
653.199462891,-147.021102905
653.311767578,-147.198104858
653.317993164,-147.199295044
653.318115234,-147.200515747
653.341552734,-147.149719238
653.199829102,-147.016372681
652.82409668,-146.960784912
652.815917969,-146.958007812
653.32824707,-147.20262146
653.036743164,-146.958526611
653.346618652,-147.209869385
653.348571777,-147.210281372
653.352722168,-147.211090088
653.378051758,-147.165328979
653.379699707,-147.168228149
653.384033203,-147.167831421
653.358825684,-147.214691162
653.36920166,-147.216796875
653.36920166,-147.216796875
653.396179199,-147.172744751
653.213562012,-147.004577637
653.219970703,-147.002319336
653.224487305,-146.999588013
653.375,-147.220413208
653.383422852,-147.223144531
653.224731445,-146.996017456
653.231567383,-146.99130249
653.233581543,-146.991744995
653.407714844,-147.231719971
653.446533203,-147.245498657
653.463623047,-147.19694519
653.473876953,-147.199111938
653.448608398,-147.245941162
653.450683594,-147.246383667
653.454650879,-147.248306274
653.490234375,-147.204742432
653.494445801,-147.205490112
653.497741699,-147.261734009
653.510559082,-147.212387085
653.515808105,-147.269058228
653.534423828,-147.276245117
653.536254883,-147.277923584
653.538146973,-147.278335571
653.538146973,-147.278335571
653.558898926,-147.283660889
653.575683594,-147.23739624
653.562927246,-147.286804199
653.608215332,-147.251144409
653.683654785,-147.277084351
653.677124023,-147.326583862
653.68548584,-147.328186035
653.72479248,-147.291305542
653.701660156,-147.336288452
653.730834961,-147.293762207
653.726196289,-147.345962524
653.757202148,-147.303863525
653.761169434,-147.305923462
653.767028809,-147.310699463
653.769165039,-147.3099823
653.746582031,-147.352508545
653.744445801,-147.353225708
653.77331543,-147.311935425
653.785583496,-147.316833496
653.766845703,-147.360198975
653.773010254,-147.361450195
653.773010254,-147.361450195
653.799804688,-147.322067261
653.803955078,-147.324005127
653.805969238,-147.323287964
653.793640137,-147.370315552
653.834594727,-147.333831787
653.852966309,-147.341094971
653.852966309,-147.341094971
653.854980469,-147.341583252
653.860900879,-147.345153809
653.866943359,-147.348739624
653.857055664,-147.390197754
653.897766113,-147.358535767
653.861022949,-147.392272949
653.860839844,-147.393417358
653.901672363,-147.360549927
653.907714844,-147.362945557
653.924255371,-147.368591309
653.928283691,-147.370666504
653.942565918,-147.374725342
653.914123535,-147.412506104
653.948730469,-147.377151489
653.954833984,-147.379562378
653.9609375,-147.382019043
653.973022461,-147.389205933
653.973205566,-147.386871338
653.977355957,-147.387634277
653.979370117,-147.388046265
653.979248047,-147.389343262
653.979248047,-147.389343262
653.989624023,-147.391372681
653.971069336,-147.43359375
653.973083496,-147.435180664
653.989440918,-147.440826416
654.08972168,-147.429412842
654.063171387,-147.465194702
654.067321777,-147.466049194
654.065185547,-147.466842651
654.097595215,-147.433441162
654.118041992,-147.441223145
654.122253418,-147.442047119
654.089782715,-147.474212646
654.091796875,-147.475799561
654.128234863,-147.445587158
654.14074707,-147.492828369
654.169250488,-147.459854126
654.155090332,-147.499252319
654.157165527,-147.498580933
654.177307129,-147.46270752
654.19354248,-147.469512939
654.195617676,-147.471099854
654.192077637,-147.509124756
654.216003418,-147.478851318
654.23614502,-147.48777771
654.24230957,-147.49017334
654.243286133,-147.52772522
654.247375488,-147.528671265
654.253234863,-147.533309937
654.277038574,-147.503112793
654.26361084,-147.534332275
654.267700195,-147.536300659
654.269714355,-147.537948608
654.297546387,-147.509613037
654.299621582,-147.508895874
654.287963867,-147.545181274
654.303710938,-147.510940552
654.315917969,-147.515716553
654.32232666,-147.5181427
654.334350586,-147.521789551
654.336303711,-147.524612427
654.336547852,-147.522247314
654.290771484,-147.561431885
654.308776855,-147.571121216
654.321228027,-147.574813843
654.323242188,-147.576400757
654.323242188,-147.576400757
654.286560059,-147.560623169
654.375061035,-147.539535522
654.379394531,-147.538040161
654.379394531,-147.538040161
654.335571289,-147.580123901
654.350952148,-147.575759888
654.376098633,-147.576034546
654.378173828,-147.576416016
654.382080078,-147.577331543
654.397949219,-147.540679932
654.386352539,-147.579330444
654.402404785,-147.540237427
654.39440918,-147.583389282
654.396728516,-147.581420898
654.411193848,-147.538299561
654.419555664,-147.537567139
654.430114746,-147.538482666
654.427856445,-147.536880493
654.427307129,-147.593490601
653.951538086,-147.722076416
653.951782227,-147.719741821
653.950012207,-147.714538574
653.948120117,-147.712966919
653.958618164,-147.714996338
653.937316895,-147.71446228
653.937194824,-147.715667725
653.93536377,-147.715179443
653.975158691,-147.71711731
653.931091309,-147.715560913
653.929382324,-147.710403442
653.927307129,-147.711181641
653.924926758,-147.713134766
653.985046387,-147.726394653
653.99597168,-147.720092773
653.999450684,-147.728118896
654.011901855,-147.730560303
654.012573242,-147.723403931
654.014892578,-147.722564697
654.018920898,-147.723480225
654.026611328,-147.73109436
654.02923584,-147.725540161
654.02923584,-147.725540161
654.035583496,-147.725570679
654.039672852,-147.726394653
654.052124023,-147.728927612
654.052185059,-147.727737427
654.058227539,-147.732513428
654.058349609,-147.730209351
654.059936523,-147.73651123
654.097595215,-147.740371704
654.114501953,-147.740188599
654.116821289,-147.737060547
654.11895752,-147.737426758
654.122802734,-147.741775513
654.125244141,-147.737503052
654.127258301,-147.739028931
654.128967285,-147.74307251
654.132995605,-147.745071411
654.143493652,-147.744842529
654.143859863,-147.741226196
654.143737793,-147.742431641
654.147766113,-147.744445801
654.179016113,-147.748275757
654.181213379,-147.747543335
654.178955078,-147.749465942
654.187744141,-147.745193481
654.187744141,-147.74407959
654.192016602,-147.743606567
654.197937012,-147.750778198
654.200683594,-147.744140625
654.246032715,-147.754425049
654.254943848,-147.748962402
654.256958008,-147.750549316
654.257141113,-147.749343872
654.261230469,-147.751296997
654.260681152,-147.754928589
654.265075684,-147.754486084
654.262817383,-147.756546021
654.269165039,-147.75541687
654.269775391,-147.749435425
654.269775391,-147.749435425
654.269775391,-147.749435425
654.27130127,-147.756988525
654.273498535,-147.752670288
654.277709961,-147.755844116
654.275817871,-147.751861572
654.276000977,-147.749542236
654.279846191,-147.753890991
654.279846191,-147.753890991
654.286499023,-147.751571655
654.290344238,-147.753646851
654.29473877,-147.754425049
654.294433594,-147.756790161
654.296691895,-147.753646851
654.29699707,-147.751296997
654.29876709,-147.755264282
654.302856445,-147.754959106
654.306945801,-147.756942749
654.30682373,-147.75932312
654.309143066,-147.757324219
654.313171387,-147.75932312
654.327819824,-147.761032104
654.332275391,-147.757141113
654.332397461,-147.755996704
654.336730957,-147.755569458
654.340881348,-147.75642395
654.342956543,-147.755630493
654.367736816,-147.761856079
654.367736816,-147.761856079
654.373962402,-147.763015747
654.376281738,-147.761047363
654.389526367,-147.756484985
654.407653809,-147.762619019
654.40814209,-147.757781982
654.412353516,-147.761016846
654.41192627,-147.764526367
654.412475586,-147.757537842
