653.76965332,-147.727996826
653.761657715,-147.725128174
653.782592773,-147.725753784
653.786865234,-147.725418091
653.615783691,-147.68270874
653.613830566,-147.681015015
653.613830566,-147.681015015
653.620178223,-147.681182861
653.624511719,-147.678436279
653.618530273,-147.674865723
653.606201172,-147.673446655
653.632568359,-147.684844971
653.63104248,-147.677322388
653.63659668,-147.685684204
653.600036621,-147.671051025
653.593505859,-147.675720215
653.591064453,-147.676589966
653.642822266,-147.685714722
653.587768555,-147.666259766
653.583618164,-147.665374756
653.585693359,-147.664596558
653.577453613,-147.663040161
653.649536133,-147.682250977
653.56652832,-147.669219971
653.66595459,-147.685562134
653.66607666,-147.684402466
653.67010498,-147.687530518
653.674377441,-147.687164307
653.682678223,-147.688873291
653.688659668,-147.691238403
653.690795898,-147.691635132
653.533447266,-147.661392212
653.532226562,-147.651565552
653.69708252,-147.692901611
653.696655273,-147.697662354
653.699035645,-147.693283081
653.700744629,-147.697265625
653.701171875,-147.693740845
653.519165039,-147.657272339
653.519165039,-147.657272339
653.528259277,-147.64944458
653.526306152,-147.649017334
653.522216797,-147.647109985
653.485046387,-147.638381958
653.466674805,-147.631164551
653.453308105,-147.639389038
653.414245605,-147.627868652
653.409240723,-147.612487793
653.409240723,-147.612487793
653.402160645,-147.621932983
653.402160645,-147.621932983
653.403076172,-147.612350464
653.393981934,-147.620178223
653.389831543,-147.619400024
653.388916016,-147.605911255
653.385620117,-147.617431641
653.383728027,-147.616958618
653.38079834,-147.603088379
653.374694824,-147.600616455
653.368469238,-147.598251343
653.349975586,-147.593353271
653.348205566,-147.590484619
653.343994141,-147.589736938
653.324401855,-147.597854614
653.324401855,-147.597854614
653.324401855,-147.597854614
653.313720703,-147.576324463
653.309570312,-147.575561523
653.305664062,-147.573608398
653.301330566,-147.572738647
653.301513672,-147.571533203
653.295410156,-147.569137573
653.291320801,-147.567138672
653.274902344,-147.561386108
653.26739502,-147.576782227
653.264953613,-147.555786133
653.251037598,-147.569961548
653.258850098,-147.554504395
653.244689941,-147.546951294
653.236694336,-147.542861938
653.224731445,-147.536865234
653.206604004,-147.550170898
653.210510254,-147.529281616
653.198425293,-147.547317505
653.206604004,-147.527145386
653.198303223,-147.524337769
653.188171387,-147.542785645
653.188537598,-147.51751709
653.166015625,-147.532394409
653.135986328,-147.516708374
653.152404785,-147.497024536
653.1484375,-147.495025635
653.146484375,-147.493423462
653.142456055,-147.491409302
653.128173828,-147.48500061
653.130493164,-147.484222412
653.128356934,-147.483795166
653.113769531,-147.505020142
653.109619141,-147.504226685
653.122619629,-147.479019165
653.095581055,-147.496612549
653.096740723,-147.460632324
653.067565918,-147.48008728
653.092834473,-147.457382202
653.051696777,-147.470870972
653.047851562,-147.466522217
653.047851562,-147.466522217
653.047790527,-147.467666626
653.026000977,-147.453659058
653.022094727,-147.449279785
653.015930176,-147.446884155
653.013916016,-147.445220947
653.012084961,-147.44367981
653.053527832,-147.426635742
653.051635742,-147.425018311
653.047790527,-147.420623779
653.010253906,-147.440811157
653.004394531,-147.436096191
652.99621582,-147.432052612
653.035827637,-147.412261963
652.994628906,-147.426864624
652.990356445,-147.427261353
653.034423828,-147.405838013
653.028625488,-147.401016235
653.028564453,-147.399978638
653.020812988,-147.392242432
653.011047363,-147.384292603
653.007507324,-147.377502441
653.005432129,-147.375976562
652.956970215,-147.401245117
652.956970215,-147.401245117
652.947631836,-147.388427734
652.990112305,-147.36076355
652.943786621,-147.385299683
652.935668945,-147.38130188
652.935913086,-147.380020142
652.99029541,-147.357223511
652.992431641,-147.356445312
652.990661621,-147.353668213
652.92779541,-147.372543335
652.92779541,-147.372543335
652.926147461,-147.3697052
652.902954102,-147.345809937
652.895446777,-147.337036133
652.893493652,-147.335418701
652.893493652,-147.334213257
652.961364746,-147.304382324
652.965698242,-147.302841187
652.959716797,-147.30039978
652.959838867,-147.299194336
652.874938965,-147.307571411
652.958312988,-147.291702271
652.867492676,-147.297637939
652.956420898,-147.290115356
652.958740234,-147.28817749
652.864135742,-147.287246704
652.862060547,-147.286987305
652.954223633,-147.26789856
652.855102539,-147.271057129
652.853088379,-147.270599365
652.95300293,-147.258041382
652.84979248,-147.261566162
652.951293945,-147.254043579
652.953918457,-147.248565674
652.846191406,-147.252471924
652.954040527,-147.24508667
652.952331543,-147.2421875
652.952758789,-147.237533569
652.950744629,-147.235870361
652.953674316,-147.228042603
652.955810547,-147.204269409
652.955993652,-147.200744629
652.832092285,-147.198898315
652.836730957,-147.194992065
652.832763672,-147.193008423
652.95892334,-147.191665649
652.831115723,-147.186660767
652.831237793,-147.185455322
652.957458496,-147.185348511
652.832519531,-147.172454834
652.834899902,-147.169342041
652.832824707,-147.170013428
652.830749512,-147.168518066
652.962402344,-147.177886963
652.964355469,-147.178192139
652.960449219,-147.175003052
652.970092773,-147.161239624
652.830383301,-147.147872925
652.832763672,-147.143554688
652.831481934,-147.137207031
652.83581543,-147.134490967
652.835998535,-147.132110596
652.977661133,-147.147109985
652.984802246,-147.137741089
652.987365723,-147.134506226
652.985290527,-147.132980347
652.985412598,-147.130584717
652.992736816,-147.121139526
652.837768555,-147.090209961
652.837768555,-147.090209961
652.990905762,-147.116012573
652.995117188,-147.119171143
652.995483398,-147.115539551
652.99822998,-147.106521606
653.006835938,-147.103408813
652.845458984,-147.07484436
652.84564209,-147.073608398
652.851989746,-147.048370361
652.852233887,-147.046020508
652.852233887,-147.046020508
653.042297363,-147.106964111
653.046447754,-147.107696533
653.046447754,-147.107696533
653.06237793,-147.116912842
652.827514648,-147.018188477
653.086975098,-147.125457764
653.084716797,-147.126266479
653.090820312,-147.128631592
653.099121094,-147.130264282
653.098571777,-147.066253662
653.108764648,-147.069442749
653.108886719,-147.068283081
652.889831543,-146.977539062
653.139526367,-147.080322266
653.141967773,-147.144866943
653.141967773,-147.146102905
653.145324707,-147.085144043
653.143981934,-147.146530151
652.833190918,-146.954177856
653.155578613,-147.0884552
653.157409668,-147.091125488
653.086181641,-147.016677856
652.922851562,-146.962402344
652.80859375,-146.946868896
653.099182129,-147.011993408
653.172058105,-147.160568237
653.178222656,-147.161819458
653.197753906,-147.10774231
653.114685059,-147.004211426
653.218444824,-147.11428833
653.230407715,-147.121551514
653.119262695,-147.000335693
653.123352051,-147.001174927
653.216918945,-147.17791748
653.222839355,-147.181518555
653.245239258,-147.189651489
653.263671875,-147.194519043
653.152832031,-146.979309082
653.149169922,-146.970077515
653.151306152,-146.970504761
653.152954102,-146.973327637
653.297302246,-147.149353027
653.303344727,-147.152938843
653.317382812,-147.159362793
653.308105469,-147.215499878
653.351928711,-147.174713135
653.322387695,-147.220794678
653.324584961,-147.219970703
653.420288086,-147.208908081
653.387512207,-147.247009277
653.449279785,-147.215789795
653.471191406,-147.228668213
653.483337402,-147.234695435
653.487609863,-147.233169556
653.487609863,-147.233169556
653.448425293,-147.271316528
653.460632324,-147.274856567
653.491455078,-147.237548828
653.46270752,-147.276504517
653.47265625,-147.280960083
653.50378418,-147.241271973
653.480834961,-147.284942627
653.542297363,-147.257415771
653.501037598,-147.295074463
653.550354004,-147.262542725
653.56451416,-147.267929077
653.564453125,-147.269042969
653.56652832,-147.26940918
653.529418945,-147.307983398
653.591064453,-147.277954102
653.570495605,-147.320907593
653.582458496,-147.328170776
653.625427246,-147.293304443
653.643737793,-147.301757812
653.616882324,-147.343490601
653.620910645,-147.344329834
653.624816895,-147.347518921
653.653991699,-147.303878784
653.661987305,-147.307876587
653.678039551,-147.317108154
653.678039551,-147.317108154
653.702453613,-147.326797485
653.714660645,-147.332809448
653.718505859,-147.335998535
653.696044922,-147.376312256
653.726623535,-147.338928223
653.740966797,-147.344161987
653.720397949,-147.385940552
653.787475586,-147.365493774
653.807800293,-147.37437439
653.785339355,-147.412216187
653.787353516,-147.414978027
653.816040039,-147.377288818
653.816040039,-147.377288818
653.816040039,-147.377288818
653.799682617,-147.418655396
653.799438477,-147.421066284
653.82208252,-147.427932739
653.834411621,-147.430526733
653.838195801,-147.434814453
653.852172852,-147.44241333
653.856323242,-147.444442749
653.868530273,-147.449325562
653.901184082,-147.461853027
653.905273438,-147.462722778
653.962219238,-147.440124512
653.974365234,-147.445083618
653.956176758,-147.483734131
653.986633301,-147.451141357
653.968261719,-147.488586426
653.996582031,-147.455596924
654.000732422,-147.457565308
654.004577637,-147.460830688
654.020935059,-147.466400146
653.994689941,-147.499908447
654.039306641,-147.473709106
654.059448242,-147.482681274
654.065612793,-147.485122681
654.039428711,-147.517303467
654.060241699,-147.522628784
654.060058594,-147.523834229
654.063903809,-147.527053833
654.076171875,-147.531860352
654.116210938,-147.508514404
654.07824707,-147.532302856
654.082275391,-147.534332275
654.134521484,-147.516952515
654.144714355,-147.520263672
654.152709961,-147.525405884
654.167114258,-147.530639648
654.191467285,-147.540359497
654.195251465,-147.543640137
654.19354248,-147.540786743
654.203308105,-147.548812866
654.205322266,-147.54927063
654.209655762,-147.548843384
654.223815918,-147.554138184
654.15625,-147.579330444
654.156066895,-147.581680298
654.153869629,-147.581283569
654.151916504,-147.579650879
654.194763184,-147.596679688
654.149963379,-147.579284668
654.20501709,-147.598693848
654.20501709,-147.598693848
654.273864746,-147.562835693
654.26763916,-147.608795166
654.279968262,-147.562988281
654.286560059,-147.560623169
654.290710449,-147.56262207
654.273681641,-147.612411499
654.277648926,-147.614425659
654.290771484,-147.561431885
654.297241211,-147.561508179
654.297241211,-147.561508179
654.283752441,-147.615753174
654.285766602,-147.61730957
654.287841797,-147.617660522
654.319152832,-147.598602295
654.32244873,-147.584701538
654.321411133,-147.596557617
654.328857422,-147.582336426
654.323425293,-147.598175049
654.323425293,-147.598175049
654.370117188,-147.618453979
654.376098633,-147.620742798
654.36315918,-147.649581909
654.367370605,-147.650375366
654.371276855,-147.652450562
654.406677246,-147.634140015
654.416748047,-147.63973999
654.418884277,-147.640136719
654.422973633,-147.641098022
654.399597168,-147.665374756
654.41796875,-147.673828125
653.824829102,-147.724533081
653.819030762,-147.719711304
653.825439453,-147.718536377
653.825439453,-147.718536377
653.819274902,-147.717422485
653.817138672,-147.716964722
653.812866211,-147.71723938
653.852478027,-147.721679688
653.856567383,-147.722396851
653.860107422,-147.729248047
653.862304688,-147.730728149
653.864318848,-147.731262207
653.868774414,-147.728515625
653.87298584,-147.728179932
653.877563477,-147.725357056
653.879455566,-147.726989746
653.881225586,-147.729782104
653.887390137,-147.732208252
653.887695312,-147.728652954
653.889404297,-147.73387146
653.897399902,-147.735534668
653.906311035,-147.734771729
653.90435791,-147.731948853
653.912109375,-147.737197876
653.914367676,-147.736343384
653.916442871,-147.737976074
653.916503906,-147.735641479
653.921020508,-147.734130859
653.931152344,-147.738525391
653.929443359,-147.734542847
653.933349609,-147.737823486
653.935180664,-147.739379883
653.937683105,-147.737442017
653.955932617,-147.744689941
653.982849121,-147.748947144
653.989624023,-147.744247437
653.997497559,-147.750610352
653.99597168,-147.744232178
654.002319336,-147.744247437
654.005981445,-147.751037598
654.012451172,-147.748733521
654.012695312,-147.746398926
654.014404297,-147.749160767
654.016418457,-147.750808716
654.018859863,-147.747665405
654.022583008,-147.752029419
654.024902344,-147.750061035
654.024719238,-147.752456665
654.033081055,-147.754104614
654.03515625,-147.754501343
654.035217285,-147.753326416
654.039306641,-147.754180908
654.041381836,-147.754501343
654.045715332,-147.754241943
654.050170898,-147.751464844
654.052368164,-147.75062561
654.054321289,-147.752304077
654.058166504,-147.756652832
654.058227539,-147.755477905
654.056518555,-147.751541138
654.06048584,-147.753585815
654.05871582,-147.750808716
654.06652832,-147.757125854
654.070983887,-147.752075195
654.075195312,-147.754074097
654.077270508,-147.754486084
654.083435059,-147.755783081
654.083679199,-147.753372192
654.081115723,-147.758895874
654.083251953,-147.758056641
654.089294434,-147.761764526
654.09362793,-147.761383057
654.100158691,-147.758972168
654.103942871,-147.762237549
654.102416992,-147.757095337
654.131164551,-147.76411438
654.131164551,-147.76411438
654.18182373,-147.763336182
654.198120117,-147.77142334
654.198120117,-147.77142334
654.200378418,-147.769454956
654.206787109,-147.767089844
654.206970215,-147.765914917
654.213439941,-147.766021729
654.213439941,-147.766021729
654.213439941,-147.766021729
654.217346191,-147.766815186
654.219543457,-147.766036987
654.232116699,-147.767379761
654.235778809,-147.775299072
654.23626709,-147.76940918
654.237976074,-147.774475098
654.239990234,-147.773788452
654.244567871,-147.771057129
654.244873047,-147.768630981
654.249084473,-147.768341064
654.259460449,-147.769226074
654.263000488,-147.777084351
654.267333984,-147.776763916
654.261474609,-147.769622803
654.311218262,-147.77961731
654.311462402,-147.776046753
654.311767578,-147.773681641
654.311828613,-147.772460938
654.311828613,-147.772460938
654.32409668,-147.778503418
654.322509766,-147.773345947
654.32598877,-147.780075073
654.326477051,-147.776535034
654.332580566,-147.778991699
654.332580566,-147.778991699
654.336791992,-147.777374268
654.336914062,-147.774963379
654.339172363,-147.774246216
654.349060059,-147.782318115
654.349060059,-147.782318115
654.351745605,-147.775588989
654.354003906,-147.775909424
654.357910156,-147.777954102
654.362060547,-147.778778076
654.363952637,-147.78276062
654.364074707,-147.780410767
654.366333008,-147.778381348
654.368286133,-147.779998779
654.370361328,-147.77923584
654.372314453,-147.780883789
654.374755859,-147.777709961
654.378479004,-147.783279419
654.377197266,-147.775726318
654.379272461,-147.776168823
654.385131836,-147.780914307
654.383300781,-147.778167725
654.386962891,-147.783737183
654.387268066,-147.781402588
654.389587402,-147.778182983
654.391540527,-147.778610229
654.395446777,-147.781845093
654.395446777,-147.781845093
654.393798828,-147.777893066
654.393981934,-147.776687622
654.403747559,-147.783538818
654.403625488,-147.784667969
654.40612793,-147.780349731
654.40637207,-147.777984619
654.41015625,-147.781234741
654.408325195,-147.779663086
