1106.79467773,139.077178955
1106.79980469,139.077789307
1107.20861816,139.142150879
1107.20849609,139.143997192
1107.21911621,139.14704895
1107.22412109,139.145767212
1107.23974609,139.145629883
1107.23974609,139.147491455
1107.23999023,139.1512146
1107.2611084,139.155395508
1107.27111816,139.156616211
1107.27648926,139.160903931
1107.28686523,139.160140991
1107.2869873,139.162033081
1107.2869873,139.167755127
1107.30224609,139.16192627
1105.078125,138.912368774
1105.07299805,138.913742065
1104.63085938,138.871856689
1104.63598633,138.872497559
1104.63598633,138.872497559
1104.64086914,138.873138428
1104.64086914,138.873138428
1104.61035156,138.873458862
1104.59985352,138.874130249
1104.58972168,138.873031616
1107.03381348,139.139541626
1107.03393555,139.141403198
1107.02844238,139.140884399
1107.12695312,139.149978638
1107.12683105,139.151809692
1107.1472168,139.15411377
1107.17871094,139.155639648
1107.1940918,139.159255981
1107.20935059,139.159118652
1107.328125,139.172348022
1107.33874512,139.173538208
1106.90466309,139.127059937
1106.90979004,139.127655029
1106.92529297,139.129302979
1104.54321289,138.871704102
1104.52319336,138.874938965
1104.50769043,138.871444702
1105.62182617,139.038635254
1105.64770508,139.041549683
1104.5291748,139.153305054
1104.53942871,139.15637207
1104.52941895,139.159011841
1104.53442383,139.159545898
1104.54980469,139.157485962
1104.53955078,139.161987305
1104.49841309,139.151748657
1104.56005859,139.16242981
1104.58068848,139.162826538
1104.48803711,139.150527954
1104.47277832,139.148895264
1104.47814941,139.162734985
1104.58605957,139.1690979
1104.59130859,139.171524048
1104.60107422,139.167007446
1104.6015625,139.174545288
1104.6015625,139.174545288
1104.62731934,139.175582886
1104.63769531,139.176757812
1104.63208008,139.166702271
1104.6427002,139.177200317
1104.41125488,139.153320312
1104.39599609,139.151596069
1104.39074707,139.152877808
1104.38513184,139.146713257
1104.70410156,139.178482056
1104.70410156,139.178482056
1104.70410156,139.178482056
1104.70410156,139.174697876
1104.36975098,139.143066406
1104.73010254,139.187103271
1104.34460449,139.149658203
1104.3182373,139.135452271
1104.3079834,139.138122559
1104.7454834,139.185012817
1104.75061035,139.185577393
1104.73999023,139.176864624
1104.30334473,139.144989014
1104.28808594,139.141372681
1104.27746582,139.138305664
1104.76599121,139.181610107
1104.76599121,139.181610107
1104.79211426,139.19392395
1104.26733398,139.14100647
1104.2623291,139.140411377
1104.26171875,139.132965088
1104.26171875,139.130966187
1104.2565918,139.130371094
1104.7923584,139.195770264
1104.80236816,139.196960449
1104.2364502,139.133728027
1104.23608398,139.131958008
1104.23095703,139.127532959
1104.84350586,139.201629639
1104.22595215,139.126922607
1104.21557617,139.129592896
1104.22058105,139.126373291
1104.22119141,139.137710571
1104.20007324,139.124145508
1104.85327148,139.191421509
1104.85327148,139.191421509
1104.86889648,139.193115234
1104.19555664,139.136734009
1104.88952637,139.197357178
1104.88476562,139.206161499
1104.89001465,139.204818726
1104.88989258,139.206726074
1104.18017578,139.134994507
1104.16442871,139.13142395
1104.16442871,139.13142395
1104.14868164,139.120254517
1104.14379883,139.119689941
1104.90002441,139.204086304
1104.90527344,139.204605103
1104.90026855,139.207855225
1104.11328125,139.127548218
1104.94152832,139.210586548
1104.09790039,139.123962402
1104.08215332,139.118423462
1104.07739258,139.127334595
1104.08215332,139.114685059
1104.94641113,139.211151123
1104.94641113,139.211151123
1104.94641113,139.211151123
1104.95129395,139.202331543
1104.94592285,139.199783325
1104.9510498,139.200424194
1104.9510498,139.200424194
1104.06726074,139.12612915
1104.99804688,139.211288452
1105.00292969,139.213760376
1105.00268555,139.209991455
1104.03076172,139.110794067
1104.0255127,139.110305786
1105.00292969,139.20803833
1105.0135498,139.220565796
1105.02368164,139.221618652
1105.02880859,139.222213745
1105.04418945,139.225860596
1105.04931641,139.220779419
1105.05480957,139.22315979
1105.05480957,139.221298218
1105.04919434,139.213226318
1105.07519531,139.229232788
1105.06982422,139.219207764
1103.9642334,139.114715576
1105.0904541,139.217803955
1105.09545898,139.220291138
1105.11669922,139.235839844
1103.95910645,139.1121521
1103.95410156,139.115371704
1103.95422363,139.119171143
1103.96398926,139.109008789
1103.9486084,139.109146118
1103.95373535,139.105957031
1103.91259766,139.107070923
1105.15222168,139.2265625
1105.15722656,139.2290802
1105.17285156,139.232650757
1105.15783691,139.242233276
1103.90759277,139.102645874
1103.88244629,139.113021851
1103.87731934,139.108688354
1103.87182617,139.106140137
1103.87219238,139.109985352
1105.18823242,139.230606079
1105.19348145,139.234985352
1103.8560791,139.100708008
1105.20898438,139.234832764
1105.20898438,139.234832764
1105.20898438,139.234832764
1105.21472168,139.24861145
1105.22460938,139.246047974
1103.82543945,139.099243164
1103.83081055,139.107345581
1103.82580566,139.104827881
1105.23486328,139.247161865
1105.23510742,139.249008179
1105.25061035,139.250762939
1103.81542969,139.10748291
1103.80517578,139.104415894
1103.79516602,139.105133057
1103.79504395,139.107055664
1105.26586914,139.246765137
1105.27624512,139.253601074
1105.27612305,139.246109009
1103.7689209,139.094818115
1105.30737305,139.257080078
1105.30737305,139.25894165
1105.31274414,139.261367798
1105.35375977,139.266021729
1103.68188477,139.0887146
1103.67663574,139.088226318
1105.39501953,139.274383545
1105.41064453,139.277984619
1105.4107666,139.279907227
1105.41516113,139.263504028
1103.65612793,139.087814331
1103.65625,139.091598511
1103.65087891,139.087219238
1103.65087891,139.087219238
1103.65100098,139.089157104
1105.42651367,139.281555176
1105.43139648,139.282150269
1105.43139648,139.282150269
1103.66162109,139.097732544
1103.66137695,139.099655151
1103.66674805,139.100219727
1103.64123535,139.099182129
1103.62585449,139.097579956
1103.61560059,139.096343994
1103.60510254,139.089630127
1103.59997559,139.087097168
1105.50390625,139.295883179
1103.54870605,139.088897705
1103.54870605,139.083282471
1103.53857422,139.083892822
1103.53857422,139.085830688
1103.52807617,139.081039429
1105.54492188,139.302429199
1105.54492188,139.302429199
1105.59118652,139.301864624
1105.61694336,139.297180176
1105.61206055,139.304199219
1105.61218262,139.311691284
1105.61730957,139.314300537
1105.63269043,139.312225342
1105.64306641,139.311477661
1105.64807129,139.310180664
1105.66369629,139.315628052
1105.66369629,139.313690186
1105.66833496,139.30670166
1105.68493652,139.327362061
1105.70019531,139.329147339
1105.70996094,139.315093994
1105.71496582,139.313781738
1105.74597168,139.319213867
1105.7467041,139.339935303
1105.7923584,139.328140259
1105.8449707,139.360336304
1105.85974121,139.343154907
1105.95385742,139.383743286
1106.04101562,139.378463745
1106.04699707,139.401596069
1106.05651855,139.383865356
1106.07189941,139.385665894
1106.06774902,139.409606934
1106.09387207,139.416290283
1106.11364746,139.39781189
1106.11865234,139.396514893
1106.11877441,139.398376465
1106.12390137,139.398910522
1106.14038086,139.427062988
1106.15625,139.430648804
1106.16137695,139.431274414
1106.17163086,139.434295654
1106.1965332,139.416442871
1106.19641113,139.412643433
1106.1965332,139.416442871
1106.20178223,139.418838501
1106.18212891,139.43737793
1106.18713379,139.437866211
1106.18713379,139.437866211
1106.20690918,139.41758728
1106.20288086,139.441619873
1106.24438477,139.45362854
1106.3314209,139.446517944
1106.31188965,139.472518921
1106.39501953,139.496826172
1106.42480469,139.47013855
1106.5390625,139.501678467
1106.53393555,139.504867554
1106.51477051,139.532775879
1106.57043457,139.510803223
1106.58093262,139.517608643
1106.58044434,139.511962891
1106.59619141,139.517471313
1106.57177734,139.546646118
1106.58239746,139.551559448
1106.61376953,139.56262207
1106.62402344,139.563659668
1106.61889648,139.565078735
1106.62414551,139.567520142
1106.65905762,139.537536621
1106.70056152,139.549728394
1106.72119141,139.557723999
1106.77868652,139.577377319
1106.79406738,139.579025269
1106.79406738,139.579025269
1106.75463867,139.61781311
1106.80981445,139.58644104
1106.83093262,139.59437561
1106.83068848,139.592483521
1106.81188965,139.633590698
1106.8170166,139.636077881
1106.81713867,139.637939453
1106.83813477,139.649703979
1106.89868164,139.616973877
1106.90368652,139.617599487
1106.85913086,139.657623291
1106.94042969,139.634872437
1106.94042969,139.634872437
1106.94555664,139.633499146
1106.94555664,139.633499146
1106.89562988,139.671142578
1106.90612793,139.67805481
1106.98706055,139.647613525
1106.99230957,139.650100708
1106.94787598,139.693939209
1106.96362305,139.697601318
1106.97375488,139.700668335
1106.99511719,139.716156006
1107.1809082,139.72946167
1107.08422852,139.759963989
1107.1965332,139.732971191
1107.21740723,139.739105225
1107.12097168,139.77911377
1107.1262207,139.781585693
1107.21704102,139.741027832
1107.1472168,139.795211792
1107.15283203,139.795837402
1107.34301758,139.796401978
1107.34313965,139.800216675
1107.34838867,139.800811768
1107.25256348,139.85597229
1107.26342773,139.864639282
1107.42724609,139.841537476
1107.43249512,139.844039917
1107.48535156,139.872497559
1107.3848877,139.944107056
1107.40112305,139.957138062
1107.41149902,139.962097168
1107.43823242,139.98576355
1107.34570312,139.992355347
1107.33044434,139.990570068
1107.29394531,139.986572266
1107.36401367,140.069656372
1107.35913086,140.07093811
1107.37475586,140.072723389
1107.47314453,140.083724976
1107.46276855,140.084457397
1107.23168945,139.973968506
1107.21606445,139.970367432
1107.3795166,140.073257446
1107.38525391,140.075744629
1107.48864746,140.089309692
1107.26611328,140.058685303
1107.13354492,139.96105957
1107.16259766,140.043289185
1107.13354492,139.95916748
1107.11828613,139.957473755
1107.04052734,139.950637817
1107.07995605,140.03213501
1107.03308105,140.025085449
1107.02282715,140.023925781
1106.99890137,139.944152832
1106.98876953,139.942932129
1106.98681641,140.021697998
1106.93200684,139.93081665
1106.83862305,139.920516968
1106.79760742,139.917739868
1106.81079102,139.996353149
1106.7869873,139.914672852
1106.74853516,139.985580444
1106.74853516,139.985580444
1106.72460938,139.902130127
1106.70397949,139.899841309
1106.6472168,139.891571045
1106.62182617,139.892364502
1106.5625,139.957199097
1106.56481934,139.884094238
1106.47473145,139.947433472
1106.47473145,139.947433472
1106.46923828,139.946807861
1106.39685059,139.93309021
1106.38171387,139.933227539
1106.41479492,139.863647461
1106.40966797,139.861114502
1106.3762207,139.928894043
1106.34033203,139.926605225
1106.33227539,139.85055542
1106.25463867,139.840026855
1106.24438477,139.840805054
1106.23901367,139.838241577
1106.23681641,139.909469604
1106.21643066,139.908981323
1106.18237305,139.830093384
1106.12341309,139.896697998
1106.11816406,139.896118164
1106.06640625,139.88861084
1105.99389648,139.872879028
1105.99389648,139.872879028
1106.03259277,139.809524536
1106.01721191,139.807815552
1105.96826172,139.871765137
1105.95275879,139.870117188
1105.99633789,139.803573608
1105.93688965,139.858978271
1105.93188477,139.860275269
1105.95495605,139.797103882
1105.890625,139.857543945
1105.88793945,139.791427612
1105.87268066,139.789733887
1105.84667969,139.78503418
1105.7668457,139.845535278
1105.7668457,139.845535278
1105.77954102,139.773666382
1105.72290039,139.77116394
1105.72290039,139.77116394
1105.73303223,139.766586304
1105.50878906,139.8072052
1105.4777832,139.803710938
1105.4440918,139.726760864
1105.42333984,139.724441528
1105.35131836,139.714416504
1105.31518555,139.710418701
1105.2479248,139.699111938
1105.19396973,139.762512207
1105.17333984,139.758392334
1105.12182617,139.750701904
1105.08544922,139.746704102
1105.08557129,139.744781494
1105.08288574,139.678817749
1105.06225586,139.672744751
1104.9876709,139.730102539
1104.99523926,139.663299561
1104.96972656,139.666122437
1104.96179199,139.72718811
1104.93103027,139.723648071
1104.96435547,139.663726807
1104.95910645,139.661178589
1104.93347168,139.656417847
1104.91552734,139.721984863
1104.91040039,139.719558716
1104.9230957,139.653442383
1104.84326172,139.710113525
1104.83044434,139.641098022
1104.80175781,139.699890137
1104.79150391,139.700531006
1104.79711914,139.704986572
1104.78125,139.699432373
1104.77893066,139.633468628
1104.77392578,139.632843018
1104.77111816,139.700180054
1104.64746094,139.680618286
1104.59594727,139.674865723
1104.56530762,139.671417236
1104.5390625,139.664810181
1104.51599121,139.596496582
1104.49291992,139.661499023
1104.44104004,139.651992798
1104.40515137,139.645996094
1104.38964844,139.642456055
1104.35620117,139.574935913
1104.3380127,139.630981445
1104.31506348,139.572189331
1104.31506348,139.5703125
1104.28125,139.622756958
1104.26586914,139.624816895
1104.25561523,139.619888306
1104.16296387,139.609512329
1104.13208008,139.606170654
1104.18115234,139.549606323
1104.15563965,139.548660278
1104.12182617,139.604919434
1104.13500977,139.54637146
1104.12451172,139.543334961
1104.09350586,139.539916992
1104.08349609,139.542526245
1104.07824707,139.538131714
1104.04211426,139.530303955
1104.01879883,139.589584351
1104.0135498,139.589080811
1104.02172852,139.528045654
1104.0213623,139.5262146
1104.01135254,139.528747559
1103.99609375,139.523284912
1103.9699707,139.520507812
1103.92919922,139.517669678
1103.92895508,139.515777588
1103.93652344,139.576629639
1103.92089844,139.573028564
1103.91894531,139.51461792
1103.90332031,139.511032104
1103.87988281,139.568450928
1103.79492188,139.495178223
1103.74609375,139.549728394
1103.75915527,139.489242554
1103.73571777,139.548568726
1103.71508789,139.540542603
1103.71508789,139.54246521
1103.73754883,139.470062256
1103.68933105,139.539627075
1103.72253418,139.470123291
1103.7479248,139.46546936
1103.74255371,139.461227417
1103.75268555,139.462371826
1103.64331055,139.534393311
1103.62756348,139.530853271
1103.61230469,139.530944824
1103.65478516,139.441970825
1103.54541016,139.519714355
1103.5982666,139.433792114
1103.5880127,139.434509277
