1637.81713867,598.021789551
1637.79504395,598.017272949
1637.78369141,598.013549805
1637.78369141,598.013549805
1637.87451172,598.041137695
1637.87451172,598.041137695
1637.87524414,598.044555664
1637.88549805,598.04486084
1637.92114258,598.059997559
1637.94274902,598.06451416
1637.9552002,598.071655273
1638.0456543,598.099487305
1638.06860352,598.10723877
1638.20556641,598.153930664
1638.21765137,598.161071777
1638.17199707,598.145446777
1638.27416992,598.177124023
1638.30895996,598.192016602
1638.33215332,598.200012207
1638.34277344,598.200561523
1635.9519043,597.451049805
1635.96606445,597.464660645
1635.98803711,597.469177246
1636.01147461,597.480285645
1635.88598633,597.43762207
1635.88598633,597.43762207
1635.97045898,597.484619141
1635.98193359,597.488342285
1636.03295898,597.484619141
1635.94775391,597.476867676
1635.86218262,597.426513672
1635.83947754,597.418884277
1635.81665039,597.411193848
1635.90283203,597.464538574
1635.94812012,597.480041504
1635.9251709,597.472351074
1635.91418457,597.46862793
1635.90356445,597.467956543
1635.80529785,597.407165527
1635.86828613,597.452941895
1635.0423584,597.144287109
1635.05737305,597.164611816
1636.27368164,597.569458008
1636.28552246,597.576599121
1636.29650879,597.577209473
1636.25244141,597.56829834
1636.3190918,597.585021973
1636.22912598,597.560668945
1636.19592285,597.552185059
1636.17138672,597.537963867
1635.7109375,597.405334473
1635.70031738,597.404968262
1635.67749023,597.397155762
1635.66601562,597.393127441
1635.7677002,597.424804688
1635.7677002,597.424804688
1635.59851074,597.373291016
1635.57653809,597.368835449
1635.56445312,597.36505127
1635.40722656,597.317260742
1635.3963623,597.316650391
1634.04638672,597.006164551
1633.97973633,596.989746094
1633.95629883,596.97869873
1633.88916016,596.958679199
1629.98730469,595.66986084
1629.9786377,595.67590332
1629.93518066,595.667053223
1629.90087891,595.655578613
1629.90087891,595.655578613
1629.89123535,595.658447266
1629.88049316,595.657714844
1629.85986328,595.656616211
1629.73718262,595.624206543
1629.76013184,595.631896973
1629.76098633,595.635070801
1629.7713623,595.635742188
1629.7722168,595.638977051
1638.48522949,598.901794434
1638.35070801,598.86517334
1638.4979248,598.954833984
1638.29382324,598.848937988
1638.29382324,598.848937988
1638.31811523,598.905883789
1638.23925781,598.839477539
1638.20581055,598.831054688
1638.12658691,598.807067871
1638.12658691,598.807067871
1638.08239746,598.798095703
1637.95788574,598.758728027
1637.92468262,598.750427246
1637.86877441,598.737670898
1637.76745605,598.709228516
1637.7442627,598.701416016
1637.79211426,598.76940918
1637.75878906,598.761169434
1637.72497559,598.752685547
1637.47644043,598.631225586
1637.51220703,598.695251465
1637.48864746,598.684265137
1637.4786377,598.687011719
1637.35290527,598.598449707
1637.42468262,598.680786133
1637.42468262,598.680786133
1637.40185547,598.672973633
1637.24645996,598.638427734
1637.18151855,598.628356934
1636.99694824,598.51361084
1637.1027832,598.607788086
1637.0703125,598.602722168
1636.75341797,598.461364746
1636.66577148,598.44354248
1636.81750488,598.552978516
1636.81750488,598.552978516
1636.79455566,598.545166016
1636.57739258,598.425598145
1636.51123047,598.408996582
1636.66345215,598.521850586
1636.44482422,598.395690918
1636.34509277,598.373962402
1636.32312012,598.369384766
1636.46655273,598.48840332
1636.27966309,598.360534668
1636.24743652,598.358764648
1636.26037598,598.460876465
1636.0847168,598.336853027
1636.08349609,598.330322266
1636.22668457,598.44921875
1636.21643066,598.451904297
1636.19470215,598.447570801
1636.19470215,598.447570801
1635.98449707,598.312072754
1635.89697266,598.297302246
1635.81115723,598.286254883
1636.02319336,598.43157959
1635.51879883,598.247558594
1635.44567871,598.246887207
1635.43395996,598.243041992
1635.41088867,598.235168457
1635.8092041,598.413513184
1635.36767578,598.229553223
1635.36767578,598.229553223
1635.35876465,598.235595703
1635.72509766,598.41217041
1635.33703613,598.231140137
1635.68225098,598.409912109
1635.27282715,598.227905273
1635.64001465,598.407714844
1635.62988281,598.410400391
1635.20043945,598.230285645
1635.52209473,598.398010254
1635.43054199,598.409362793
1635.44213867,598.413269043
1634.99621582,598.209411621
1635.34973145,598.421325684
1635.3170166,598.416259766
1634.88110352,598.209838867
1634.87145996,598.212585449
1634.86010742,598.208679199
1634.80822754,598.212463379
1635.24645996,598.428894043
1634.75524902,598.209533691
1634.71435547,598.213928223
1634.69714355,598.229309082
1634.69714355,598.229309082
1634.68652344,598.228820801
1634.64501953,598.229797363
1634.62963867,598.255126953
1634.60131836,598.224121094
1634.59204102,598.226928711
1634.5826416,598.232910156
1634.58520508,598.242858887
