695.409362793,72.1450576782
695.431274414,72.2606582642
695.437988281,72.2649688721
695.442260742,72.2728271484
695.465148926,72.2722625732
695.467407227,72.2724761963
695.467407227,72.2724761963
695.447021484,72.2732009888
695.437683105,72.2761764526
695.433227539,72.2744827271
695.442321777,72.2789916992
695.44708252,72.2792892456
695.449157715,72.2807998657
695.444519043,72.2817153931
695.439819336,72.2812728882
695.447021484,72.2830810547
695.447021484,72.2830810547
695.458190918,72.2816162109
695.460754395,72.2817687988
695.462890625,72.2844238281
695.481018066,72.3032226562
695.467163086,72.3034133911
695.44909668,72.2919692993
695.446716309,72.2929992676
695.474121094,72.3039093018
695.540283203,72.299697876
695.551879883,72.2969360352
695.467285156,72.3058395386
695.453613281,72.3059158325
695.442199707,72.2950973511
695.439880371,72.2948379517
695.437744141,72.2971191406
695.462646484,72.3092346191
695.464904785,72.3094177246
695.540283203,72.299697876
695.521972656,72.3080673218
695.460449219,72.3139190674
695.467102051,72.3145141602
695.455810547,72.3171615601
695.467163086,72.316986084
695.467163086,72.3182144165
695.469421387,72.3171081543
695.471618652,72.3160629272
695.519775391,72.3177032471
695.517150879,72.3162994385
695.444458008,72.3113479614
695.480773926,72.3193283081
695.480773926,72.3168563843
695.483276367,72.3182907104
695.537719727,72.3242797852
695.485412598,72.3172683716
695.510253906,72.3243637085
695.498962402,72.3233947754
695.510253906,72.3268661499
695.494445801,72.3242797852
695.494445801,72.3242797852
695.617553711,72.3322143555
695.585693359,72.3406295776
695.633666992,72.3310470581
695.635742188,72.3313064575
695.635681152,72.3325500488
695.610595703,72.3354034424
695.619689941,72.3348999023
695.619873047,72.3385925293
695.592224121,72.3425064087
695.601501465,72.3420181274
695.603820801,72.3409500122
695.580993652,72.3426895142
695.576293945,72.3448257446
695.633483887,72.3360900879
695.624267578,72.3414382935
695.626647949,72.3441314697
695.631103516,72.344543457
695.576416016,72.3472137451
695.571899414,72.3455963135
695.64465332,72.3407897949
695.647094727,72.3409347534
695.649475098,72.3410263062
695.651611328,72.340057373
695.651611328,72.340057373
695.69744873,72.3315658569
695.699645996,72.33177948
695.692749023,72.3324356079
695.69519043,72.3325881958
695.704101562,72.3309631348
695.715637207,72.3293914795
695.660766602,72.3408432007
695.660827637,72.339630127
695.685852051,72.3331298828
695.722290039,72.3313064575
695.720153809,72.3347473145
695.679199219,72.3386535645
695.676818848,72.3384628296
695.686035156,72.3392181396
695.672241211,72.3393783569
695.742980957,72.3305206299
695.73840332,72.3313369751
695.667541504,72.3389663696
695.690490723,72.3409194946
695.692687988,72.3410949707
695.761291504,72.3246383667
695.795410156,72.3151779175
695.701843262,72.3418426514
695.809387207,72.3175430298
695.761291504,72.3295211792
695.793212891,72.3211746216
695.795654297,72.3213424683
695.797729492,72.3228378296
695.756591797,72.3353729248
695.777099609,72.3346862793
695.800048828,72.3242111206
695.800048828,72.3242111206
695.802185059,72.3392410278
695.818115234,72.3406219482
695.811340332,72.3425674438
695.815979004,72.3428497314
695.822692871,72.3422546387
695.815734863,72.3503799438
695.822753906,72.3496704102
695.822753906,72.3496704102
695.818115234,72.3505020142
695.838806152,72.3448181152
695.843200684,72.3452606201
695.843139648,72.3477630615
695.811340332,72.3511962891
695.824951172,72.3522872925
695.850036621,72.3520050049
695.856994629,72.3500671387
695.829467773,72.3564224243
695.833984375,72.3556137085
695.84777832,72.3542633057
695.847839355,72.3554840088
695.859069824,72.3503570557
695.859069824,72.3503570557
695.856750488,72.3575210571
695.86138916,72.3517684937
695.877380371,72.3506011963
695.877380371,72.3506011963
695.86138916,72.3578948975
695.836303711,72.3595275879
695.838745117,72.3571395874
695.838745117,72.3571395874
695.859191895,72.3601989746
695.863525391,72.3593978882
695.943725586,72.3438873291
695.943725586,72.3438873291
695.930114746,72.3476028442
695.930114746,72.3476028442
695.94128418,72.3486404419
695.92755127,72.3524246216
695.886352539,72.358833313
695.886352539,72.3600845337
695.94354248,72.3526077271
695.945861816,72.3551635742
695.945983887,72.3563842773
695.922790527,72.3706283569
695.922790527,72.3706283569
695.925170898,72.3707427979
695.904846191,72.3677444458
695.909179688,72.3694076538
695.913879395,72.3709945679
695.893188477,72.371711731
695.881774902,72.3745040894
695.95489502,72.3695220947
695.95703125,72.3735427856
695.952819824,72.3717346191
695.972900391,72.3798217773
695.975341797,72.381187439
695.952636719,72.3730239868
695.952636719,72.3730239868
695.952514648,72.3693771362
695.991210938,72.380065918
695.982116699,72.3818206787
696.014343262,72.3770370483
695.979919434,72.3815002441
695.975402832,72.3873214722
696.048339844,72.3750686646
696.059814453,72.3772888184
696.062255859,72.3786239624
696.064147949,72.390045166
696.050598145,72.3925857544
696.070983887,72.4017181396
696.070861816,72.4029998779
696.048461914,72.3836364746
696.046020508,72.387260437
696.070983887,72.4042434692
696.06652832,72.4062805176
696.034606934,72.3899154663
696.032165527,72.3873214722
696.029907227,72.3871078491
696.029907227,72.3871078491
696.061767578,72.4109115601
696.032531738,72.3933868408
696.016357422,72.388420105
696.203552246,72.4006118774
696.013977051,72.3870162964
696.013977051,72.3870162964
696.052612305,72.4249191284
696.24230957,72.3952331543
696.24230957,72.3952331543
696.249389648,72.3970565796
696.262878418,72.3969497681
696.205749512,72.4008102417
696.20111084,72.4015808105
696.050354004,72.4271697998
696.166748047,72.4210357666
696.166625977,72.4222640991
696.28125,72.3997268677
696.287841797,72.3991546631
696.224060059,72.404800415
696.157714844,72.4301681519
696.162109375,72.430480957
696.297119141,72.4011154175
696.301513672,72.4027404785
696.301635742,72.4040222168
696.155273438,72.4398269653
696.155273438,72.4398269653
696.04107666,72.4424667358
696.148193359,72.4466552734
696.319885254,72.4017791748
696.329101562,72.4062957764
696.329101562,72.4062957764
696.145996094,72.4514160156
696.038696289,72.4509353638
696.038574219,72.4534454346
696.038574219,72.4534454346
696.038635254,72.4546356201
696.143737793,72.456199646
696.036193848,72.4545440674
696.033996582,72.4580154419
696.372436523,72.4136886597
696.425048828,72.4156646729
696.427246094,72.4159393311
696.447631836,72.4164199829
696.447753906,72.4176940918
696.447753906,72.4176940918
696.397705078,72.4195404053
696.392883301,72.4203872681
696.475158691,72.4101257324
696.452392578,72.4167785645
696.452331543,72.418006897
696.399841309,72.4196853638
696.399719238,72.4234695435
696.397583008,72.4257888794
696.136474609,72.4939575195
696.138793945,72.4966430664
696.136352539,72.4977416992
696.136535645,72.5064086914
696.484130859,72.4195785522
696.495727539,72.4217681885
696.136474609,72.5087814331
696.022216797,72.5053405762
696.136413574,72.5137863159
696.502624512,72.4260787964
696.024475098,72.5079727173
696.026855469,72.5080871582
696.024414062,72.5129394531
696.022216797,72.51512146
696.136291504,72.5236663818
696.500244141,72.4320526123
696.024536133,72.5166015625
696.024291992,72.5190734863
696.026672363,72.5242996216
696.138549805,72.5287628174
696.022033691,72.5325241089
696.534362793,72.4435882568
696.545776367,72.4445877075
696.024230957,72.5425720215
696.140686035,72.5388717651
696.561706543,72.4496307373
696.550048828,72.4512329102
696.14074707,72.5438537598
696.140625,72.5463790894
696.028747559,72.5466995239
696.024230957,72.5475006104
696.026550293,72.5489425659
696.561706543,72.4496307373
696.561706543,72.4496307373
696.564086914,72.4498748779
696.543518066,72.4555130005
696.554931641,72.4577713013
696.026306152,72.5551757812
696.543457031,72.4580459595
696.534362793,72.4559707642
696.559509277,72.4593276978
696.026306152,72.5589599609
696.147155762,72.5680389404
696.591430664,72.4645080566
696.59588623,72.4636993408
696.56854248,72.4626159668
696.56842041,72.4638900757
696.570739746,72.464050293
696.151855469,72.5770339966
696.591247559,72.4658660889
696.600585938,72.466545105
696.600402832,72.4678726196
696.156433105,72.5847625732
696.156433105,72.5847625732
696.607299805,72.4758453369
696.641601562,72.4787521362
696.037353516,72.5945968628
696.037353516,72.5945968628
696.160644531,72.5976638794
696.032958984,72.6052627563
696.671264648,72.4837493896
696.669128418,72.486000061
696.691894531,72.4904174805
696.689575195,72.4915084839
696.693908691,72.4906387329
696.000976562,72.6160736084
695.998596191,72.6159591675
696.696350098,72.4945449829
696.70300293,72.496421814
696.698608398,72.5021896362
696.707763672,72.5004196167
696.710021973,72.503112793
696.710021973,72.503112793
696.206115723,72.6299819946
696.723571777,72.5080566406
695.961975098,72.6166229248
696.215515137,72.6096038818
696.203796387,72.6508178711
696.721435547,72.494140625
696.716796875,72.4925689697
696.71673584,72.4914321899
696.730529785,72.5036468506
696.725952148,72.5069046021
696.735107422,72.5064620972
696.737365723,72.5103988647
696.203796387,72.6532211304
696.226806641,72.6094512939
696.220153809,72.6051025391
696.22454834,72.605506897
696.206054688,72.6559371948
696.741943359,72.5107879639
696.746337891,72.5136871338
696.220275879,72.6001586914
696.245117188,72.613494873
696.231689453,72.59740448
696.208312988,72.666015625
696.753479004,72.5055923462
696.758056641,72.5072174072
696.748657227,72.5188903809
696.750976562,72.5190124512
696.750915527,72.5202560425
696.757995605,72.5170669556
696.030090332,72.6755905151
696.0390625,72.6776275635
696.208129883,72.6697769165
696.208129883,72.6709671021
696.205871582,72.6719970703
695.998046875,72.6765975952
696.249694824,72.6126098633
696.249755859,72.6150817871
696.254211426,72.6154556274
696.254394531,72.6166763306
696.23840332,72.5967483521
696.245422363,72.5911483765
696.764709473,72.5128173828
696.760070801,72.5148544312
696.762573242,72.515007019
696.750915527,72.5214767456
696.739562988,72.5229492188
696.7578125,72.5258026123
696.76940918,72.5156021118
696.208068848,72.6821060181
695.909729004,72.6182785034
696.256591797,72.6255645752
696.267944336,72.6117095947
696.270202637,72.6143264771
696.272644043,72.6121444702
696.254577637,72.5857467651
696.252197266,72.5843582153
696.773864746,72.5197601318
696.773864746,72.5197601318
696.760070801,72.5272064209
696.734924316,72.522567749
696.760192871,72.5296707153
696.767028809,72.5277938843
696.766967773,72.5290145874
696.769042969,72.5305252075
696.780883789,72.517791748
695.966247559,72.6775588989
696.261108398,72.6284790039
696.263366699,72.6298446655
696.274841309,72.6159896851
696.274841309,72.6172409058
696.274780273,72.6208953857
696.259033203,72.5849533081
696.798950195,72.5144424438
696.801269531,72.5158462524
696.766723633,72.5339889526
696.773681641,72.5309066772
696.77142334,72.5356826782
696.776062012,72.5372695923
695.881958008,72.619682312
695.879821777,72.6195297241
695.879821777,72.6182403564
695.877441406,72.6204299927
695.911376953,72.6803131104
696.277038574,72.6236343384
696.281555176,72.6241073608
696.279785156,72.5792236328
696.223876953,72.700843811
696.815063477,72.5145339966
696.778259277,72.5399398804
696.780639648,72.540145874
696.782714844,72.5390319824
696.785095215,72.5417480469
696.785095215,72.5430374146
695.86151123,72.6191177368
695.857055664,72.6199264526
696.286071777,72.6317901611
696.283691406,72.6327819824
696.295532227,72.5953979492
696.82409668,72.5203018188
696.789733887,72.5446014404
696.794189453,72.5413208008
696.794250488,72.5424728394
696.798828125,72.5453872681
695.874694824,72.6809234619
696.300292969,72.5797271729
696.297973633,72.5758514404
696.819458008,72.5248947144
696.833312988,72.5259780884
696.79864502,72.5516433716
696.801208496,72.5344543457
696.803161621,72.5533065796
695.870239258,72.6805419922
695.870239258,72.6805419922
695.870178223,72.6817932129
695.868103027,72.6815948486
696.111816406,72.7395477295
696.309265137,72.5755691528
696.79864502,72.5578384399
696.807983398,72.5561141968
696.79888916,72.5317993164
696.814758301,72.5405654907
696.812561035,72.5613632202
696.819335938,72.5594940186
696.248718262,72.7301559448
696.318359375,72.6010665894
696.320617676,72.6037597656
696.814697266,72.5653076172
696.823791504,72.5611801147
696.817077637,72.5431900024
696.821716309,72.5399398804
696.828491211,72.5454483032
696.823913574,72.5648345947
696.82598877,72.5663452148
696.82598877,72.567527771
696.828430176,72.5651855469
696.125305176,72.7518463135
695.797851562,72.621055603
695.797851562,72.621055603
696.129943848,72.7534484863
696.123046875,72.7528839111
696.123046875,72.7528839111
695.797912598,72.6198043823
696.341308594,72.5758514404
696.313842773,72.6031265259
696.325256348,72.6078186035
696.325256348,72.6091461182
696.327392578,72.6130142212
696.350524902,72.5778884888
696.352844238,72.5780715942
696.837890625,72.5412521362
696.833190918,72.5371856689
696.830871582,72.5356750488
696.828369141,72.5491638184
696.835083008,72.5745010376
696.835083008,72.5745010376
696.848876953,72.5694656372
695.772583008,72.6201782227
696.364074707,72.580291748
696.364074707,72.580291748
696.844421387,72.5493545532
696.846557617,72.5729980469
696.851257324,72.5709381104
696.860290527,72.5753479004
696.136901855,72.7688064575
696.13885498,72.772819519
696.37298584,72.6108322144
696.37298584,72.6108322144
696.377868652,72.6098861694
696.867370605,72.5809173584
696.8671875,72.5759735107
695.776611328,72.6824035645
696.13885498,72.7790145874
695.740600586,72.6212081909
696.384460449,72.6167144775
696.278076172,72.7674331665
696.860473633,72.5629653931
696.86505127,72.5658721924
696.869567871,72.5662689209
696.145629883,72.7857055664
695.767456055,72.6841659546
696.280639648,72.7700576782
696.285095215,72.7704315186
695.729370117,72.6239318848
696.407470703,72.5901107788
696.409790039,72.5927734375
696.28503418,72.7754135132
696.880981445,72.5697174072
696.883178711,72.5785980225
696.81439209,72.5839920044
696.157043457,72.7979431152
695.713195801,72.6239089966
695.710998535,72.6248397827
696.819030762,72.5806045532
696.816833496,72.5791015625
696.803039551,72.5804824829
695.706481934,72.6232223511
695.701904297,72.6215515137
695.692687988,72.6232147217
696.407043457,72.632232666
696.409545898,72.6348876953
696.434814453,72.6036376953
696.437133789,72.6050338745
696.80078125,72.585144043
696.793884277,72.5933074951
696.791625977,72.577003479
696.789306641,72.5780715942
696.172729492,72.8190307617
695.68359375,72.6225662231
695.683410645,72.6250305176
695.681213379,72.6248092651
696.789367676,72.5891799927
696.786987305,72.5877380371
696.784729004,72.5899963379
696.791687012,72.5720291138
696.784790039,72.5727233887
696.782592773,72.5712814331
696.177185059,72.819480896
696.181884766,72.8247909546
696.318847656,72.8056106567
695.676757812,72.6231536865
695.665222168,72.6221923828
696.776000977,72.5681762695
696.773498535,72.5643386841
696.184082031,72.828704834
696.332702637,72.8154144287
696.332702637,72.8154144287
696.413879395,72.6550369263
696.432189941,72.6616363525
696.48046875,72.608795166
696.761779785,72.5942764282
696.7734375,72.5630874634
696.771362305,72.5628356934
696.768859863,72.5614242554
696.332763672,72.8178405762
696.337341309,72.8232269287
696.4296875,72.6638870239
696.42755127,72.664894104
696.427246094,72.6674957275
696.4296875,72.6688690186
696.752685547,72.5922470093
696.748046875,72.5919113159
696.748046875,72.5943756104
696.215698242,72.8623428345
696.346252441,72.8302536011
696.475402832,72.6665267944
696.406799316,72.6706161499
696.395690918,72.6571960449
696.393249512,72.6571044922
696.886962891,72.6595458984
696.745605469,72.5941543579
696.743469238,72.5952529907
696.741333008,72.5925674438
696.224975586,72.8730773926
696.224975586,72.8730773926
696.413635254,72.6749420166
696.409118652,72.6745758057
696.413696289,72.6762237549
696.406738281,72.6767196655
696.386474609,72.6626052856
696.386230469,72.6638870239
696.505310059,72.6666183472
696.871032715,72.6618270874
696.864318848,72.6624526978
696.91003418,72.6602325439
696.836853027,72.6613235474
696.84588623,72.6621704102
696.928283691,72.6580734253
696.932739258,72.6584472656
696.919067383,72.6609802246
696.912231445,72.6604156494
695.630554199,72.6860961914
696.224975586,72.8730773926
696.227233887,72.8769302368
695.583190918,72.6238708496
696.521240234,72.6679916382
696.523498535,72.6681137085
696.52166748,72.6085128784
696.52166748,72.6085128784
696.524047852,72.6086654663
696.935180664,72.6598892212
696.960327148,72.6582870483
696.800109863,72.6620178223
695.600952148,72.6859817505
696.976196289,72.6609802246
696.985534668,72.6604156494
696.784118652,72.6630477905
696.380432129,72.8565826416
695.582763672,72.6844177246
696.553649902,72.6075439453
697.003723145,72.6607666016
697.005981445,72.6609802246
697.008239746,72.662361145
697.010559082,72.6638565063
696.743103027,72.6633300781
695.571533203,72.6858825684
695.571350098,72.6871643066
695.568969727,72.6869888306
696.567382812,72.6074523926
696.569702148,72.6076660156
697.012756348,72.666519165
697.019592285,72.6671142578
697.026489258,72.6578292847
697.03338623,72.6583328247
696.405334473,72.8810577393
696.409790039,72.8839416504
696.261230469,72.9157714844
695.52154541,72.6260375977
695.514648438,72.6254806519
696.581115723,72.6061630249
696.423339844,72.8950271606
695.512634277,72.6240615845
695.541748047,72.6871414185
695.501098633,72.6268234253
695.501098633,72.6268234253
696.603393555,72.6650772095
696.605712891,72.6664505005
696.59942627,72.6064224243
696.274658203,72.9293518066
696.274658203,72.9293518066
696.286071777,72.937713623
695.491821289,72.6260681152
695.484985352,72.6242218018
696.6171875,72.6662445068
696.626464844,72.6632919312
696.635437012,72.6641464233
696.608398438,72.6098327637
696.615356445,72.6090774536
696.674316406,72.6649246216
696.674316406,72.6649246216
695.476013184,72.6233825684
695.507385254,72.6892089844
696.649169922,72.6640167236
697.070007324,72.6726837158
696.304077148,72.9529571533
696.452880859,72.918586731
695.464660645,72.6236953735
695.493896484,72.6892700195
697.094970703,72.6797180176
697.113586426,72.6763763428
697.11114502,72.678565979
697.11114502,72.678565979
696.473388672,72.9339599609
695.42578125,72.6252822876
695.423522949,72.6276016235
695.414611816,72.6255645752
695.412231445,72.6265716553
697.097351074,72.6848220825
697.090515137,72.6866912842
697.104125977,72.6866989136
697.106689453,72.6868286133
697.127075195,72.6749649048
695.445861816,72.6900787354
697.111022949,72.6909866333
697.083557129,72.6898269653
697.079101562,72.6857223511
697.113220215,72.6924209595
697.113464355,72.6949005127
697.131835938,72.6815643311
697.14074707,72.6836700439
697.15222168,72.6846694946
695.436889648,72.6905517578
695.420837402,72.6891708374
695.416320801,72.687538147
697.12701416,72.6972732544
697.067687988,72.6872329712
697.131591797,72.6951751709
695.398071289,72.6909561157
697.131469727,72.7026290894
697.131469727,72.7039108276
697.138366699,72.6958847046
697.13848877,72.6945266724
697.126953125,72.7072677612
697.05847168,72.6802597046
697.051574707,72.6784667969
696.518859863,72.9688644409
697.129211426,72.7074127197
697.124755859,72.7069473267
697.14276123,72.7061309814
697.147460938,72.7052536011
697.122314453,72.7117919922
697.117736816,72.7113571167
697.051574707,72.6784667969
697.147521973,72.7101974487
697.149902344,72.7103881836
697.142700195,72.7135467529
697.144897461,72.7137298584
697.154296875,72.7133331299
697.158996582,72.7136383057
697.147399902,72.7188949585
697.158813477,72.7272491455
697.216125488,72.7210006714
697.22064209,72.7276382446
697.190612793,72.7288589478
697.179382324,72.7339859009
697.174743652,72.7373352051
697.177062988,72.7387313843
697.177001953,72.7399902344
697.197692871,72.7367935181
697.19543457,72.7378540039
697.202087402,72.7422180176
695.528686523,72.3283691406
695.528686523,72.3283691406
695.517089844,72.3447570801
695.530639648,72.3483505249
695.533081055,72.350982666
696.452148438,72.4291763306
696.449890137,72.4302444458
696.411132812,72.4294204712
696.761779785,72.5807418823
696.764404297,72.5820999146
697.053710938,72.7084197998
697.058288574,72.7087860107
697.062866211,72.7116699219
697.064941406,72.7156066895
696.546020508,72.6961517334
696.552856445,72.7016220093
696.557556152,72.7044448853
696.555053711,72.7080001831
696.559692383,72.7084503174
696.561950684,72.7123336792
