834.393371582,-107.798721313
834.405883789,-107.797340393
834.405883789,-107.797340393
834.399658203,-107.793716431
834.390380859,-107.791137695
834.374938965,-107.792190552
834.374938965,-107.792190552
834.365478516,-107.788208008
834.35949707,-107.78603363
834.356445312,-107.782806396
834.350219727,-107.779098511
834.341125488,-107.776535034
834.366333008,-107.770835876
834.319335938,-107.773986816
834.319335938,-107.772544861
834.319458008,-107.771026611
834.378967285,-107.772247314
834.307128906,-107.765266418
834.304077148,-107.766273499
834.297790527,-107.765586853
834.294494629,-107.765228271
834.29473877,-107.76374054
834.291381836,-107.764938354
834.282287598,-107.76374054
835.367675781,-107.857627869
835.380065918,-107.859153748
835.39855957,-107.861427307
835.401916504,-107.861724854
835.405090332,-107.862121582
835.417602539,-107.863594055
835.458007812,-107.867042542
835.46105957,-107.867362976
835.46105957,-107.867362976
835.482971191,-107.868515015
835.498596191,-107.868919373
835.504882812,-107.869674683
835.56427002,-107.87664032
835.567504883,-107.875617981
835.561340332,-107.874816895
835.57043457,-107.877426147
835.589111328,-107.878211975
835.604980469,-107.878578186
835.589111328,-107.878211975
835.686157227,-107.886764526
835.68927002,-107.885704041
835.686157227,-107.886764526
835.733032227,-107.889427185
835.75177002,-107.891601562
835.76739502,-107.893493652
835.770568848,-107.892478943
835.779724121,-107.895011902
835.786010742,-107.895767212
835.801879883,-107.894721985
835.811218262,-107.895805359
835.84552002,-107.899856567
835.848510742,-107.900215149
835.858215332,-107.899879456
835.889282227,-107.903640747
835.901733398,-107.903640747
835.904907227,-107.904045105
835.917358398,-107.904045105
835.926696777,-107.905197144
835.93927002,-107.906646729
835.96105957,-107.907775879
835.964355469,-107.908157349
835.992492676,-107.911430359
836.001831055,-107.912582397
836.004943848,-107.911506653
836.008056641,-107.91192627
836.014343262,-107.914077759
836.01751709,-107.91305542
836.020507812,-107.913375854
836.029968262,-107.914466858
836.03314209,-107.913337708
836.051818848,-107.917076111
836.09564209,-107.919380188
836.105102539,-107.920402527
836.111328125,-107.921234131
835.771728516,-107.802192688
835.778015137,-107.802909851
835.771850586,-107.799263
835.762145996,-107.799659729
835.787231445,-107.804039001
835.790466309,-107.802932739
835.800048828,-107.799720764
835.800048828,-107.799720764
835.802978516,-107.801498413
835.802978516,-107.801498413
835.802978516,-107.801498413
835.809387207,-107.800842285
835.809020996,-107.806640625
835.830932617,-107.80632019
835.840637207,-107.803085327
835.84362793,-107.80632019
835.846740723,-107.808120728
835.849975586,-107.804138184
835.852905273,-107.806053162
