1668.77502441,608.965393066
1672.36047363,610.225952148
1672.31347656,610.213317871
1672.27770996,610.201049805
1672.21777344,610.180847168
1672.18249512,610.168823242
1672.13464355,610.15246582
1671.78979492,610.03515625
1671.84887695,610.055297852
1671.84887695,610.055297852
1669.75341797,609.41027832
1669.73120117,609.409057617
1669.79089355,609.429016113
1669.69506836,609.393432617
1669.86193848,609.45324707
1669.86096191,609.449951172
1669.92114258,609.473510742
1669.9329834,609.477600098
1669.94421387,609.481506348
1669.98034668,609.493713379
1670.00292969,609.498352051
1669.99536133,609.511291504
1670.01916504,609.519348145
1670.01916504,609.519348145
1670.05151367,609.518005371
1670.05151367,609.518005371
1670.0769043,609.532836914
1670.12414551,609.54901123
1670.13439941,609.546386719
1670.13525391,609.549621582
1669.68920898,609.416320801
1669.65551758,609.411132812
1669.61914062,609.395568848
1669.59631348,609.391113281
1669.56066895,609.37878418
1669.78393555,609.448913574
1669.40783691,609.333129883
1669.47924805,609.357299805
1669.27929688,609.295532227
1669.2208252,609.278625488
1669.1854248,609.266540527
1669.06848145,609.232971191
1669.08032227,609.236877441
1669.06933594,609.23638916
1669.04541016,609.228271484
1664.75170898,607.850036621
1664.76696777,607.870910645
1664.78210449,607.888427734
1664.78320312,607.891784668
1664.79492188,607.895812988
1664.79614258,607.899108887
1664.8104248,607.913330078
1664.7989502,607.912658691
1664.81103516,607.916748047
1664.8001709,607.916137695
1664.8001709,607.916137695
1667.79333496,608.95111084
1667.75866699,608.942382812
1667.71179199,608.926269531
1667.6998291,608.922363281
1663.61291504,607.570739746
1663.64929199,607.586181641
1663.5690918,607.568237305
1663.54284668,607.549987793
1663.5579834,607.567565918
1663.53356934,607.555969238
1663.53430176,607.559509277
1663.53540039,607.562927246
1663.5213623,607.54876709
1663.48986816,607.553527832
1663.47802734,607.549560547
1663.45373535,607.538208008
1663.45373535,607.538208008
1663.44274902,607.537536621
1663.44274902,607.537536621
1663.9597168,607.707458496
1663.98291016,607.715393066
1663.98291016,607.715393066
1672.50073242,610.940490723
1672.40881348,610.965148926
1672.40881348,610.965148926
1672.36242676,610.952392578
1672.02258301,610.858581543
1671.9765625,610.848999023
1671.86914062,610.765625
1671.8572998,610.761657715
1671.90686035,610.831542969
1671.80053711,610.751586914
1671.78869629,610.747619629
1671.7064209,610.725891113
1671.67126465,610.713684082
1671.64904785,610.712463379
1671.65881348,610.753112793
1671.64868164,610.755859375
1671.56738281,610.690856934
1671.55725098,610.693603516
1671.58068848,610.745117188
1671.5213623,610.725036621
1671.52185059,610.72833252
1671.53466797,610.735778809
1671.51147461,610.731140137
1671.45031738,610.657226562
1671.45263672,610.713989258
1671.43005371,610.709472656
1671.41943359,610.70880127
1671.33666992,610.68371582
1671.32653809,610.686523438
1671.28051758,610.677062988
1671.2635498,610.605834961
1670.97436523,610.538452148
1670.9855957,610.539245605
1670.95336914,610.540771484
1671.02416992,610.608276367
1670.92346191,610.599060059
1670.89892578,610.587524414
1670.84899902,610.514404297
1670.78491211,610.567443848
1670.7734375,610.563293457
1670.70849609,610.475891113
1670.70849609,610.475891113
1670.75134277,610.561950684
1670.61743164,610.460449219
1670.59375,610.452392578
1670.58325195,610.451843262
1670.51428223,610.43762207
1670.32922363,610.393188477
1670.23754883,610.374389648
1670.15686035,610.356323242
1670.25024414,610.472167969
1670.21594238,610.466796875
1669.98596191,610.32611084
1669.96362305,610.324768066
1670.18286133,610.46472168
1670.11376953,610.44732666
1670.10424805,610.453491211
1669.85046387,610.304626465
1669.94445801,610.423828125
1669.90917969,610.415039062
1669.90917969,610.415039062
1669.87976074,610.426635742
1669.83251953,610.410583496
1669.85668945,610.421875
1669.82287598,610.416625977
1669.7668457,610.409973145
1669.74377441,610.405212402
1669.76843262,610.416748047
1669.71350098,610.413452148
1669.70117188,610.409423828
1669.52441406,610.261962891
1669.48840332,610.249816895
1669.71362305,610.416809082
1669.66674805,610.400817871
1669.44445801,610.247314453
1669.3536377,610.231750488
1669.55786133,610.401000977
1669.55786133,610.401000977
1669.5144043,610.401611328
1669.43676758,610.397094727
1669.42614746,610.396362305
1669.1640625,610.213684082
1669.109375,610.210632324
1669.35119629,610.402099609
1669.06628418,610.214538574
1669.0456543,610.21685791
1669.00891113,610.20123291
1669.29699707,610.402038574
1668.9552002,610.204772949
1668.9552002,610.204772949
1669.24353027,610.405578613
1668.91003418,610.195373535
1669.19824219,610.399475098
1668.86523438,610.192626953
1669.16833496,610.411193848
1668.50646973,610.19152832
1668.40209961,610.208679199
1668.35791016,610.206054688
