2753.00952148,478.576171875
2753.04516602,478.595947266
2753.04882812,478.605712891
2752.98681641,478.595550537
2752.92578125,478.585449219
2752.83105469,478.560455322
2753.02099609,478.610412598
2752.96142578,478.605194092
2752.86987305,478.590087891
2749.88305664,478.088775635
2749.91357422,478.093780518
2749.94360352,478.098876953
2749.94360352,478.098876953
2749.94360352,478.098876953
2749.82299805,478.083404541
2750.03930664,478.128662109
2750.0703125,478.133636475
2750.0703125,478.133636475
2750.04418945,478.143280029
2750.04589844,478.148223877
2750.10693359,478.158355713
2750.1394043,478.168304443
2750.23095703,478.183563232
2750.29101562,478.193725586
2750.28466797,478.17401123
2750.28344727,478.169128418
2750.67773438,478.230133057
2750.49755859,478.209533691
2749.14111328,478.020904541
2749.08227539,478.01574707
2756.49169922,479.243347168
2763.74487305,480.584136963
2763.74487305,480.584136963
