1646.79394531,601.202392578
1646.78503418,601.208496094
1646.78503418,601.208496094
1646.8302002,601.220825195
1646.7746582,601.211242676
1646.78955078,601.228515625
1646.78955078,601.228515625
1646.8770752,601.239990234
1646.88781738,601.24041748
1646.8359375,601.244140625
1646.91223145,601.254943848
1646.92468262,601.262207031
1646.90368652,601.261230469
1646.91503906,601.265014648
1646.91503906,601.265014648
1646.88208008,601.259887695
1646.88208008,601.259887695
1646.90490723,601.267883301
1646.89440918,601.267150879
1645.63952637,600.849304199
1645.62915039,600.848754883
1645.64233398,600.85925293
1645.64318848,600.865844727
1645.18811035,600.73223877
1645.20043945,600.739562988
1645.20117188,600.743041992
1645.20422363,600.75604248
1644.7064209,600.574462891
1644.69628906,600.577026367
1644.7064209,600.574462891
1645.22192383,600.786682129
1645.22412109,600.796691895
1645.23828125,600.810668945
1645.23901367,600.814086914
1648.03552246,601.784545898
1648.04785156,601.791748047
1648.05957031,601.795837402
1648.05957031,601.795837402
1648.07092285,601.799804688
1648.09350586,601.804443359
1648.12878418,601.819458008
1648.16296387,601.828063965
1648.19775391,601.843139648
1648.2208252,601.84765625
1648.23242188,601.854858398
1648.32446289,601.883117676
1648.34790039,601.890930176
1648.48632812,601.938171387
1648.49902344,601.945495605
1648.53356934,601.957214355
1648.55566406,601.961791992
1648.61401367,601.984802246
1648.625,601.985290527
1648.63720703,601.992675781
1646.421875,601.290283203
1646.44470215,601.298156738
1646.20483398,601.225585938
1646.21887207,601.239624023
1646.24121094,601.244140625
1646.26489258,601.255310059
1646.13806152,601.212036133
1646.13806152,601.212036133
1646.22375488,601.259643555
1646.23522949,601.263427734
1646.28747559,601.259765625
1646.20019531,601.251586914
1646.11401367,601.200927734
1646.09130859,601.193115234
1646.06799316,601.185119629
1646.15551758,601.239257812
1646.20153809,601.255065918
1646.17822266,601.247070312
1646.16650391,601.243286133
1646.15588379,601.242736816
1646.05651855,601.181274414
1646.04516602,601.177368164
1646.12060547,601.227600098
1645.28405762,600.915039062
1645.28747559,600.93157959
1645.29919434,600.935546875
1646.53051758,601.34564209
1646.54248047,601.352783203
1646.55322266,601.35333252
1646.50866699,601.344482422
1646.57629395,601.36126709
1646.4855957,601.336608887
1646.45129395,601.32800293
1646.42700195,601.313537598
1646.01831055,601.198791504
1645.9498291,601.178588867
1645.92712402,601.170837402
1645.91552734,601.166931152
1646.01831055,601.198791504
1645.84692383,601.14666748
1645.83630371,601.146179199
1645.8248291,601.142150879
1645.81335449,601.138244629
1644.27636719,600.773864746
1644.20874023,600.756835938
1644.20947266,600.760253906
1644.18481445,600.745788574
1644.11657715,600.725463867
1644.10510254,600.721740723
1640.1673584,599.419799805
1640.15820312,599.42578125
1640.11413574,599.416992188
1640.07995605,599.405273438
1640.07995605,599.405273438
1640.06958008,599.407836914
1640.05908203,599.407409668
1640.03747559,599.40612793
1639.91418457,599.373168945
1639.93701172,599.38092041
1639.93737793,599.384216309
1639.94836426,599.38482666
1639.94897461,599.388244629
1648.76965332,602.691467285
1648.64477539,602.65814209
1648.61035156,602.649597168
1648.78210449,602.744934082
1648.57580566,602.637817383
1648.57580566,602.637817383
1648.60021973,602.69519043
1648.52050781,602.628173828
1648.48681641,602.619689941
1648.40637207,602.595397949
1648.40637207,602.595397949
1648.36206055,602.586181641
1648.23535156,602.546264648
1648.20092773,602.537719727
1648.14526367,602.524841309
1648.04248047,602.49597168
1648.02001953,602.488037109
1648.06750488,602.556640625
1648.03369141,602.548156738
1647.99975586,602.539794922
1647.74816895,602.416748047
1647.78405762,602.481445312
1647.76062012,602.470397949
1647.75036621,602.473022461
1647.62304688,602.383483887
1647.69592285,602.466552734
1647.69592285,602.466552734
1647.67248535,602.458679199
1647.51574707,602.423461914
1647.44921875,602.413208008
1647.26330566,602.297668457
1647.37023926,602.392333984
1647.33728027,602.387329102
1647.01647949,602.244262695
1646.92785645,602.226074219
1647.08081055,602.336669922
1647.08081055,602.336669922
1647.05822754,602.328979492
1646.83850098,602.207885742
1646.77087402,602.191101074
1646.92553711,602.308166504
1646.70385742,602.177368164
1646.60327148,602.155273438
1646.58068848,602.150756836
1646.72607422,602.274047852
1646.53613281,602.141784668
1646.50354004,602.139770508
1646.51708984,602.242614746
1646.33959961,602.117492676
1646.33740234,602.110778809
1646.48278809,602.230651855
1646.47290039,602.233459473
1646.45031738,602.229003906
1646.45031738,602.229003906
1646.23815918,602.092163086
1646.14941406,602.077270508
1646.06213379,602.065795898
1646.27661133,602.212585449
1645.76623535,602.026367188
1645.6920166,602.025390625
1645.68041992,602.02154541
1645.65722656,602.01361084
1646.06030273,602.194091797
1645.61352539,602.0078125
1645.61352539,602.0078125
1645.60424805,602.013916016
1645.97497559,602.192382812
1645.58227539,602.009460449
1645.93188477,602.190002441
1645.51745605,602.005859375
1645.88879395,602.187561035
1645.87890625,602.190429688
1645.44396973,602.008178711
1645.76989746,602.177490234
1645.67687988,602.188842773
1645.6887207,602.192871094
1645.23730469,601.986755371
1645.56225586,602.195617676
1645.12097168,601.986877441
1645.11083984,601.989562988
1645.09973145,601.985717773
1645.04724121,601.989257812
1645.49072266,602.208007812
1644.99316406,601.98626709
1644.95202637,601.990600586
1644.93457031,602.006103516
1644.93457031,602.006103516
1644.92358398,602.005432129
1644.88134766,602.006286621
1644.86633301,602.031799316
1644.83789062,602.000488281
1644.82788086,602.003234863
1644.81896973,602.009399414
1644.82128906,602.01940918
