2241.42114258,365.902008057
2241.44262695,365.908966064
2241.40258789,365.902709961
2241.38232422,365.899658203
2241.50268555,365.914459229
2241.54516602,365.92855835
2241.60546875,365.937927246
2241.64672852,365.948120117
2241.66894531,365.95904541
2241.70849609,365.961334229
2241.70849609,365.961334229
2241.72900391,365.964447021
2241.73120117,365.972229004
2241.74731445,365.959777832
2241.82836914,365.972381592
2241.87060547,365.98638916
2241.89257812,365.997192383
2241.91333008,366.004302979
2242.05322266,366.0184021
2242.05541992,366.0262146
2242.07495117,366.02545166
2242.07568359,366.029327393
2242.11328125,366.023864746
2242.13549805,366.034851074
2231.75537109,364.520935059
2231.75708008,364.528717041
2231.79638672,364.531036377
2231.79638672,364.531036377
2231.77709961,364.531890869
2231.71777344,364.526275635
2231.65795898,364.520904541
2231.63964844,364.521789551
2231.59692383,364.50769043
2231.62133789,364.526428223
2231.578125,364.508544922
2231.57885742,364.512481689
2231.62182617,364.530303955
2231.58105469,364.520233154
2231.55761719,364.505493164
2231.55883789,364.509368896
2238.22729492,365.569915771
2238.12695312,365.558197021
2238.10742188,365.558959961
2238.06738281,365.552734375
2238.04589844,365.54574585
2238.00585938,365.539459229
2237.9855957,365.536376953
2237.96557617,365.533325195
2244.90405273,367.008666992
2244.70263672,366.985168457
2244.62890625,367.00378418
2244.54516602,366.979492188
2244.52050781,366.95690918
2243.93286133,366.869720459
2243.90112305,366.902496338
2243.87207031,366.860290527
2243.81958008,366.889984131
2243.65771484,366.864776611
2243.6171875,366.858581543
2243.55615234,366.849090576
2243.53662109,366.849914551
2243.30712891,366.784088135
2243.2668457,366.781799316
2243.2668457,366.781799316
2242.85229492,366.762786865
2242.78320312,366.718170166
2242.73168945,366.747772217
2242.73168945,366.747772217
2242.52026367,366.681304932
2242.44165039,366.676574707
2242.42163086,366.673583984
2242.45117188,366.71572876
2242.22900391,366.685058594
2242.23925781,366.645263672
2242.12963867,366.677154541
2242.12963867,366.677154541
2242.0480957,366.664672852
2241.95874023,366.613128662
2241.87817383,366.604431152
2241.96850586,366.656036377
2241.90771484,366.646575928
2241.79907227,366.599731445
2241.77880859,366.596679688
2241.77783203,366.59274292
2241.73925781,366.594238281
2241.73925781,366.594238281
2241.76757812,366.632537842
2241.61816406,366.575469971
2241.68579102,366.61605835
2241.68798828,366.62387085
2241.5378418,366.566833496
2241.51733398,366.56362915
2241.54760742,366.609741211
2241.45874023,366.562011719
2241.41723633,366.551971436
2241.33642578,366.539337158
2241.26757812,366.581451416
2241.24682617,366.574523926
2241.17626953,366.522155762
2241.24804688,366.578399658
2241.07568359,366.510375977
2240.98706055,366.549224854
2240.96826172,366.550140381
2240.87475586,366.486816406
2240.92675781,366.539916992
2240.90820312,366.544555664
2240.77612305,366.479034424
2240.80859375,366.536712646
2240.59643555,366.462524414
2240.66967773,366.522644043
2240.66967773,366.522644043
2240.62988281,366.520263672
2240.39697266,366.442901611
2240.609375,366.517120361
2240.44995117,366.503814697
2240.3503418,366.491973877
2240.26928711,366.479553223
2240.21801758,366.426452637
2240.27124023,366.487304688
2240.2097168,366.473999023
2239.78198242,366.39666748
2239.68041992,366.37713623
2239.77514648,366.448059082
2239.71704102,366.450439453
2239.69750977,366.451171875
2239.69750977,366.451171875
2239.67749023,366.4480896
2239.65722656,366.444915771
2239.61767578,366.4425354
2239.1862793,366.428222656
2239.08862305,366.428161621
2238.9296875,366.414916992
2238.93041992,366.418762207
2238.93164062,366.422698975
2238.63330078,366.31262207
2238.57543945,366.314941406
2238.77392578,366.413330078
2238.45825195,366.311767578
2238.43774414,366.308654785
2238.24169922,366.300720215
2238.24169922,366.300720215
2237.91113281,366.302154541
2238.29052734,366.428497314
2237.85327148,366.304412842
2237.8137207,366.302124023
2237.79541016,366.306915283
2238.11547852,366.427734375
2237.73706055,366.305206299
2238.07763672,366.433166504
2238.06201172,366.449523926
2238.0234375,366.45111084
2238.00341797,366.447998047
2237.94873047,366.465759277
2237.83520508,366.478179932
2237.83520508,366.478179932
2237.15893555,366.328308105
2237.7409668,366.489868164
2237.72363281,366.498413086
2237.06445312,366.339935303
2237.64819336,366.509246826
2236.97241211,366.363189697
2236.95410156,366.367919922
2236.78271484,366.382568359
2236.78344727,366.386474609
2236.78564453,366.394287109
2236.74414062,366.384246826
2236.72607422,366.38885498
