1648.98803711,601.826599121
1648.97875977,601.832641602
1648.97875977,601.832641602
1648.96899414,601.835388184
1647.41174316,601.410095215
1647.41369629,601.41998291
1647.4276123,601.434020996
1650.23449707,602.410217285
1650.24682617,602.417480469
1650.29211426,602.429748535
1650.328125,602.445251465
1650.35046387,602.449768066
1650.35046387,602.449768066
1650.3515625,602.45300293
1650.36169434,602.453613281
1650.39733887,602.46875
1650.41967773,602.473266602
1650.43237305,602.480651855
1650.54772949,602.516906738
1650.60632324,602.539733887
1650.65307617,602.555603027
1650.68664551,602.564147949
1650.69921875,602.571350098
1650.73425293,602.583251953
1650.75646973,602.58770752
1650.79199219,602.603027344
1650.81530762,602.610900879
1650.82556152,602.611450195
1650.83850098,602.618713379
1648.52380371,601.88659668
1648.48071289,601.884216309
1648.45849609,601.879699707
1648.43493652,601.868652344
1648.41186523,601.863952637
1648.42834473,601.887878418
1648.41674805,601.884033203
1648.39343262,601.876220703
1648.33081055,601.836364746
1648.33081055,601.836364746
1648.39428711,601.879455566
1648.37145996,601.871582031
1648.35974121,601.867675781
1648.34851074,601.863769531
1648.34887695,601.86706543
1648.30700684,601.825073242
1648.28369141,601.817260742
1648.26074219,601.809448242
1648.31323242,601.851806641
1648.24926758,601.805541992
1648.72460938,601.970275879
1648.73681641,601.977600098
1648.74768066,601.978088379
1648.70300293,601.969116211
1648.68005371,601.961181641
1648.64562988,601.952758789
1648.62097168,601.937988281
1648.21069336,601.823059082
1648.14233398,601.80291748
1648.1192627,601.795043945
1648.10778809,601.791137695
1648.21069336,601.823059082
1648.03918457,601.770874023
1648.02807617,601.770263672
1648.01647949,601.766357422
1648.00524902,601.762329102
1647.84484863,601.713989258
1647.83447266,601.713439941
1647.91442871,601.737487793
1647.91442871,601.737487793
1646.46337891,601.397277832
1646.39562988,601.380432129
1646.39672852,601.383728027
1646.37182617,601.369262695
1646.3034668,601.349060059
1642.34106445,600.040222168
1642.33215332,600.046447754
1642.38867188,600.0625
1642.28747559,600.037353516
1642.25305176,600.02545166
1642.25305176,600.02545166
1642.24316406,600.028259277
1642.23242188,600.027709961
1642.23425293,600.034484863
1642.21118164,600.026611328
1642.1685791,600.024291992
1642.12268066,600.008544922
1642.12182617,600.005249023
1642.11071777,600.004699707
1642.11022949,600.001403809
1642.0871582,599.993591309
1650.9732666,603.319580078
1650.84838867,603.286193848
1650.8380127,603.288879395
1650.81506348,603.281066895
1650.81506348,603.281066895
1650.81408691,603.277709961
1650.98583984,603.37322998
1650.75695801,603.261291504
1650.80371094,603.323303223
1650.72399902,603.256103516
1650.68994141,603.247619629
1650.609375,603.223205566
1650.609375,603.223205566
1650.56481934,603.214233398
1650.43774414,603.174072266
1650.50866699,603.247314453
1650.50866699,603.247314453
1650.40405273,603.165649414
1650.34729004,603.152587891
1650.24462891,603.123657227
1650.22131348,603.115722656
1650.26989746,603.184509277
1650.2355957,603.176025391
1650.20178223,603.167419434
1649.94873047,603.044433594
1649.98535156,603.109130859
1649.96154785,603.097900391
1649.95178223,603.100646973
1649.8236084,603.010925293
1649.89672852,603.094299316
1649.89672852,603.094299316
1649.87329102,603.086364746
1649.75061035,603.062927246
1649.6496582,603.041015625
1649.4621582,602.924804688
1649.57019043,603.020019531
1649.5369873,603.014831543
1649.21594238,602.871643066
1649.12597656,602.853271484
1649.28027344,602.964172363
1649.28027344,602.964172363
1649.25695801,602.956298828
1649.03674316,602.835083008
1648.96862793,602.817932129
1649.12414551,602.93560791
1648.90161133,602.80456543
1648.80102539,602.782409668
1648.77832031,602.777893066
1648.92419434,602.898132324
1648.73339844,602.768676758
1648.70129395,602.767028809
1648.71496582,602.869934082
1648.53625488,602.744628906
1648.53479004,602.737976074
1648.68017578,602.858093262
1648.67041016,602.860839844
1648.64807129,602.856262207
1648.64807129,602.856262207
1648.43432617,602.718994141
1648.34570312,602.704284668
1648.25830078,602.692810059
1648.47399902,602.83996582
1648.32312012,602.831481934
1647.96179199,602.653076172
1648.25695801,602.821289062
1647.88708496,602.65222168
1647.87536621,602.64831543
1647.85229492,602.640380859
1647.80859375,602.63470459
1647.80859375,602.63470459
1648.17126465,602.819763184
1647.79943848,602.64074707
1647.77685547,602.636230469
1648.12841797,602.817382812
1647.71240234,602.63269043
1648.08520508,602.814941406
1648.07531738,602.817687988
1647.63879395,602.635253906
1647.96582031,602.804870605
1647.87329102,602.816345215
1647.8848877,602.820251465
1647.43115234,602.613647461
1647.79089355,602.82824707
1647.75756836,602.822998047
1647.31469727,602.613891602
1647.3046875,602.616455078
1647.29333496,602.612609863
1647.24060059,602.616210938
1647.68664551,602.835632324
1647.18737793,602.61315918
1647.14538574,602.617492676
1647.12805176,602.632995605
1647.12805176,602.632995605
1647.11730957,602.632446289
1647.07543945,602.633483887
1647.0604248,602.658996582
1647.03173828,602.627685547
1647.02124023,602.630310059
1647.01220703,602.636535645
1647.01477051,602.64654541
