826.843322754,-108.213249207
826.846557617,-108.209358215
826.867675781,-108.21622467
826.867675781,-108.21622467
826.867675781,-108.21622467
826.87097168,-108.216583252
826.871398926,-108.202232361
826.965881348,-108.227935791
826.950500488,-108.22328186
826.947570801,-108.224273682
826.94128418,-108.222183228
826.95715332,-108.212501526
826.999450684,-108.230567932
826.999450684,-108.227775574
826.999450684,-108.227775574
827.002502441,-108.229530334
827.008544922,-108.231666565
827.002685547,-108.226646423
827.026855469,-108.235336304
827.048278809,-108.235038757
827.063781738,-108.235435486
827.293273926,-108.267250061
827.303771973,-108.238243103
827.264221191,-108.233459473
827.282470703,-108.234199524
827.273071289,-108.233154297
827.267150879,-108.232429504
827.208129883,-108.242668152
827.208251953,-108.236923218
827.20513916,-108.240814209
826.151855469,-108.083969116
826.148742676,-108.082221985
826.164123535,-108.083938599
826.316894531,-108.098068237
826.323120117,-108.098800659
826.332336426,-108.099914551
826.454650879,-108.111732483
826.460693359,-108.111068726
826.44543457,-108.109184265
826.473083496,-108.112518311
826.436401367,-108.103813171
826.433532715,-108.101989746
826.430480957,-108.101608276
826.43371582,-108.100494385
826.430541992,-108.100166321
826.430541992,-108.098800659
826.427490234,-108.101272583
826.418518066,-108.094436646
826.696411133,-108.133575439
826.699645996,-108.133903503
826.372802734,-108.087425232
826.372924805,-108.081726074
826.382202148,-108.084312439
826.385070801,-108.084671021
826.387878418,-108.089317322
826.388183594,-108.087890625
826.35760498,-108.08278656
826.391418457,-108.086769104
826.397766113,-108.080307007
826.339355469,-108.077713013
826.553833008,-108.094772339
826.556884766,-108.095123291
826.584533691,-108.097045898
826.590454102,-108.097770691
826.618103027,-108.101097107
826.630187988,-108.102539062
826.725158691,-108.10962677
826.731384277,-108.110305786
826.749816895,-108.11113739
826.752868652,-108.111404419
827.518066406,-108.204727173
827.527099609,-108.20589447
827.536315918,-108.206977844
827.557861328,-108.209510803
826.801757812,-108.117408752
826.807922363,-108.118103027
826.807922363,-108.118103027
826.808044434,-108.116645813
826.829467773,-108.119255066
826.835571289,-108.119972229
826.835571289,-108.119972229
826.838623047,-108.11882782
826.84777832,-108.119979858
827.659179688,-108.217376709
827.662109375,-108.217712402
826.890686035,-108.123703003
826.903015137,-108.12512207
826.994689941,-108.13331604
826.99786377,-108.133712769
827.00390625,-108.134468079
827.016296387,-108.135887146
827.065307617,-108.140312195
827.065368652,-108.138885498
827.821777344,-108.231140137
827.840209961,-108.233390808
827.105163574,-108.143669128
827.117431641,-108.143669128
827.132751465,-108.145484924
827.163391113,-108.14780426
827.175720215,-108.149215698
827.953674316,-108.242591858
827.975219727,-108.243782043
827.350463867,-108.16443634
827.362731934,-108.165916443
827.402526855,-108.170707703
827.405639648,-108.169548035
827.424133301,-108.170372009
827.442321777,-108.17401123
828.13494873,-108.25718689
828.156494141,-108.258277893
828.156494141,-108.258277893
827.534545898,-108.182159424
827.534423828,-108.180740356
827.534423828,-108.180740356
827.543701172,-108.183242798
827.543701172,-108.183242798
827.571105957,-108.185203552
827.56842041,-108.18334198
827.586608887,-108.186943054
827.586608887,-108.186943054
827.629577637,-108.189216614
827.654052734,-108.192253113
827.656921387,-108.192619324
827.660217285,-108.19291687
827.724487305,-108.199256897
827.746154785,-108.198959351
827.761291504,-108.202232361
827.764526367,-108.201194763
827.770568848,-108.201896667
827.779785156,-108.203018188
827.789123535,-108.202659607
828.013366699,-108.222366333
828.025634766,-108.223770142
828.050109863,-108.225326538
828.059509277,-108.225006104
828.068359375,-108.227546692
828.123718262,-108.231277466
828.136230469,-108.231338501
828.139099121,-108.233123779
827.836364746,-108.118721008
827.833251953,-108.115524292
827.83013916,-108.116577148
827.836669922,-108.114402771
827.827331543,-108.113395691
827.851623535,-108.120521545
827.85168457,-108.119117737
827.857849121,-108.119911194
827.87322998,-108.118881226
827.870361328,-108.114212036
827.790344238,-108.111793518
827.802734375,-108.113204956
827.790344238,-108.111793518
827.894836426,-108.121398926
