827.293273926,-108.267250061
827.303771973,-108.238243103
827.254638672,-108.233810425
827.264221191,-108.233459473
827.282470703,-108.234199524
827.273071289,-108.233154297
827.208129883,-108.242668152
827.214416504,-108.239059448
827.217590332,-108.238052368
827.211425781,-108.237289429
827.20513916,-108.240814209
826.316894531,-108.098068237
826.323120117,-108.098800659
826.332336426,-108.099914551
826.42388916,-108.108085632
826.427490234,-108.101272583
826.436401367,-108.103813171
826.44543457,-108.109184265
826.430541992,-108.098800659
826.418518066,-108.094436646
826.454650879,-108.111732483
826.460693359,-108.111068726
826.473083496,-108.112518311
826.696411133,-108.133575439
826.699645996,-108.133903503
826.745422363,-108.136619568
826.76385498,-108.138748169
826.387878418,-108.089317322
826.388183594,-108.087890625
826.391418457,-108.086769104
826.385070801,-108.084671021
826.382202148,-108.084312439
826.372924805,-108.081726074
826.397766113,-108.080307007
826.35760498,-108.08278656
826.339355469,-108.077713013
826.590454102,-108.097770691
826.618103027,-108.101097107
826.630187988,-108.102539062
826.725158691,-108.10962677
826.731384277,-108.110305786
826.749816895,-108.11113739
826.752868652,-108.111404419
827.536315918,-108.206977844
827.557861328,-108.209510803
827.566955566,-108.210639954
827.566955566,-108.210639954
826.801757812,-108.117408752
826.807922363,-108.118103027
826.807922363,-108.118103027
826.808044434,-108.116645813
826.829467773,-108.119255066
826.835571289,-108.119972229
826.835571289,-108.119972229
826.838623047,-108.11882782
826.84777832,-108.119979858
826.890686035,-108.123703003
826.903015137,-108.12512207
826.994689941,-108.13331604
826.99786377,-108.133712769
827.00390625,-108.134468079
827.016296387,-108.135887146
827.043823242,-108.137771606
827.050170898,-108.13697052
827.065368652,-108.138885498
827.065307617,-108.140312195
827.821777344,-108.231140137
827.830993652,-108.232208252
827.840209961,-108.233390808
827.105163574,-108.143669128
827.117431641,-108.143669128
827.132751465,-108.145484924
827.163391113,-108.14780426
827.175720215,-108.149215698
827.953674316,-108.242591858
827.975219727,-108.243782043
827.350463867,-108.16443634
827.362731934,-108.165916443
827.402526855,-108.170707703
827.405639648,-108.169548035
827.424133301,-108.170372009
827.442321777,-108.17401123
827.534545898,-108.182159424
827.534423828,-108.180740356
827.534423828,-108.180740356
827.543701172,-108.183242798
827.543701172,-108.183242798
827.571105957,-108.185203552
827.56842041,-108.18334198
827.586608887,-108.186943054
827.586608887,-108.186943054
827.654052734,-108.192253113
827.656921387,-108.192619324
827.660217285,-108.19291687
827.761291504,-108.202232361
827.764526367,-108.201194763
827.770568848,-108.201896667
827.779785156,-108.203018188
827.789123535,-108.202659607
828.013366699,-108.222366333
828.025634766,-108.223770142
828.050109863,-108.225326538
828.059509277,-108.225006104
828.068359375,-108.227546692
828.080688477,-108.229003906
828.220825195,-108.201004028
827.827026367,-108.117668152
827.83013916,-108.116577148
827.833251953,-108.115524292
827.836364746,-108.118721008
827.827331543,-108.113395691
827.827026367,-108.117668152
827.851623535,-108.120521545
827.857849121,-108.119911194
827.860961914,-108.118789673
827.867492676,-108.112365723
827.867248535,-108.118171692
827.867492676,-108.112365723
827.870422363,-108.112724304
827.870361328,-108.114212036
827.870178223,-108.117080688
827.790344238,-108.111793518
827.802734375,-108.113204956
827.790344238,-108.111793518
