830.154663086,-107.265907288
830.13079834,-107.247039795
830.146789551,-107.237335205
830.149902344,-107.236305237
830.211181641,-107.252258301
830.22277832,-107.266685486
830.22265625,-107.269554138
830.219482422,-107.27204895
830.211120605,-107.250808716
830.222595215,-107.273841858
830.22253418,-107.272453308
830.186950684,-107.239242554
829.764099121,-107.215087891
829.770263672,-107.215820312
829.783081055,-107.207244873
829.35736084,-107.116195679
829.369873047,-107.114761353
829.369873047,-107.114761353
829.363769531,-107.111152649
829.354858398,-107.108604431
829.35168457,-107.106842041
829.33013916,-107.105690002
829.32409668,-107.103507996
829.321105957,-107.100326538
829.315185547,-107.096618652
829.306030273,-107.094108582
829.330871582,-107.088523865
829.284362793,-107.09160614
829.284484863,-107.090156555
829.284423828,-107.088684082
829.343200684,-107.089904785
829.352478027,-107.089538574
829.272399902,-107.08290863
829.269165039,-107.08404541
829.263061523,-107.083351135
829.260131836,-107.08291626
829.260253906,-107.081512451
829.256958008,-107.082588196
829.247680664,-107.081474304
830.124572754,-107.182601929
830.127685547,-107.18296814
829.531005859,-107.106369019
829.53704834,-107.107208252
829.552856445,-107.10749054
829.562011719,-107.107093811
829.663391113,-107.117805481
829.654296875,-107.115234375
830.442321777,-107.21018219
830.463806152,-107.212684631
830.473083496,-107.213806152
830.479370117,-107.214530945
829.851501465,-107.132827759
829.869873047,-107.133621216
829.96862793,-107.143821716
829.984008789,-107.145751953
829.986938477,-107.146064758
830.01184082,-107.146034241
830.021057129,-107.147125244
830.042419434,-107.149726868
830.04876709,-107.150405884
830.061157227,-107.150505066
830.797302246,-107.239242554
830.812805176,-107.24105072
830.101196289,-107.155227661
830.110351562,-107.154907227
830.125732422,-107.158126831
830.12890625,-107.157043457
830.138122559,-107.158164978
830.156677246,-107.158866882
830.169006348,-107.161811829
830.175231934,-107.161048889
830.175231934,-107.161048889
830.181152344,-107.161888123
830.184387207,-107.162216187
830.264587402,-107.168800354
830.267700195,-107.169136047
830.280029297,-107.170631409
830.292358398,-107.172172546
830.295410156,-107.172454834
830.30480957,-107.172065735
830.320129395,-107.173942566
830.332580566,-107.175376892
830.350769043,-107.177627563
830.354064941,-107.177909851
830.357055664,-107.178245544
830.387878418,-107.180526733
830.409606934,-107.183059692
830.412536621,-107.183494568
830.412536621,-107.183494568
830.434326172,-107.184570312
830.440429688,-107.183921814
830.449707031,-107.184967041
830.455871582,-107.185668945
830.514526367,-107.192596436
830.51751709,-107.19152832
830.511230469,-107.190879822
830.520446777,-107.193412781
830.539123535,-107.194129944
830.5546875,-107.194496155
830.539123535,-107.194129944
830.625610352,-107.201477051
830.634643555,-107.202537537
830.634643555,-107.202537537
830.637878418,-107.202964783
830.637939453,-107.201522827
830.674926758,-107.205886841
830.681213379,-107.205238342
830.699462891,-107.207374573
830.715209961,-107.209190369
830.727172852,-107.21068573
830.749328613,-107.210342407
830.758422852,-107.211425781
830.792297363,-107.215446472
830.795349121,-107.21585083
830.78314209,-107.212905884
830.804626465,-107.21546936
830.835449219,-107.219146729
830.847839355,-107.219146729
830.850891113,-107.21950531
830.854125977,-107.218452454
830.85723877,-107.218818665
830.86340332,-107.219566345
830.87286377,-107.220619202
830.885070801,-107.22203064
830.897399902,-107.222137451
830.906555176,-107.22328949
830.909606934,-107.223617554
830.909667969,-107.22504425
830.937438965,-107.226913452
830.946594238,-107.227981567
830.949890137,-107.226875305
830.953063965,-107.227241516
830.962158203,-107.22833252
830.965270996,-107.228759766
830.97454834,-107.229812622
830.977416992,-107.228759766
830.98059082,-107.229164124
830.99609375,-107.232337952
831.039428711,-107.234603882
831.048583984,-107.235717773
831.054992676,-107.236473083
830.746887207,-107.123214722
830.734924316,-107.120246887
830.771789551,-107.124664307
830.725463867,-107.119186401
830.719482422,-107.118453979
830.778198242,-107.12247467
830.710205078,-107.115898132
830.787475586,-107.119255066
830.796630859,-107.120407104
830.799804688,-107.122146606
830.80279541,-107.124000549
