829.293701172,-108.452705383
829.306274414,-108.451316833
829.306274414,-108.451316833
829.300231934,-108.44770813
829.29107666,-108.445137024
829.288085938,-108.443359375
829.266479492,-108.442169189
829.260375977,-108.440101624
829.257446289,-108.436782837
829.251464844,-108.433158875
829.242248535,-108.430656433
829.267333984,-108.424972534
829.220703125,-108.428070068
829.22076416,-108.426582336
829.22076416,-108.425170898
829.20892334,-108.41934967
829.205627441,-108.420516968
829.199462891,-108.419692993
829.196472168,-108.419319153
829.196655273,-108.417854309
829.193359375,-108.418937683
829.184143066,-108.417907715
830.40032959,-108.550857544
830.409606934,-108.552017212
830.415771484,-108.552711487
829.787780762,-108.470108032
829.806335449,-108.470909119
829.904907227,-108.481277466
829.920349121,-108.483055115
829.923278809,-108.483512878
829.948242188,-108.483505249
829.957458496,-108.484680176
829.979003906,-108.487289429
829.985107422,-108.487937927
829.997619629,-108.488006592
830.203979492,-108.508491516
830.204101562,-108.506973267
830.20098877,-108.506706238
830.21661377,-108.508514404
830.228881836,-108.509925842
830.231994629,-108.510375977
830.241088867,-108.510040283
830.256530762,-108.511878967
830.268920898,-108.513366699
830.287353516,-108.515586853
830.290466309,-108.515907288
830.293518066,-108.516304016
830.32434082,-108.518592834
830.345947266,-108.521064758
830.348937988,-108.521522522
830.348937988,-108.521522522
830.370727539,-108.522651672
830.386291504,-108.52305603
830.392211914,-108.523849487
830.416931152,-108.528205872
830.425964355,-108.529335022
830.450927734,-108.530807495
830.453918457,-108.529838562
830.448059082,-108.52898407
830.45703125,-108.531677246
830.475769043,-108.532295227
830.487915039,-108.533882141
830.490966797,-108.532745361
830.475769043,-108.532295227
830.561828613,-108.539855957
830.571105957,-108.54095459
830.571105957,-108.54095459
830.574279785,-108.541313171
830.574462891,-108.539855957
830.61138916,-108.544311523
830.617553711,-108.543663025
830.636169434,-108.545799255
830.651428223,-108.547683716
830.654663086,-108.546630859
830.663818359,-108.549217224
830.66998291,-108.54989624
830.68560791,-108.548881531
830.694824219,-108.549957275
830.72869873,-108.553993225
830.731872559,-108.554412842
830.719421387,-108.551498413
830.741088867,-108.554122925
830.771911621,-108.557762146
830.784423828,-108.557792664
830.787475586,-108.558197021
830.799926758,-108.558288574
830.809265137,-108.559310913
830.821350098,-108.56086731
830.833862305,-108.56086731
830.843078613,-108.562026978
830.846252441,-108.562355042
830.846008301,-108.563804626
830.873901367,-108.565734863
830.883117676,-108.566871643
830.886230469,-108.565803528
830.889465332,-108.566085815
830.895629883,-108.568267822
830.898620605,-108.567237854
830.901672363,-108.567573547
830.910949707,-108.568733215
830.914123535,-108.567604065
830.917175293,-108.568016052
830.932556152,-108.571342468
830.976013184,-108.573577881
830.985107422,-108.574699402
830.991333008,-108.575469971
830.680297852,-108.461326599
830.674316406,-108.457733154
830.671325684,-108.458808899
830.66204834,-108.457626343
830.708312988,-108.463165283
830.646606445,-108.454399109
830.714538574,-108.4610672
830.726989746,-108.461135864
830.724121094,-108.457855225
830.729797363,-108.46295166
830.733215332,-108.458953857
830.736328125,-108.460762024
830.739257812,-108.462615967
