1106.86169434,140.827804565
1106.86730957,140.837814331
1107.29650879,140.891921997
1107.30712891,140.894866943
1107.28112793,140.893875122
1107.3223877,140.898635864
1107.32775879,140.901062012
1107.32775879,140.901062012
1107.29650879,140.891921997
1107.28173828,140.907119751
1107.28686523,140.907791138
1107.31787109,140.909240723
1107.3125,140.910675049
1107.30749512,140.910064697
1107.32287598,140.911834717
1107.328125,140.912414551
1107.35876465,140.91027832
1107.36413574,140.912719727
1107.35925293,140.915893555
1107.36437988,140.916503906
1107.37475586,140.917648315
1107.3848877,140.916900635
1107.39526367,140.916229248
1107.41088867,140.921691895
1105.14465332,140.654815674
1105.14465332,140.656707764
1104.69689941,140.615615845
1104.69177246,140.616882324
1104.70227051,140.617996216
1104.6920166,140.618865967
1104.68676758,140.618225098
1104.71228027,140.617355347
1104.67663574,140.617034912
1104.67675781,140.618927002
1104.65600586,140.616622925
1104.65600586,140.618515015
1107.0645752,140.882614136
1107.04394531,140.882263184
1107.10083008,140.888595581
1107.0234375,140.879852295
1107.0234375,140.879852295
1107.10583496,140.887359619
1107.12158203,140.88899231
1107.1472168,140.893875122
1107.15258789,140.894393921
1107.15246582,140.89251709
1107.21972656,140.900177002
1107.21459961,140.901397705
1107.22485352,140.902542114
1107.23010254,140.903121948
1107.19921875,140.899688721
1107.24560547,140.904968262
1106.8527832,140.860656738
1106.8581543,140.861190796
1106.93566895,140.869979858
1106.94592285,140.871139526
1106.95092773,140.871749878
1106.97155762,140.874008179
1106.97680664,140.874649048
1106.98181152,140.875244141
1106.66174316,140.841003418
1106.66687012,140.841552734
1106.67736816,140.842758179
1104.62011719,140.616348267
1104.62011719,140.616348267
1105.68847656,140.783752441
1105.69873047,140.784957886
1105.7298584,140.788406372
1105.74023438,140.791412354
1104.73449707,140.912689209
1104.74499512,140.921310425
1104.75512695,140.918731689
1104.76000977,140.915588379
1104.76049805,140.919250488
1104.76062012,140.923049927
1104.71948242,140.922210693
1104.77050781,140.916671753
1104.75036621,140.927627563
1104.77062988,140.922348022
1104.77575684,140.919158936
1104.78137207,140.931060791
1104.78601074,140.920318604
1104.69909668,140.919906616
1104.68859863,140.920623779
1104.67822266,140.915664673
1104.67834473,140.919448853
1104.80175781,140.925857544
1104.81713867,140.929473877
1104.8170166,140.925704956
1104.67785645,140.909988403
1104.66772461,140.910736084
1104.6574707,140.909561157
1104.6574707,140.909561157
1104.65722656,140.905776978
1104.65209961,140.905181885
1104.8223877,140.931991577
1104.85327148,140.935531616
1104.85827637,140.932235718
1104.86352539,140.932846069
1104.85791016,140.926589966
1104.88427734,140.938964844
1104.87341309,140.928405762
1104.92028809,140.94682312
1104.56481934,140.901031494
1104.5546875,140.899703979
1104.94628906,140.947723389
1104.55456543,140.901748657
1104.53894043,140.892425537
1104.53417969,140.899291992
1104.53417969,140.903060913
1104.97680664,140.953186035
1104.98681641,140.94682312
1104.50817871,140.892669678
1104.51342773,140.89894104
1104.50854492,140.902130127
1104.50317383,140.899719238
1104.9921875,140.947433472
1104.99194336,140.943664551
1104.99279785,140.954849243
1105.01245117,140.944091797
1104.49255371,140.889038086
1104.48754883,140.89225769
1104.47253418,140.894256592
1104.44641113,140.887573242
1104.44641113,140.88381958
1104.4465332,140.893341064
1104.44677734,140.895141602
1104.43652344,140.892074585
1104.43115234,140.887710571
1104.43115234,140.887710571
1105.07434082,140.953018188
1104.43066406,140.882095337
1104.39978027,140.878616333
1104.39501953,140.879898071
1104.3638916,140.876434326
1104.35424805,140.882720947
1104.33886719,140.882949829
1104.328125,140.874221802
1104.34399414,140.885345459
1105.19824219,140.968765259
1105.20373535,140.980773926
1105.21350098,140.970581055
1104.25610352,140.866088867
1105.22387695,140.975479126
1105.22888184,140.972320557
1104.24121094,140.8775177
1104.24121094,140.8775177
1104.24121094,140.8775177
1105.26538086,140.985778809
1105.27050781,140.980667114
1105.26574707,140.991485596
1105.28063965,140.981887817
1104.21008301,140.864562988
1105.28601074,140.990097046
1105.28625488,140.995666504
1105.30639648,140.986663818
1105.31677246,140.98600769
1105.32226562,140.992172241
1105.31213379,140.998550415
1104.19494629,140.872329712
1105.33728027,140.988357544
1105.34289551,140.992599487
1105.34313965,140.998352051
1104.1796875,140.872451782
1104.16894531,140.859954834
1104.15905762,140.871963501
1105.36865234,140.999389648
1105.36889648,141.004989624
1105.3795166,141.008056641
1104.12268066,140.858474731
1105.38427734,140.999237061
1105.38464355,141.008636475
1105.38903809,140.996002197
1105.40991211,141.000198364
1104.11230469,140.857345581
1104.11218262,140.85546875
1104.1072998,140.856796265
1104.10217285,140.858032227
1105.43591309,141.018234253
1105.44641113,141.019393921
1105.43041992,141.000686646
1104.08166504,140.861419678
1104.07653809,140.858886719
1104.07141113,140.852676392
1104.07128906,140.85458374
1104.07177734,140.863952637
1104.07177734,140.863952637
1104.06115723,140.855285645
1104.04553223,140.85546875
1105.5177002,141.016204834
1104.02514648,140.851303101
1104.0098877,140.85319519
1105.51867676,141.03125
1105.52380371,141.031936646
1103.99951172,140.848266602
1103.99475098,140.857147217
1103.98974609,140.856582642
1103.96875,140.848571777
1103.95849609,140.849304199
1103.95849609,140.849304199
1103.95373535,140.85244751
1105.59570312,141.026901245
1105.61669922,141.031097412
1105.61181641,141.047439575
1105.61682129,141.046218872
1105.61682129,141.046218872
1103.95336914,140.850601196
1103.93786621,140.845062256
1103.93798828,140.843200684
1103.9173584,140.846557617
1105.63183594,141.034759521
1105.64758301,141.038330078
1103.91723633,140.840866089
1103.9074707,140.852935791
1103.90197754,140.848632812
1103.89672852,140.840377808
1103.8918457,140.845458984
1103.88647461,140.841125488
1105.65795898,141.048965454
1105.6685791,141.055755615
1105.67822266,141.045593262
1105.68334961,141.046310425
1103.88146973,140.846252441
1103.86096191,140.842041016
1105.68920898,141.05821228
1105.69970703,141.061233521
1105.70483398,141.061782837
1105.71447754,141.047866821
1103.84057617,140.84161377
1103.8404541,140.839691162
1103.8404541,140.839691162
1105.73059082,141.068481445
1103.82543945,140.847366333
1103.80493164,140.847000122
1103.77404785,140.843521118
1103.7635498,140.840393066
1105.77709961,141.077560425
1105.80822754,141.082870483
1103.7479248,140.833023071
1103.74279785,140.834365845
1103.73779297,140.833770752
1103.72741699,140.836364746
1105.81347656,141.083389282
1105.81750488,141.065139771
1105.83410645,141.087646484
1105.84448242,141.088775635
1103.72741699,140.830688477
1103.72229004,140.833938599
1103.71716309,140.831466675
1103.69677734,140.830963135
1105.86413574,141.076095581
1105.84936523,141.091278076
1105.85998535,141.092468262
1105.87536621,141.096130371
1103.69152832,140.828582764
1103.6763916,140.838119507
1103.67126465,140.831863403
1103.66625977,140.83694458
1105.89624023,141.100326538
1105.90673828,141.103378296
1105.91699219,141.104522705
1105.97839355,141.098327637
1103.59423828,140.826858521
1106.02502441,141.107330322
1106.03527832,141.110397339
1106.04125977,141.133666992
1106.0670166,141.13458252
1106.06213379,141.1378479
1106.13366699,141.130935669
1106.14916992,141.134628296
1106.13452148,141.153610229
1106.1607666,141.16217041
1106.20629883,141.14666748
1106.20202637,141.170654297
1106.2322998,141.153366089
1106.25793457,141.158187866
1106.30065918,141.194900513
1106.35681152,141.182495117
1106.39941406,141.222961426
1106.41491699,141.226638794
1106.42553711,141.231552124
1106.50231934,141.217681885
1106.5802002,141.241500854
1106.54553223,141.267669678
1106.55541992,141.270828247
1106.58154297,141.275588989
1106.58178711,141.27935791
1106.6126709,141.286651611
1106.6126709,141.286651611
1106.63745117,141.257385254
1106.66833496,141.264678955
1106.8560791,141.325500488
1106.86657715,141.330352783
1106.87158203,141.330917358
1106.90307617,141.345855713
1106.90307617,141.345855713
1106.90808105,141.342636108
1106.94482422,141.356155396
1106.9864502,141.372177124
1106.99682617,141.373352051
1106.94689941,141.412918091
1107.03857422,141.393127441
1106.95239258,141.417205811
1107.05456543,141.400604248
1107.04638672,141.454223633
1107.13793945,141.42880249
1107.05688477,141.462982178
1107.08300781,141.473403931
1107.11975098,141.488815308
1107.11462402,141.490158081
1107.22155762,141.460845947
1107.25305176,141.475738525
1107.25830078,141.48008728
1107.27929688,141.486190796
1107.28442383,141.48878479
1107.30541992,141.496704102
1107.32116699,141.509796143
1107.21472168,141.542816162
1107.22521973,141.547744751
1107.25134277,141.55456543
1107.26171875,141.561309814
1107.26672363,141.563812256
1107.27197266,141.564422607
1107.27746582,141.574432373
1107.28808594,141.577545166
1107.31469727,141.59928894
1107.32006836,141.603683472
1107.45214844,141.567962646
1107.45227051,141.56602478
1107.4576416,141.570373535
1107.33557129,141.61114502
1107.4732666,141.579788208
1107.47875977,141.585922241
1107.50488281,141.594619751
1107.50488281,141.594619751
1107.36218262,141.632965088
1107.51538086,141.599502563
1107.51513672,141.597671509
1107.52600098,141.60446167
1107.53662109,141.615158081
1107.546875,141.618148804
1107.40979004,141.662796021
1107.40991211,141.664749146
1107.58947754,141.643661499
1107.61010742,141.653564453
1107.61523438,141.654129028
1107.64697266,141.668960571
1107.47509766,141.747329712
1107.42346191,141.743347168
1107.40783691,141.739700317
1107.40258789,141.739105225
1107.40258789,141.739105225
1107.40039062,141.815979004
1107.37451172,141.811218262
1107.32275391,141.805328369
1107.25244141,141.71446228
1107.24707031,141.715805054
1107.23681641,141.716629028
1107.23681641,141.716629028
1107.18286133,141.781921387
1107.14672852,141.777877808
1107.13635254,141.774765015
1107.1439209,141.700317383
1106.91381836,141.74395752
1106.91381836,141.74395752
1106.89331055,141.741500854
1106.85693359,141.735488892
1106.84655762,141.730499268
1106.84875488,141.657562256
1106.80541992,141.731582642
1106.80236816,141.654083252
1106.78503418,141.731109619
1106.76940918,141.727386475
1106.78137207,141.649871826
1106.78173828,141.647949219
1106.77624512,141.647384644
1106.73291016,141.721405029
1106.71240234,141.719116211
1106.70715332,141.716598511
1106.7401123,141.643310547
1106.68103027,141.713699341
1106.67114258,141.712478638
1106.71411133,141.63848877
1106.65222168,141.631469727
1106.60375977,141.699157715
1106.60046387,141.623718262
1106.57775879,141.700088501
1106.56726074,141.693283081
1106.56762695,141.695175171
1106.53137207,141.691055298
1106.51062012,141.688720703
1106.51306152,141.617523193
1106.51281738,141.613723755
1106.38342285,141.595291138
1106.34741211,141.593078613
1106.34753418,141.591140747
1106.34753418,141.591140747
1106.31420898,141.660720825
1106.32141113,141.586425781
1106.26745605,141.651687622
1106.18481445,141.640441895
1106.2076416,141.569747925
1106.0715332,141.625640869
1106.0456543,141.620880127
1106.06848145,141.550170898
1105.96777344,141.608291626
1106.01147461,141.541824341
1106.00634766,141.541183472
1106.00634766,141.541183472
1105.95739746,141.603378296
1105.86962891,141.593399048
1105.86437988,141.590881348
1105.82312012,141.586166382
1105.81811523,141.585617065
1105.79748535,141.579452515
1105.80236816,141.58203125
1105.82043457,141.518295288
1105.80505371,141.514526367
1105.72741699,141.503936768
1105.67858887,141.567977905
1105.71203613,141.500320435
1105.71203613,141.500320435
1105.57019043,141.551864624
1105.56530762,141.551345825
1105.58300781,141.48197937
1105.56237793,141.481445312
1105.46960449,141.465255737
1105.44360352,141.46434021
1105.44116211,141.535369873
1105.41259766,141.460739136
1105.39477539,141.526367188
1105.39477539,141.526367188
1105.38720703,141.457794189
1105.37634277,141.452911377
1105.34558105,141.453170776
1105.34545898,141.447479248
1105.34020996,141.448791504
1105.20910645,141.499572754
1105.1418457,141.484451294
1105.13146973,141.487075806
1105.2010498,141.427383423
1105.10070801,141.483581543
1105.04406738,141.473327637
1105.02844238,141.47354126
1105.01831055,141.470458984
1105.01831055,141.470458984
1104.99731445,141.468154907
1105.06201172,141.409683228
1104.9407959,141.459823608
1104.99462891,141.398391724
1104.99462891,141.398391724
1104.89428711,141.450759888
1104.93286133,141.389450073
1104.86083984,141.381256104
1104.86083984,141.381256104
1104.80664062,141.44090271
1104.83483887,141.376419067
1104.71911621,141.427124023
1104.78344727,141.368682861
1104.76281738,141.368240356
1104.70849609,141.420349121
1104.70349121,141.423522949
1104.6776123,141.418731689
1104.6776123,141.418731689
1104.6418457,141.416442871
1104.58740234,141.340881348
1104.55419922,141.400909424
1104.5489502,141.400314331
1104.54370117,141.395996094
1104.54919434,141.402175903
1104.55395508,141.404647827
1104.39941406,141.379577637
1104.44836426,141.325119019
1104.43847656,141.321990967
1104.42797852,141.320877075
1104.42285156,141.318389893
1104.3762207,141.311248779
1104.28613281,141.362991333
1104.27075195,141.361221313
1104.26818848,141.297103882
1104.18066406,141.283432007
1104.12902832,141.277618408
1104.09289551,141.269821167
1104.04943848,141.326690674
1104.0489502,141.32862854
1104.00549316,141.257980347
1103.97180176,141.316101074
1103.90246582,141.242599487
1103.86889648,141.300567627
1103.84350586,141.297775269
1103.8092041,141.211380005
1103.79870605,141.20640564
1103.79846191,141.204467773
1103.76220703,141.192871094
1103.69555664,141.183456421
