835.686401367,-108.501922607
835.624389648,-108.487236023
835.69720459,-108.47253418
835.656494141,-108.46774292
835.675415039,-108.468475342
835.665893555,-108.467445374
835.659606934,-108.466651917
835.615478516,-108.474487305
835.621887207,-108.470909119
835.615661621,-108.468742371
834.831665039,-108.344978333
834.837890625,-108.344245911
834.82232666,-108.342460632
834.850341797,-108.345687866
834.813110352,-108.336982727
834.810241699,-108.335174561
834.807128906,-108.334732056
834.810302734,-108.333717346
834.807128906,-108.333320618
834.807067871,-108.331863403
834.803894043,-108.334434509
834.79486084,-108.327507019
835.078125,-108.366958618
835.080932617,-108.367362976
835.128051758,-108.3699646
835.146850586,-108.372169495
834.76385498,-108.322250366
834.763793945,-108.320907593
834.766906738,-108.319854736
834.760864258,-108.317588806
834.7578125,-108.317268372
834.748535156,-108.314689636
834.7734375,-108.313346863
834.738952637,-108.3179245
834.732727051,-108.315742493
834.714294434,-108.310562134
835.665039062,-108.417701721
835.686828613,-108.420318604
834.932434082,-108.32787323
834.93572998,-108.328201294
834.963867188,-108.330055237
834.969909668,-108.330841064
834.998046875,-108.334136963
835.010498047,-108.335632324
835.10723877,-108.342720032
835.113586426,-108.343414307
835.132324219,-108.344276428
835.135375977,-108.344573975
835.93371582,-108.440879822
835.955566406,-108.443534851
835.964782715,-108.444633484
835.964782715,-108.444633484
835.968200684,-108.444953918
835.185424805,-108.350517273
835.191345215,-108.351341248
835.191345215,-108.351341248
835.19140625,-108.349891663
835.213317871,-108.352478027
835.219604492,-108.353164673
835.219604492,-108.353164673
835.222839355,-108.35206604
835.232116699,-108.353256226
835.235229492,-108.355041504
835.381958008,-108.366661072
835.385009766,-108.366996765
835.391235352,-108.367721558
835.403747559,-108.369277954
836.17767334,-108.461105347
836.199401855,-108.463722229
836.22442627,-108.465263367
836.233947754,-108.466316223
836.243408203,-108.467437744
835.453796387,-108.373695374
835.49432373,-108.377128601
835.506774902,-108.377098083
835.522399902,-108.378944397
835.553649902,-108.381225586
835.566162109,-108.382675171
836.359069824,-108.476791382
836.381103516,-108.478019714
835.744262695,-108.397972107
835.756835938,-108.399406433
835.797424316,-108.404243469
835.80065918,-108.403213501
835.83807373,-108.40763855
835.850463867,-108.409111023
836.543640137,-108.491500854
836.553161621,-108.492652893
835.931640625,-108.415931702
835.931640625,-108.41444397
835.931640625,-108.41444397
835.940979004,-108.41696167
835.940979004,-108.41696167
835.969177246,-108.418876648
835.984802246,-108.420684814
835.984802246,-108.420684814
836.006652832,-108.423294067
836.053527832,-108.426002502
836.056640625,-108.42640686
836.059875488,-108.426696777
836.097351074,-108.431152344
836.084899902,-108.428207397
836.097351074,-108.431152344
836.163085938,-108.435974121
836.16619873,-108.434913635
836.172546387,-108.435745239
836.181762695,-108.436820984
836.331848145,-108.450317383
836.344421387,-108.450271606
836.369567871,-108.453277588
836.378967285,-108.454399109
836.382019043,-108.454811096
836.419555664,-108.456314087
836.432006836,-108.457702637
836.457336426,-108.459358215
836.46661377,-108.458953857
836.475769043,-108.46157074
836.48828125,-108.463058472
836.532165527,-108.465339661
836.54498291,-108.465362549
836.547851562,-108.467147827
836.235839844,-108.352806091
836.238952637,-108.351707458
836.235961914,-108.348472595
836.239196777,-108.347381592
836.229675293,-108.346282959
836.254638672,-108.353553772
836.242431641,-108.344841003
836.260803223,-108.352897644
836.270629883,-108.34526062
836.273681641,-108.349990845
836.276672363,-108.35181427
836.270629883,-108.34526062
836.273742676,-108.34715271
836.273925781,-108.345664978
836.298522949,-108.354408264
