689.567138672,-142.051055908
689.551513672,-142.045639038
689.558898926,-142.038253784
689.577209473,-142.041641235
689.577209473,-142.041641235
689.547546387,-142.034912109
689.537841797,-142.041946411
689.535461426,-142.042770386
689.522827148,-142.029052734
689.520446777,-142.028656006
689.511352539,-142.026992798
689.5,-142.024917603
689.500061035,-142.023651123
689.493103027,-142.023681641
689.658081055,-142.067840576
689.662841797,-142.067337036
689.661254883,-142.05708313
689.674865723,-142.060836792
689.684143066,-142.061141968
689.46081543,-142.025222778
689.458496094,-142.026138306
689.68548584,-142.0728302
689.693237305,-142.062866211
689.445800781,-142.011169434
689.442687988,-142.023132324
689.442565918,-142.02192688
689.699829102,-142.065353394
689.702270508,-142.064559937
689.440979004,-142.010269165
689.440979004,-142.010269165
689.438659668,-142.012374878
689.438842773,-142.009841919
689.440307617,-142.020217896
689.440307617,-142.020217896
689.436584473,-142.009399414
689.710510254,-142.077423096
689.760681152,-142.084091187
689.759216309,-142.07371521
689.759216309,-142.07371521
689.759216309,-142.07371521
689.769775391,-142.084594727
689.761535645,-142.074203491
689.776611328,-142.087020874
689.785827637,-142.087509155
689.79284668,-142.086288452
689.79284668,-142.086288452
689.795043945,-142.087875366
689.798095703,-142.079666138
689.800231934,-142.080093384
689.8046875,-142.08215332
689.799499512,-142.088806152
689.80847168,-142.091644287
689.827697754,-142.083816528
689.847290039,-142.097595215
689.84954834,-142.097991943
689.851989746,-142.098388672
689.858642578,-142.099655151
689.861206055,-142.098861694
689.861206055,-142.098861694
689.852661133,-142.087173462
689.865661621,-142.098480225
689.872375488,-142.100967407
689.872558594,-142.099700928
689.875549316,-142.090164185
689.87713623,-142.100570679
689.87713623,-142.100570679
689.879943848,-142.092285156
689.882507324,-142.091369629
689.886901855,-142.093444824
689.970947266,-142.111480713
689.964782715,-142.101425171
689.967041016,-142.10194397
689.982543945,-142.112228394
689.982543945,-142.111022949
689.980895996,-142.103164673
690.030395508,-142.118606567
690.024047852,-142.108657837
690.024047852,-142.108657837
690.037231445,-142.119827271
690.042785645,-142.109512329
690.058837891,-142.111206055
690.061157227,-142.111541748
690.103759766,-142.125762939
690.113830566,-142.116226196
690.129943848,-142.117904663
690.147644043,-142.126174927
690.145690918,-142.123382568
690.149963379,-142.127838135
689.297912598,-141.985183716
689.305603027,-141.975234985
689.298950195,-141.972747803
689.275024414,-141.979858398
689.272888184,-141.979385376
689.285339355,-141.969055176
689.268554688,-141.977325439
689.276611328,-141.963577271
689.274291992,-141.963180542
689.227966309,-141.966033936
689.221374512,-141.963531494
689.212463379,-141.959381104
689.212463379,-141.959381104
689.212463379,-141.959381104
689.20098877,-141.957275391
689.184387207,-141.934082031
689.185302734,-141.951919556
689.162597656,-141.945251465
689.161987305,-141.926147461
689.138244629,-141.935668945
689.133666992,-141.93359375
689.133666992,-141.934844971
689.115722656,-141.929000854
689.119628906,-141.90953064
689.113525391,-141.928604126
689.106079102,-141.904464722
689.099487305,-141.902023315
689.095458984,-141.921539307
689.097595215,-141.923202515
689.097595215,-141.923202515
689.095336914,-141.922744751
689.090576172,-141.899108887
689.088256836,-141.897445679
689.072998047,-141.914825439
689.068664551,-141.911529541
689.068603516,-141.912780762
689.066589355,-141.909881592
689.068237305,-141.88999939
689.061401367,-141.887512207
689.032897949,-141.898651123
689.030700684,-141.898223877
689.03918457,-141.877044678
689.015136719,-141.890319824
689.015136719,-141.890319824
689.02142334,-141.870025635
689.016845703,-141.867965698
689.014587402,-141.867538452
689.003417969,-141.864135742
688.992553711,-141.857040405
688.97479248,-141.848739624
688.97479248,-141.848739624
688.95690918,-141.868225098
688.94140625,-141.861602783
688.958862305,-141.842163086
688.941345215,-141.86038208
688.939453125,-141.85874939
688.932434082,-141.858734131
688.925537109,-141.85496521
688.923583984,-141.853256226
688.919067383,-141.852493286
688.94140625,-141.832717896
688.934875488,-141.828887939
688.903564453,-141.844650269
688.886108398,-141.803527832
688.854736328,-141.821792603
688.866333008,-141.793609619
688.839233398,-141.813903809
688.864379883,-141.790618896
688.85546875,-141.786483765
688.82611084,-141.806411743
688.817199707,-141.802124023
688.846496582,-141.782333374
688.837524414,-141.779388428
688.801635742,-141.795639038
688.781738281,-141.785629272
688.817993164,-141.763259888
688.815734863,-141.762893677
688.811279297,-141.759536743
688.802734375,-141.755340576
688.768493652,-141.776855469
688.755432129,-141.768157959
688.744445801,-141.762329102
688.744445801,-141.762329102
688.739929199,-141.761489868
688.729003906,-141.754516602
688.726745605,-141.752822876
688.761108398,-141.726242065
688.758972168,-141.725845337
688.74822998,-141.716308594
688.741577148,-141.712615967
688.730773926,-141.704391479
688.637207031,-141.694717407
688.630615234,-141.689666748
688.626525879,-141.685165405
688.668457031,-141.651184082
688.621948242,-141.683074951
688.619934082,-141.680252075
688.600097656,-141.667709351
688.593505859,-141.662765503
688.642700195,-141.627532959
688.580505371,-141.654052734
688.580749512,-141.652740479
688.578430176,-141.652328491
688.57635498,-141.650650024
688.627502441,-141.615951538
688.627502441,-141.615951538
688.567810059,-141.641616821
688.561035156,-141.63911438
688.544189453,-141.619659424
688.604492188,-141.588989258
688.539855957,-141.617599487
688.595947266,-141.57862854
688.595947266,-141.57862854
688.526550293,-141.610122681
688.587036133,-141.575790405
688.585144043,-141.570419312
688.520141602,-141.60383606
688.515991211,-141.600540161
688.583190918,-141.564956665
688.581054688,-141.563308716
688.574829102,-141.555908203
688.488037109,-141.573989868
688.56854248,-141.545928955
688.477539062,-141.563247681
688.562438965,-141.538406372
688.464904785,-141.550735474
688.46282959,-141.545333862
688.458496094,-141.543304443
688.44140625,-141.523849487
688.437316895,-141.519287109
688.430847168,-141.512985229
688.533874512,-141.494125366
688.426879883,-141.508483887
688.420532227,-141.499771118
688.420715332,-141.498535156
688.52947998,-141.491973877
688.527526855,-141.486663818
688.406433105,-141.475738525
688.402038574,-141.472503662
688.382873535,-141.455001831
688.38079834,-141.450958252
688.480834961,-141.409957886
688.481018066,-141.407455444
688.481933594,-141.396331787
688.478088379,-141.387985229
688.47644043,-141.381393433
688.47857666,-141.381774902
688.47479248,-141.373535156
688.468139648,-141.368545532
688.470825195,-141.364089966
688.464782715,-141.355239868
688.462585449,-141.352386475
688.462890625,-141.348678589
688.461547852,-141.337081909
688.460388184,-141.321731567
688.454833984,-141.306838989
688.454040527,-141.289001465
688.454223633,-141.286529541
688.452270508,-141.283554077
688.447875977,-141.279129028
688.443847656,-141.270858765
688.448486328,-141.271560669
688.446899414,-141.263793945
688.445800781,-141.248352051
688.444885254,-141.231765747
690.18182373,-141.739425659
690.177490234,-141.733520508
690.169006348,-141.728164673
690.153747559,-141.714050293
690.147705078,-141.701583862
690.145812988,-141.699935913
690.141235352,-141.697891235
690.130554199,-141.68711853
690.121765137,-141.680450439
690.117431641,-141.677078247
690.113464355,-141.670059204
690.11114502,-141.669525146
690.098266602,-141.655944824
690.092102051,-141.649658203
690.081298828,-141.638870239
690.047424316,-141.602386475
690.045043945,-141.601913452
690.027526855,-141.589859009
690.023498535,-141.582870483
690.008178711,-141.572479248
690.006164551,-141.568237305
690.006347656,-141.566940308
690.001831055,-141.566223145
689.989196777,-141.551239014
689.95703125,-141.518890381
689.953369141,-141.510559082
689.950744629,-141.512619019
689.931091309,-141.498947144
