834.798461914,148.450042725
834.80456543,148.450973511
834.795349121,148.453933716
834.788879395,148.453063965
834.823364258,148.456878662
834.788757324,148.461853027
834.829528809,148.457839966
834.835998535,148.467559814
834.804382324,148.474502563
834.838745117,148.475540161
834.841918945,148.474487305
834.841918945,148.474487305
834.835693359,148.476470947
834.51361084,148.440139771
834.516723633,148.440612793
834.51348877,148.443069458
834.516662598,148.443527222
834.507263184,148.442077637
834.522949219,148.441543579
834.526000977,148.445007324
834.525878906,148.446472168
834.532226562,148.444503784
834.51361084,148.440139771
836.495483398,148.911880493
836.492248535,148.912872314
836.51751709,148.918212891
836.495422363,148.928100586
836.501586914,148.929046631
836.4765625,148.923690796
836.479553223,148.925704956
836.479553223,148.925704956
836.539367676,148.921630859
836.463928223,148.924789429
836.448120117,148.922317505
836.445129395,148.907089233
836.545654297,148.934402466
836.551818848,148.935333252
836.554992676,148.935806274
836.558227539,148.924514771
836.445129395,148.905593872
836.438903809,148.907653809
836.426208496,148.915985107
836.416931152,148.902816772
836.42010498,148.916442871
836.401123047,148.913589478
836.401123047,148.915130615
836.391723633,148.900390625
836.385375977,148.914093018
836.360412598,148.895523071
836.344482422,148.906387329
836.344543457,148.907928467
836.341308594,148.908859253
836.31652832,148.890197754
836.297668457,148.888793945
836.287963867,148.903594971
836.284912109,148.903121948
836.281921387,148.901123047
836.278808594,148.888870239
836.272521973,148.901062012
836.263061523,148.886489868
836.259887695,148.88444519
836.241088867,148.896347046
836.241027832,148.899230957
836.231506348,148.897857666
836.200378418,148.878234863
836.200317383,148.894546509
836.184814453,148.877304077
836.197143555,148.894042969
836.197143555,148.894042969
836.168945312,148.874923706
836.165893555,148.874420166
836.153320312,148.873947144
836.150146484,148.873504639
836.150146484,148.873504639
836.143676758,148.873977661
836.128051758,148.874526978
836.128295898,148.873077393
836.125,148.872619629
836.121887207,148.888259888
836.112304688,148.88835144
836.099853516,148.887878418
836.090332031,148.886398315
836.087036133,148.885971069
836.052856445,148.865905762
836.027648926,148.882644653
836.021362305,148.881713867
835.999267578,148.882751465
835.968078613,148.861679077
835.961791992,148.860717773
835.949401855,148.861694336
835.961669922,148.881317139
835.942993164,148.860778809
835.917785645,148.859832764
835.908447266,148.858306885
835.902038574,148.857452393
835.889648438,148.85697937
835.883300781,148.856002808
835.898864746,148.879074097
835.873962402,148.85748291
835.895629883,148.880065918
835.833068848,148.855667114
835.833068848,148.855667114
835.842285156,148.879226685
835.80480957,148.855773926
835.832885742,148.880752563
835.779724121,148.860733032
835.779724121,148.860733032
835.782836914,148.85824585
835.770202637,148.881454468
835.757507324,148.880889893
835.748352051,148.857391357
835.738830566,148.861801147
835.738830566,148.860351562
835.701293945,148.858963013
835.691772461,148.886932373
835.691650391,148.88848877
835.682250977,148.885574341
835.682189941,148.887008667
835.660400391,148.860046387
835.647827148,148.859619141
835.666564941,148.89050293
835.641235352,148.892623901
835.606994629,148.865127563
835.607177734,148.863677979
835.59777832,148.865127563
835.597595215,148.86807251
835.591491699,148.867111206
835.585144043,148.866134644
835.581970215,148.867111206
835.569396973,148.86668396
835.610046387,148.899490356
835.60369873,148.899993896
835.550537109,148.871200562
835.588012695,148.902053833
835.547363281,148.87071228
835.581665039,148.902526855
835.572265625,148.905502319
835.553405762,148.909957886
835.550170898,148.909545898
835.484558105,148.880218506
835.521850586,148.918457031
835.465698242,148.884643555
835.443786621,148.893096924
835.471740723,148.929824829
835.421875,148.892532349
835.459289551,148.927978516
835.471740723,148.934295654
835.393615723,148.900115967
835.449829102,148.938217163
835.455871582,148.939239502
835.387268066,148.903518677
835.384033203,148.904510498
835.374755859,148.904541016
835.352661133,148.911483765
835.396118164,148.971313477
835.393066406,148.970809937
835.389770508,148.974746704
835.386657715,148.974365234
835.389709473,148.976333618
835.305480957,148.93081665
835.383422852,148.984085083
835.377075195,148.989044189
835.364440918,148.997451782
835.348815918,149.008255005
835.342590332,149.00881958
835.342346191,149.010284424
835.233154297,148.974151611
835.236022949,148.979049683
835.229858398,148.978179932
835.229858398,148.981063843
835.229919434,148.982513428
835.220458984,148.988464355
835.313964844,149.054534912
835.313903809,149.070678711
835.313720703,149.073745728
835.188659668,149.016067505
835.188903809,149.017547607
835.316955566,149.077148438
835.313537598,149.085540771
835.313537598,149.085540771
835.313720703,149.089904785
835.169921875,149.03968811
835.304321289,149.100234985
835.153808594,149.075576782
835.153747559,149.080062866
835.147766113,149.079071045
835.141113281,149.089889526
835.144287109,149.093307495
