1661.00146484,608.695800781
1660.99047852,608.6953125
1660.9909668,608.698608398
1660.95617676,608.686584473
1661.00146484,608.695800781
1660.93432617,608.685424805
1661.08679199,608.737487793
1660.92224121,608.681152344
1660.91394043,608.690734863
1661.05627441,608.745605469
1661.0456543,608.745239258
1661.06872559,608.753051758
1660.92810059,608.704956055
1661.09106445,608.754394531
1661.09155273,608.757751465
1661.08081055,608.757080078
1661.06994629,608.756469727
1660.96496582,608.723754883
1660.96496582,608.723754883
1660.98852539,608.731811523
1662.20898438,609.275878906
1662.1862793,609.271179199
1662.1862793,609.271179199
1662.44445801,609.356140137
1662.43334961,609.355529785
1662.44445801,609.356140137
1662.69152832,609.440612793
1662.71459961,609.448608398
1662.66870117,609.435974121
1662.75036621,609.460693359
1662.77478027,609.472351074
1659.39221191,608.362609863
1659.40881348,608.38684082
1659.40881348,608.38684082
1659.41003418,608.390258789
1659.41003418,608.390258789
1660.71801758,608.815673828
1660.74157715,608.823913574
1660.68395996,608.806945801
1660.6138916,608.786376953
1660.61938477,608.806640625
1660.61975098,608.809936523
1660.58435059,608.797790527
1660.65478516,608.822021484
1660.66540527,608.82244873
1660.5604248,608.786499023
1660.57495117,608.804016113
1660.51416016,608.773803711
1660.72607422,608.84942627
1660.47875977,608.761779785
1660.47875977,608.761779785
1660.49279785,608.775878906
1660.46618652,608.754272461
1660.43505859,608.759338379
1660.43505859,608.759338379
1660.40795898,608.734313965
1660.42773438,608.729003906
1660.41601562,608.724853516
1660.41235352,608.754577637
1660.3782959,608.745849609
1660.38378906,608.726318359
1660.38317871,608.722961426
1660.40466309,608.72088623
1660.35400391,608.734619141
1660.35449219,608.737792969
1660.31347656,608.702209473
1660.27331543,608.713134766
1660.27661133,608.683532715
1660.24951172,608.705200195
1660.24951172,608.705200195
1660.20727539,608.662841797
1660.20800781,608.666259766
1660.11022949,608.663879395
1660.13391113,608.671813965
1660.14538574,608.67578125
1660.02941895,608.639099121
1659.97155762,608.622314453
1659.9017334,608.601806641
1659.8560791,608.588989258
1659.83251953,608.581054688
1659.76208496,608.557006836
1659.73950195,608.552429199
1659.68066406,608.532287598
1659.6817627,608.535705566
1659.6817627,608.535705566
1659.4720459,608.470275879
1659.48376465,608.474243164
1655.38525391,607.187316895
1655.40905762,607.198608398
1655.42578125,607.222717285
1658.36022949,608.229248047
1658.3260498,608.22064209
1658.23400879,608.195495605
1658.23510742,608.198791504
1654.2052002,606.864013672
1654.21789551,606.871398926
1654.15893555,606.851257324
1654.2052002,606.864013672
1654.0925293,606.840881348
1654.06018066,606.839050293
1654.05004883,606.84173584
1654.02502441,606.827148438
1654.0267334,606.83380127
1653.93505859,606.808654785
1653.93603516,606.811950684
1663.05432129,610.224914551
1663.01953125,610.216247559
1663.02062988,610.263000488
1662.89331055,610.228759766
1662.74230957,610.139892578
1662.70727539,610.174377441
1662.60400391,610.14831543
1662.5802002,610.140197754
1662.49975586,610.118835449
1662.39489746,610.042724609
1662.33764648,610.029418945
1662.32617188,610.025268555
1662.30395508,610.024108887
1662.26855469,610.01184082
1662.08276367,609.957702637
1662.07373047,610.010375977
1662.02807617,609.99786377
1662.01696777,609.996948242
1661.96765137,609.92755127
1661.95605469,609.923522949
1661.97131348,609.987731934
1661.82275391,609.952331543
1661.72045898,609.929748535
1661.70861816,609.925598145
1661.70947266,609.928894043
1661.64074707,609.911560059
1661.50964355,609.817321777
1661.57250977,609.897460938
1661.44702148,609.870178223
1661.30383301,609.768554688
1661.36779785,609.85546875
1661.25805664,609.75592041
1661.24841309,609.761901855
1661.23498535,609.751098633
1661.22338867,609.747192383
1661.29846191,609.834777832
1661.21374512,609.753112793
1661.10852051,609.807006836
1660.93933105,609.687194824
1660.99511719,609.783508301
1660.91601562,609.678955078
1660.87072754,609.669677734
1660.7467041,609.645812988
1660.75964355,609.746398926
1660.61218262,609.624572754
1660.56567383,609.611816406
1660.68041992,609.72845459
1660.53259277,609.609802246
1660.48681641,609.597229004
1660.47583008,609.596679688
1660.3861084,609.581237793
1660.38696289,609.584777832
1660.38696289,609.584777832
1660.49279785,609.710632324
1660.3079834,609.570068359
1660.3079834,609.570068359
1660.2857666,609.565551758
1660.25268555,609.563537598
1660.17370605,609.54888916
1660.17370605,609.54888916
1660.16296387,609.548278809
1660.11804199,609.53894043
1660.10644531,609.538269043
1660.02844238,609.526977539
1660.16271973,609.681396484
1660.15112305,609.677124023
1660.16369629,609.684692383
1659.89538574,609.509338379
1659.85144043,609.506713867
1660.1081543,609.678100586
1659.95800781,609.679199219
1659.6003418,609.491882324
1659.5880127,609.484375
1659.57702637,609.483825684
1659.5546875,609.479064941
1659.80822754,609.683776855
1659.75354004,609.680358887
1659.75439453,609.683898926
1659.68969727,609.683349609
1659.37158203,609.47845459
1659.33740234,609.469726562
1659.35009766,609.48034668
1659.32702637,609.472412109
1659.30432129,609.467773438
1659.57617188,609.703308105
1658.97485352,609.485046387
1658.98925781,609.498962402
1658.98059082,609.508544922
