1111.90197754,139.86239624
1111.89733887,139.863616943
1111.90197754,139.86239624
1112.01159668,139.874572754
1112.02209473,139.875671387
1112.00134277,139.875183105
1112.02746582,139.880111694
1112.03759766,139.877502441
1112.04833984,139.880630493
1112.07458496,139.883453369
1112.09521484,139.885772705
1111.78747559,139.851470947
1111.79296875,139.853988647
1111.78747559,139.851470947
1110.54431152,139.741088867
1110.5501709,139.75302124
1110.5501709,139.75302124
1110.55004883,139.754943848
1110.55004883,139.754943848
1110.55541992,139.76499939
1111.14294434,139.807846069
1111.13769531,139.809265137
1111.11706543,139.806838989
1110.98693848,139.79989624
1110.98217773,139.805023193
1110.99267578,139.806182861
1110.97192383,139.805740356
1110.9666748,139.805175781
1110.95080566,139.801559448
1110.99279785,139.817596436
1111.01855469,139.809051514
1111.00354004,139.816848755
1111.00354004,139.816848755
1110.97753906,139.817718506
1110.96704102,139.816604614
1110.93530273,139.801773071
1111.02404785,139.811538696
1111.02404785,139.811538696
1111.03930664,139.813293457
1110.93066406,139.814346313
1110.90380859,139.796340942
1110.90368652,139.794418335
1110.92016602,139.813171387
1110.92016602,139.813171387
1111.06030273,139.817520142
1111.0604248,139.813690186
1111.06066895,139.823165894
1111.07080078,139.816848755
1111.06567383,139.821868896
1111.08117676,139.823669434
1111.08605957,139.81854248
1111.10180664,139.820297241
1111.11743164,139.825881958
1111.13305664,139.825683594
1111.14880371,139.827392578
1110.85803223,139.81010437
1110.8684082,139.811172485
1110.87365723,139.811737061
1110.7956543,139.80682373
1110.76452637,139.805267334
1110.74365234,139.804901123
1110.73352051,139.803649902
1108.75720215,139.662353516
1108.76293945,139.674209595
1110.05053711,139.821807861
1110.0612793,139.828720093
1110.03015137,139.825119019
1110.00915527,139.822845459
1108.21484375,139.648895264
1108.22021484,139.651306152
1108.22033691,139.653152466
1108.19433594,139.648376465
1108.21484375,139.648895264
1108.16357422,139.652481079
1108.14819336,139.656463623
1108.15332031,139.660827637
1108.14331055,139.65965271
1108.13256836,139.654785156
1108.13293457,139.658508301
1112.09606934,140.288131714
1112.06066895,140.316299438
1111.97155762,140.285476685
1111.95678711,140.314102173
1111.93078613,140.315048218
1111.9050293,140.312149048
1111.89453125,140.311019897
1111.85803223,140.310638428
1111.81542969,140.281356812
1111.78930664,140.282180786
1111.78393555,140.281677246
1111.77355957,140.284332275
1111.75817871,140.282440186
1111.67492676,140.278884888
1111.6661377,140.311904907
1111.64367676,140.27923584
1111.65063477,140.315734863
1111.64038086,140.312652588
1111.62341309,140.278701782
1111.55224609,140.316070557
1111.50537109,140.318405151
1111.50024414,140.317871094
1111.50024414,140.319763184
1111.46923828,140.320037842
1111.41625977,140.283813477
1111.43811035,140.322265625
1111.42773438,140.324859619
1111.38134766,140.325363159
1111.32275391,140.286682129
1111.34533691,140.328765869
1111.30200195,140.286239624
1111.29711914,140.291290283
1111.29162598,140.286987305
1111.31408691,140.327209473
1111.28137207,140.291427612
1111.22668457,140.340011597
1111.16760254,140.29574585
1111.15722656,140.294494629
1111.17456055,140.343658447
1111.13671875,140.297897339
1111.06945801,140.299743652
1111.07177734,140.358505249
1111.06115723,140.359359741
1111.00756836,140.307907104
1110.97131348,140.311431885
1110.94543457,140.312362671
1110.97363281,140.374069214
1110.9041748,140.317138672
1110.90429688,140.319122314
1110.90429688,140.319122314
1110.94311523,140.378005981
1110.86804199,140.32258606
1110.86804199,140.32258606
1110.85766602,140.323257446
1110.84240723,140.327285767
1110.81164551,140.333206177
1110.80651855,140.330749512
1110.80651855,140.330749512
1110.80114746,140.332061768
1110.77526855,140.334884644
1110.77575684,140.342391968
1110.77075195,140.343643188
1110.80957031,140.410308838
1110.78881836,140.411849976
1110.78369141,140.411209106
1110.78894043,140.413711548
1110.79406738,140.414382935
1110.69189453,140.442352295
1110.53918457,140.385742188
1110.53405762,140.383209229
1110.52868652,140.384490967
1110.51843262,140.385269165
1110.61999512,140.468353271
1110.59436035,140.474990845
1110.59460449,140.476821899
1110.56396484,140.486541748
1110.43151855,140.41317749
1110.41589355,140.413391113
1110.42126465,140.417770386
1110.41088867,140.416625977
1110.4005127,140.417297363
1110.50817871,140.516189575
1110.24255371,140.47883606
1110.2479248,140.485168457
1110.24304199,140.49206543
