1628.10131836,597.357727051
1628.09118652,597.360473633
1628.09240723,597.363830566
1628.10131836,597.357727051
1628.11694336,597.381347656
1628.12890625,597.38848877
1628.10742188,597.384155273
1628.11877441,597.388061523
1628.1307373,597.39831543
1628.1307373,597.39831543
1625.08996582,596.41027832
1628.47033691,597.605407715
1628.44873047,597.601135254
1628.41467285,597.589355469
1628.3581543,597.570129395
1628.34802246,597.569580078
1628.32446289,597.558532715
1628.27929688,597.54309082
1628.21118164,597.519897461
1628.14367676,597.496765137
1628.14367676,597.496765137
1628.06542969,597.472900391
1628.00915527,597.453613281
1628.00817871,597.450378418
1628.00817871,597.450378418
1627.98681641,597.446044922
1627.96289062,597.434875488
1627.95166016,597.431152344
1627.89599609,597.415039062
1627.86242676,597.403442383
1627.79370117,597.377075195
1627.79370117,597.377075195
1627.76074219,597.368713379
1627.74926758,597.364990234
1625.12487793,596.473754883
1625.13891602,596.487609863
1626.01818848,596.836669922
1625.9967041,596.835449219
1626.05310059,596.854614258
1625.96203613,596.820617676
1626.12072754,596.877746582
1626.11938477,596.874267578
1625.91809082,596.80847168
1626.17712402,596.897094727
1626.18835449,596.901000977
1626.19946289,596.904785156
1626.23339844,596.916259766
1626.24743652,596.933227539
1626.2701416,596.940856934
1626.2701416,596.940856934
1626.30090332,596.93939209
1626.30090332,596.93939209
1626.32470703,596.953552246
1626.37023926,596.969116211
1626.37988281,596.966369629
1626.38061523,596.969726562
1626.04711914,596.873840332
1625.89001465,596.823364258
1625.86804199,596.818664551
1625.92456055,596.83807373
1625.68981934,596.76373291
1625.75744629,596.786804199
1625.56750488,596.728149414
1625.51171875,596.711853027
1625.3671875,596.668518066
1625.37817383,596.672485352
1625.36791992,596.671875
1625.34594727,596.664306641
1621.32336426,595.412597656
1621.32434082,595.416015625
1624.18811035,596.407775879
1624.21166992,596.421813965
1624.15600586,596.402709961
1624.12268066,596.394592285
1624.078125,596.37902832
1624.06652832,596.375244141
1624.0534668,596.364685059
1624.02246094,596.363098145
1620.18640137,595.087036133
1620.14428711,595.084838867
1620.11999512,595.067443848
1620.13452148,595.084350586
1620.11108398,595.073547363
1620.11193848,595.076782227
1620.11218262,595.079956055
1620.09912109,595.06640625
1620.0690918,595.071228027
1620.07019043,595.074523926
1620.05786133,595.067382812
1620.03503418,595.056518555
1620.03503418,595.056518555
1620.0246582,595.055969238
1620.0246582,595.055969238
1619.94995117,595.045654297
1619.90600586,595.033508301
1619.90600586,595.033508301
1628.61169434,598.306396484
1628.53405762,598.331481934
1628.53405762,598.331481934
1628.48937988,598.319274902
1628.16772461,598.23034668
1628.12341309,598.221374512
1628.02209473,598.141052246
1628.01062012,598.137207031
1628.05749512,598.204711914
1627.95690918,598.127746582
1627.94567871,598.123901367
1627.86767578,598.10345459
1627.83398438,598.09173584
1627.81298828,598.090637207
1627.82214355,598.130310059
1627.81225586,598.13293457
1627.73535156,598.0703125
1627.72558594,598.072937012
1627.74743652,598.12298584
1627.69091797,598.103637695
1627.69238281,598.106994629
1627.70361328,598.114074707
1627.68212891,598.109619141
1627.62414551,598.038085938
1627.62683105,598.09362793
1627.60424805,598.089050293
1627.59375,598.088562012
1627.51550293,598.064941406
1627.50292969,598.008789062
1627.50610352,598.067687988
1627.46264648,598.058837891
1627.33654785,597.963989258
1627.27661133,598.019470215
1627.17175293,597.92590332
1627.18249512,597.926452637
1627.1517334,597.928100586
1627.12341309,597.985168457
1627.09997559,597.974121094
1627.05273438,597.903320312
1626.99169922,597.955444336
1626.98059082,597.951293945
1626.91931152,597.866699219
1626.91931152,597.866699219
1626.9597168,597.950317383
1626.83276367,597.852233887
1626.81079102,597.844665527
1626.80004883,597.843933105
1626.73461914,597.830688477
1626.55883789,597.788818359
1626.47180176,597.771118164
1626.45056152,597.860961914
1626.21191406,597.72454834
1626.41918945,597.859313965
1626.35339355,597.842712402
1626.34423828,597.848693848
1626.08239746,597.70135498
1626.2166748,597.835327148
1626.13085938,597.824279785
1626.13171387,597.827453613
1626.0859375,597.808837891
1626.10925293,597.819702148
1626.07714844,597.814880371
1626.02368164,597.80871582
1626.0020752,597.804321289
1626.02514648,597.815307617
1625.97277832,597.8125
1625.96130371,597.80847168
1625.79406738,597.666259766
1625.76000977,597.654785156
1625.97338867,597.815734863
1625.71789551,597.652404785
1625.68579102,597.647338867
1625.67492676,597.646972656
1625.78381348,597.802307129
1625.70996094,597.798278809
1625.69958496,597.797668457
1625.45153809,597.621765137
1625.39929199,597.619140625
1625.62817383,597.803588867
1625.35864258,597.623352051
1625.33825684,597.625427246
1625.30383301,597.610717773
1625.57641602,597.804016113
1625.25280762,597.614440918
1625.25280762,597.614440918
1625.52563477,597.807922363
1625.20959473,597.60546875
1625.48266602,597.802246094
1625.16723633,597.60333252
1625.45446777,597.813781738
1624.82568359,597.604370117
1624.72583008,597.621765137
1624.68383789,597.619384766
