720.843322754,-122.566604614
720.850585938,-122.566436768
720.89440918,-122.57195282
720.913757324,-122.574966431
721.089355469,-122.591567993
721.106567383,-122.592918396
721.109008789,-122.593261719
721.116271973,-122.59563446
721.226013184,-122.60610199
721.231018066,-122.605575562
721.252807617,-122.607696533
721.260131836,-122.60887146
721.267456055,-122.608703613
721.270019531,-122.609008789
721.272460938,-122.609420776
721.282165527,-122.610870361
721.095397949,-122.509666443
721.093078613,-122.508018494
721.100463867,-122.506538391
721.102905273,-122.506912231
721.088378906,-122.50340271
721.083251953,-122.506469727
721.109985352,-122.510566711
721.108032227,-122.505065918
721.12512207,-122.503890991
721.137329102,-122.505775452
721.141906738,-122.5103302
721.139526367,-122.506233215
721.149475098,-122.508842468
721.151672363,-122.510612488
721.151916504,-122.508056641
