1431.86486816,292.675415039
1431.85681152,292.678771973
1431.89086914,292.687713623
1437.62207031,293.846252441
1437.63085938,293.850311279
1437.63903809,293.849487305
1437.64794922,293.85357666
1437.65612793,293.852630615
1437.66479492,293.854248047
1437.65686035,293.860229492
1437.6652832,293.859283447
1437.67370605,293.85836792
1437.44335938,293.820159912
1437.45263672,293.826812744
1437.45300293,293.829315186
1437.47009277,293.832519531
1438.23986816,293.979370117
1438.24060059,293.986968994
1438.25756836,293.990142822
1438.27380371,293.988342285
1438.41101074,294.016571045
1438.44580078,294.025360107
1438.47216797,294.035339355
1438.4810791,294.039459229
1438.49865723,294.610717773
1438.59326172,294.628326416
1438.38989258,294.607452393
1438.37255859,294.604309082
1438.61010742,294.631530762
1438.36437988,294.602600098
1438.3548584,294.596008301
1438.32910156,294.591156006
1438.30419922,294.591278076
1438.24462891,294.582611084
1438.22705078,294.574401855
