1660.23168945,605.617675781
1660.22253418,605.623840332
1660.22253418,605.623840332
1660.21240234,605.626647949
1660.2265625,605.640686035
1660.22766113,605.643920898
1660.22766113,605.643920898
1659.05871582,605.259094238
1659.04772949,605.258422852
1659.06079102,605.269104004
1659.06262207,605.276000977
1658.46459961,605.069274902
1658.46838379,605.085998535
1658.48364258,605.103637695
1658.60021973,605.140075684
1658.61218262,605.147338867
1658.61328125,605.150817871
1658.61645508,605.164306641
1658.10974121,604.979553223
1658.09973145,604.982299805
1658.10974121,604.979553223
1658.63476562,605.195129395
1658.6373291,605.205322266
1661.9987793,606.376586914
1662.00061035,606.383361816
1662.02331543,606.387939453
1661.96533203,606.371398926
1661.95300293,606.363952637
1662.05908203,606.403320312
1662.09362793,606.411865234
1662.10656738,606.419372559
1661.61181641,606.24798584
1661.62365723,606.252075195
1661.61303711,606.251342773
1661.58898926,606.243347168
1661.66027832,606.267578125
1661.68237305,606.272094727
1661.69519043,606.27935791
1661.61181641,606.24798584
1661.53088379,606.223388672
1661.51928711,606.219543457
1661.51928711,606.219543457
1661.78808594,606.307922363
1661.50708008,606.215454102
1659.92456055,605.726501465
1659.87841797,605.713867188
1658.69799805,605.324707031
1658.71411133,605.345581055
1659.50622559,605.599731445
1659.49536133,605.599060059
1659.51879883,605.607116699
1659.48352051,605.595092773
1659.54211426,605.614990234
1659.4720459,605.591125488
1659.56652832,605.626281738
1659.56652832,605.626281738
1659.64880371,605.654296875
1659.5838623,605.653869629
1659.67126465,605.658874512
1659.69519043,605.670227051
1659.65344238,605.674438477
1659.6652832,605.678466797
1659.71789551,605.674926758
1659.63012695,605.666381836
1659.59570312,605.65802002
1659.5847168,605.657287598
1659.60742188,605.661804199
1659.54870605,605.641967773
1659.63037109,605.66973877
1659.96508789,605.761962891
1659.97717285,605.769348145
1659.98852539,605.770019531
1659.94335938,605.760620117
1660.01159668,605.777893066
1659.92016602,605.752685547
1659.88586426,605.74420166
1659.86035156,605.729431152
1659.4453125,605.612854004
1659.37536621,605.592224121
1659.35192871,605.584350586
1659.34033203,605.580200195
1659.4453125,605.612854004
1659.27062988,605.559692383
1659.25964355,605.559082031
1659.24829102,605.555114746
1659.23632812,605.551147461
1657.67529297,605.180297852
1657.60656738,605.163269043
1657.60742188,605.166748047
1657.58227539,605.151977539
1657.51318359,605.131408691
1653.49963379,603.805541992
1653.49035645,603.811767578
1653.44543457,603.802612305
1653.41027832,603.790649414
1653.41027832,603.790649414
1653.40026855,603.793395996
1653.38952637,603.792785645
1653.36804199,603.791564941
1653.24230957,603.758117676
1653.26550293,603.765991211
1653.26672363,603.769348145
1653.27709961,603.770019531
1653.27819824,603.773254395
1662.24462891,607.125549316
1662.10620117,607.087646484
1662.25756836,607.179504395
1662.04833984,607.070983887
1662.04833984,607.070983887
1662.07299805,607.128845215
1661.99182129,607.061218262
1661.95751953,607.05255127
1661.87573242,607.027770996
1661.87573242,607.027770996
1661.8302002,607.018554688
1661.7935791,606.999694824
1661.70178223,606.977966309
1661.66784668,606.969177246
1661.61083984,606.956115723
1661.50622559,606.926757812
1661.48303223,606.918640137
1661.53198242,606.988098145
1661.49755859,606.979370117
1661.46289062,606.970703125
1661.20666504,606.846313477
1661.2442627,606.911743164
1661.21960449,606.90032959
1661.20983887,606.903015137
1661.07995605,606.8125
1661.1541748,606.896484375
1661.1541748,606.896484375
1661.13061523,606.888427734
1661.00646973,606.864746094
1660.9041748,606.842224121
1660.71435547,606.724975586
1660.82373047,606.820983887
1660.79003906,606.815795898
1660.46459961,606.670898438
1660.37353516,606.652160645
1660.52941895,606.764282227
1660.52941895,606.764282227
1660.5065918,606.756286621
1660.28295898,606.633789062
1660.21374512,606.616394043
1660.37207031,606.735107422
1660.14611816,606.602600098
1660.04394531,606.58013916
1660.02099609,606.575378418
1660.16967773,606.700317383
1659.97619629,606.56628418
1659.94311523,606.56439209
1659.95751953,606.668151855
1659.77697754,606.541564941
1659.77478027,606.534790039
1659.92236328,606.65637207
1659.91223145,606.658935547
1659.88989258,606.654296875
1659.88989258,606.654296875
1659.67346191,606.51574707
1659.58361816,606.500366211
1659.49450684,606.488952637
1659.71350098,606.637634277
1659.19421387,606.448364258
1659.1184082,606.447265625
1659.10717773,606.44329834
1659.08349609,606.43536377
1659.4934082,606.618286133
1659.03942871,606.429382324
1659.03942871,606.429382324
1659.03039551,606.435791016
1659.40710449,606.616699219
1659.00720215,606.430969238
1659.36376953,606.614074707
1658.94213867,606.427124023
1659.31958008,606.611572266
1659.30969238,606.614318848
1658.86767578,606.42956543
1659.19897461,606.601257324
1659.10498047,606.612548828
1659.11682129,606.616699219
1658.65783691,606.407775879
1659.02172852,606.624511719
1658.98791504,606.61907959
1658.54003906,606.407531738
1658.52954102,606.410217285
1658.51782227,606.40625
1658.46496582,606.409729004
1658.91577148,606.631530762
1658.41052246,606.406677246
1658.36877441,606.411010742
1658.35058594,606.426452637
1658.35058594,606.426452637
1658.33947754,606.426025391
1658.29711914,606.426696777
1658.28198242,606.452392578
1658.25256348,606.420776367
1658.24255371,606.423706055
1658.2331543,606.429748535
1658.23596191,606.439697266
