679.269897461,96.9505157471
679.254638672,96.9498519897
679.269897461,96.9505157471
679.267578125,96.9611740112
679.265441895,96.9609909058
679.252319336,96.9496612549
679.245849609,96.9488143921
679.254516602,96.9584197998
679.250061035,96.9578781128
679.234680176,96.947555542
679.228088379,96.9468078613
679.223449707,96.9560470581
679.212524414,96.9461975098
679.206115723,96.9441146851
679.199279785,96.9543609619
679.194641113,96.9526748657
679.190551758,96.9435653687
679.192504883,96.9536514282
679.186035156,96.9528121948
679.190551758,96.9435653687
679.176940918,96.9518508911
679.164001465,96.9404144287
679.155151367,96.9394836426
679.146362305,96.938331604
679.144226074,96.9392700195
679.146057129,96.9493789673
679.137390137,96.9385604858
679.128662109,96.9374542236
679.130737305,96.9476089478
679.126220703,96.9471130371
679.113220215,96.9357376099
679.093139648,96.9455337524
679.093261719,96.9346694946
679.086486816,96.9337997437
679.081970215,96.9443130493
679.08001709,96.9354324341
679.08215332,96.9344787598
679.077819824,96.9340515137
679.066467285,96.9436950684
679.064208984,96.9446640015
679.059875488,96.9442138672
679.057678223,96.9439239502
679.046691895,96.9426345825
679.040039062,96.9418106079
679.03338623,96.9409942627
679.03338623,96.9409942627
679.020263672,96.9297180176
679.022399902,96.9421234131
679.018066406,96.9294052124
678.991271973,96.9409942627
678.989318848,96.9406585693
678.982543945,96.9277267456
678.94519043,96.9257888794
678.94519043,96.9257888794
678.943115234,96.9254989624
678.943115234,96.9254989624
678.929748535,96.9263916016
678.929748535,96.9263916016
678.920776367,96.9253540039
678.909912109,96.9252853394
678.905029297,96.9370117188
678.905029297,96.9370117188
678.907592773,96.9262619019
678.896484375,96.9249038696
678.878417969,96.9387969971
678.869934082,96.9242935181
678.867736816,96.9240264893
678.869812012,96.93775177
678.865539551,96.9261627197
678.865478516,96.9237747192
678.858825684,96.924156189
678.845581055,96.9239654541
678.841125488,96.9246063232
678.823425293,96.9236984253
678.821166992,96.9247055054
678.818847656,96.939163208
678.814208984,96.9373245239
678.801086426,96.9406433105
678.798950195,96.9404067993
678.783447266,96.9410629272
678.772277832,96.9421920776
678.758850098,96.9406051636
678.758850098,96.9406051636
678.746032715,96.9256744385
678.75012207,96.9433059692
678.741577148,96.9250488281
678.741088867,96.9434738159
678.721557617,96.927734375
678.719543457,96.9273986816
678.730041504,96.9434280396
678.719421387,96.9298934937
678.71697998,96.9454727173
678.710266113,96.9459609985
678.701782227,96.9277572632
678.697265625,96.929725647
678.694702148,96.9465866089
678.690429688,96.9472503662
678.688110352,96.9482421875
678.677246094,96.932258606
678.675109863,96.930809021
678.670715332,96.9314422607
678.670715332,96.9314422607
678.6640625,96.9307098389
678.661682129,96.9317474365
678.655212402,96.9332733154
678.670410156,96.9510421753
678.639648438,96.9340209961
678.639648438,96.9340209961
678.630981445,96.9341506958
678.617492676,96.9350967407
678.608703613,96.9365234375
678.606445312,96.938621521
678.597595215,96.938949585
678.605957031,96.9606628418
678.603881836,96.9603729248
678.592651367,96.9627456665
678.590332031,96.9625015259
678.579772949,96.9416809082
678.575500488,96.9410934448
678.568664551,96.942741394
678.579345703,96.9673461914
678.572753906,96.9676971436
678.563781738,96.9704055786
678.563781738,96.9704055786
678.548278809,96.9734344482
678.537109375,96.9782791138
678.532592773,96.9789962769
678.534851074,96.9791564941
678.528198242,96.9809112549
678.519348145,96.9835128784
678.512634277,96.985244751
678.468994141,96.9641418457
678.490478516,96.9948043823
678.453308105,96.9684295654
678.437683105,96.9739303589
678.419921875,96.9792022705
678.447937012,97.0106735229
678.406555176,96.9849853516
678.439331055,97.0168991089
678.438964844,97.0194778442
678.432495117,97.0198669434
678.430175781,97.022102356
678.427978516,97.0218505859
678.427978516,97.0218505859
678.423400879,97.0285949707
678.375488281,96.9996414185
678.364196777,97.0045166016
678.412231445,97.0382995605
678.350708008,97.0090179443
678.33984375,97.0162582397
678.382995605,97.0655288696
678.373962402,97.0729904175
678.373901367,97.0754241943
678.371520996,97.0763626099
678.371704102,97.0776062012
678.355773926,97.0966262817
678.355773926,97.0966262817
678.27911377,97.0643005371
678.278991699,97.0654678345
678.355712891,97.0978317261
678.35333252,97.0999832153
678.276855469,97.0701751709
678.274475098,97.0710830688
678.346557617,97.1163330078
678.348754883,97.1177978516
678.344055176,97.1271133423
678.25402832,97.1017532349
678.34161377,97.1389923096
678.249450684,97.1073379517
678.249450684,97.1073379517
678.247375488,97.1045455933
678.247314453,97.1071090698
678.247131348,97.110748291
678.339355469,97.1436691284
678.24029541,97.1210098267
678.233520508,97.1312026978
678.233520508,97.1349105835
678.332275391,97.1733703613
678.332092285,97.1770706177
678.294555664,97.1713790894
678.323303223,97.1748046875
678.254882812,97.1679534912
678.254882812,97.1679534912
678.230834961,97.1614151001
678.224243164,97.1618499756
678.865844727,97.1296691895
678.86151123,97.1303787231
678.92755127,97.1491546631
678.934204102,97.1536331177
678.925231934,97.155090332
678.940734863,97.1568832397
678.938476562,97.1578292847
678.944946289,97.1610412598
678.942871094,97.1643981934
678.944763184,97.1659698486
678.949157715,97.1701278687
678.951416016,97.171585083
678.951477051,97.174079895
678.948852539,97.1799316406
678.948852539,97.1799316406
679.265686035,97.287071228
679.265625,97.2895126343
679.272216797,97.2878570557
679.256713867,97.2873382568
679.256774902,97.2884979248
679.254455566,97.2883071899
679.254699707,97.2895126343
679.23046875,97.2877197266
679.228027344,97.2875366211
679.223693848,97.2870101929
679.251525879,97.3405532837
679.253601074,97.34324646
679.20489502,97.3399734497
679.202758789,97.3409118652
679.144042969,97.2863006592
679.19152832,97.3408813477
679.112915039,97.2874603271
679.104248047,97.2851486206
679.104125977,97.2876586914
679.127380371,97.3406524658
679.123046875,97.34009552
679.118652344,97.3408050537
679.116394043,97.3405532837
679.107421875,97.339553833
679.088684082,97.2858352661
679.073303223,97.2839889526
679.067687988,97.3384475708
679.061035156,97.3377685547
679.054321289,97.3405914307
679.052185059,97.3390884399
679.043334961,97.3404846191
679.040100098,97.2837982178
679.036621094,97.337348938
679.029968262,97.3377685547
679.027954102,97.3386306763
679.015563965,97.284538269
679.015563965,97.284538269
678.985717773,97.3398666382
678.937072754,97.3378677368
678.942565918,97.2845687866
678.932678223,97.337272644
678.915039062,97.3388671875
678.871765137,97.2822647095
678.845336914,97.2816162109
678.843017578,97.2850570679
678.838684082,97.2833023071
678.781066895,97.2814941406
678.78112793,97.2802200317
678.7890625,97.3350219727
678.771179199,97.3353881836
678.764526367,97.3346099854
678.760070801,97.335357666
678.744689941,97.333480835
678.725830078,97.2798309326
678.735717773,97.332572937
678.735717773,97.332572937
678.731323242,97.3332443237
678.710388184,97.2791442871
678.711547852,97.3308486938
678.711547852,97.3308486938
678.703735352,97.2795944214
678.696960449,97.2789382935
678.702819824,97.3322067261
678.670593262,97.2793807983
678.66394043,97.2786331177
678.680603027,97.3332519531
678.65625,97.3328552246
678.65625,97.3328552246
678.626403809,97.2754516602
678.605407715,97.331741333
678.598693848,97.3322067261
678.585449219,97.3306121826
678.578918457,97.3297958374
678.565673828,97.3307189941
678.563354492,97.3292922974
678.55670166,97.3309402466
678.543518066,97.3294219971
678.544555664,97.2731781006
678.533630371,97.2743377686
678.534729004,97.3319854736
678.51373291,97.2731399536
678.507080078,97.2724227905
678.499389648,97.3266296387
678.481567383,97.3282852173
678.471618652,97.2731781006
678.479431152,97.3278579712
678.455078125,97.3288040161
678.440856934,97.2719116211
678.436340332,97.2714996338
678.42755127,97.2715454102
678.384338379,97.3277587891
678.352294922,97.2724914551
678.352294922,97.2724914551
678.296936035,97.2782592773
678.272521973,97.2852249146
678.272521973,97.2852249146
678.252563477,97.2840576172
678.243652344,97.285446167
678.240539551,97.3474960327
678.234191895,97.3296127319
678.217468262,97.2798690796
678.210754395,97.2802505493
678.255249023,97.3762893677
678.255187988,97.3774185181
678.220947266,97.3231964111
678.418029785,97.4125900269
678.261535645,97.3916397095
678.250732422,97.3829727173
678.254943848,97.3896942139
678.201965332,97.2780456543
678.257141113,97.3935165405
678.188903809,97.2764511108
678.179992676,97.2741470337
678.203308105,97.3210678101
678.428833008,97.4309387207
678.426513672,97.4344177246
678.185791016,97.3202362061
678.196655273,97.3227233887
678.190002441,97.3219528198
678.168945312,97.2716522217
678.166748047,97.2702789307
678.178955078,97.319442749
678.178955078,97.319442749
678.174560547,97.3176956177
678.265563965,97.4165802002
678.430908203,97.4361038208
678.437438965,97.446685791
678.153625488,97.2661895752
678.161499023,97.3210144043
678.437316895,97.4478912354
678.443908691,97.4523391724
678.443908691,97.4523391724
678.148071289,97.3206481934
678.135742188,97.2653884888
678.04888916,97.3199234009
678.044250488,97.3194122314
678.042053223,97.319152832
678.03326416,97.3205413818
678.012451172,97.2617721558
678.007751465,97.2637329102
678.005554199,97.2646942139
678.01348877,97.3206863403
678.003356934,97.26197052
677.994689941,97.2645950317
677.99822998,97.3150863647
677.981506348,97.2629699707
677.993652344,97.3158340454
677.970275879,97.2605209351
677.95715332,97.2601470947
677.976013184,97.314994812
677.971496582,97.316986084
677.943908691,97.2597579956
677.941650391,97.2620391846
677.956054688,97.3163299561
677.934814453,97.2637329102
677.938476562,97.3154830933
677.934082031,97.3173599243
677.91973877,97.2594451904
677.929382324,97.318145752
677.920837402,97.3158340454
677.91192627,97.3172302246
677.890991211,97.2597351074
677.889831543,97.3159408569
677.873168945,97.262588501
677.866638184,97.2653808594
677.862060547,97.2636642456
677.860046387,97.2645874023
677.858886719,97.3159408569
677.823669434,97.3142166138
677.823669434,97.3154449463
677.805847168,97.3146514893
677.805847168,97.3146514893
677.797058105,97.3135375977
677.79486084,97.3132858276
677.791259766,97.279800415
677.777770996,97.2819366455
677.727050781,97.2832107544
677.718444824,97.2833786011
677.700622559,97.2825622559
677.667663574,97.2761917114
677.667663574,97.2761917114
677.663146973,97.2769088745
677.661010742,97.2766571045
677.660949707,97.2743225098
677.625,97.3091125488
677.620788574,97.3073654175
677.609680176,97.3073272705
677.625976562,97.2615585327
677.587646484,97.3071746826
677.606262207,97.2518463135
677.561096191,97.3088912964
677.571166992,97.2501296997
677.554626465,97.3081130981
677.54888916,97.2512588501
677.546875,97.2484664917
677.540222168,97.2501449585
677.529052734,97.2512588501
677.540100098,97.2477493286
677.531311035,97.2478866577
677.52911377,97.2500915527
677.507080078,97.2487335205
677.506103516,97.3048706055
