704.518798828,-113.709854126
704.511901855,-113.706390381
703.52722168,-113.467796326
703.52722168,-113.466621399
703.52722168,-113.466621399
703.504760742,-113.457122803
703.49798584,-113.454879761
703.486633301,-113.450874329
703.477600098,-113.44947052
703.47277832,-113.448898315
703.341552734,-113.403945923
703.34375,-113.404327393
703.34387207,-113.402946472
703.346008301,-113.40335083
703.332519531,-113.397750854
703.341552734,-113.403945923
703.284912109,-113.383430481
703.280395508,-113.381538391
