1645.64819336,601.092041016
1645.62597656,601.087585449
1645.63928223,601.098083496
1645.63928223,601.098083496
1645.64819336,601.092041016
1645.64208984,601.11138916
1645.64306641,601.114562988
1645.64306641,601.114562988
1646.02490234,601.250976562
1645.98059082,601.241882324
1646.07373047,601.276794434
1646.11120605,601.301818848
1646.12353516,601.308959961
1646.12414551,601.312255859
1645.9876709,601.271789551
1645.97570801,601.268005371
1645.97570801,601.268005371
1646.08032227,601.30670166
1644.82666016,600.888549805
1644.82873535,600.898620605
1644.83068848,600.905151367
1644.24267578,600.701843262
1644.25805664,600.722351074
1647.48400879,601.812438965
1647.48474121,601.815734863
1647.4954834,601.81640625
1644.38769531,600.778930664
1644.38818359,600.782287598
1644.39172363,600.795471191
1643.89355469,600.613769531
1643.88366699,600.616271973
1643.88452148,600.619628906
1643.9083252,600.630737305
1643.89758301,600.630310059
1643.89758301,600.630310059
1643.89355469,600.613769531
1646.19677734,601.441345215
1646.20837402,601.445251465
1646.21960449,601.44909668
1645.68713379,601.350341797
1645.69873047,601.354248047
1645.63122559,601.337402344
1645.76806641,601.377990723
1645.51672363,601.301513672
1645.47351074,601.298950195
1645.4510498,601.294494629
1645.4276123,601.28326416
1645.40527344,601.278808594
1645.42114258,601.30267334
1645.40991211,601.29876709
1645.38696289,601.290893555
1645.3248291,601.251342773
1645.3248291,601.251342773
1645.38757324,601.294189453
1645.36450195,601.286437988
1645.35327148,601.282470703
1645.3416748,601.278564453
1645.34228516,601.281860352
1645.30102539,601.240234375
1645.27770996,601.232299805
1645.26538086,601.225036621
1645.2545166,601.22442627
1645.3067627,601.266662598
1645.24328613,601.220458984
1645.23156738,601.21661377
1645.1472168,601.218322754
1645.13635254,601.217956543
1645.11376953,601.210021973
1645.10119629,601.206115723
1645.20483398,601.238037109
1645.20483398,601.238037109
1645.05566406,601.190368652
1645.03320312,601.185668945
1645.02270508,601.185241699
1645.0111084,601.181274414
1644.99938965,601.177307129
1644.83959961,601.128967285
1644.90930176,601.152587891
1644.90930176,601.152587891
1644.36083984,600.984191895
1644.37329102,600.991455078
1644.30432129,600.967895508
1644.26953125,600.955993652
1644.46472168,601.01953125
1644.05334473,600.891662598
1644.07629395,600.899353027
1644.07739258,600.902648926
1644.0078125,600.879089355
1643.85986328,600.834838867
1643.87158203,600.838806152
1643.88293457,600.842651367
1643.7689209,600.80682373
1643.72387695,600.794433594
1643.66662598,600.778076172
1643.66662598,600.778076172
1643.56420898,600.74621582
1643.58703613,600.75402832
1643.5189209,600.733886719
1643.49645996,600.729248047
1643.42736816,600.705810547
1643.359375,600.685668945
1643.30249023,600.669128418
1643.18933105,600.636657715
1643.12109375,600.616577148
1643.12109375,600.616577148
1643.10974121,600.612609863
1643.05310059,600.596557617
1642.99621582,600.58001709
1642.89343262,600.548339844
1642.85998535,600.539733887
1642.85998535,600.539733887
1642.80358887,600.523620605
1642.46154785,600.419433594
1642.4510498,600.418701172
1642.46154785,600.419433594
1641.88305664,600.249633789
1641.81494141,600.229309082
1641.79150391,600.221618652
1643.46325684,600.812866211
1643.39550781,600.795898438
1643.37194824,600.784729004
1643.30383301,600.764465332
1643.2923584,600.760620117
1639.35656738,599.458435059
1639.34716797,599.464477539
1639.30310059,599.455688477
1639.26867676,599.443908691
1639.26867676,599.443908691
1639.25891113,599.446594238
1639.24816895,599.445983887
1639.22631836,599.444763184
1639.85144043,599.639587402
1639.8861084,599.651245117
1639.81787109,599.631164551
1639.68188477,599.587585449
1639.71655273,599.602783203
1639.10339355,599.41192627
1639.12597656,599.419616699
1639.12683105,599.422973633
1639.13769531,599.423706055
1639.1385498,599.426940918
1647.95324707,602.73046875
1647.81665039,602.692932129
1647.96594238,602.783691406
1647.75976562,602.676635742
1647.75976562,602.676635742
1647.78405762,602.733947754
1647.70446777,602.666809082
1647.67028809,602.65838623
1647.5904541,602.634033203
1647.5904541,602.634033203
1647.54577637,602.625183105
1647.41943359,602.584838867
1647.38574219,602.576660156
1647.32910156,602.563415527
1647.22729492,602.534606934
1647.20373535,602.526977539
1647.25146484,602.595275879
1647.2175293,602.586669922
1647.18383789,602.578125
1646.93212891,602.455627441
1646.96801758,602.520019531
1646.94445801,602.508789062
1646.9342041,602.511535645
1646.80737305,602.422241211
1646.8795166,602.505126953
1646.8795166,602.505126953
1646.85656738,602.497314453
1646.69934082,602.462158203
1646.63330078,602.451904297
1646.44689941,602.336181641
1646.55407715,602.430969238
1646.52160645,602.425842285
1646.20117188,602.282836914
1646.11169434,602.264648438
1646.26501465,602.375
1646.26501465,602.375
1646.24194336,602.36730957
1646.02294922,602.246459961
1645.95507812,602.229492188
1646.10986328,602.346740723
1645.88818359,602.215881348
1645.78735352,602.193847656
1645.76513672,602.189331055
1645.9107666,602.3125
1645.72058105,602.180236816
1645.68835449,602.178283691
1645.70129395,602.280944824
1645.52392578,602.155883789
1645.52197266,602.149230957
1645.66699219,602.269226074
1645.65722656,602.271911621
1645.63464355,602.26739502
1645.63464355,602.26739502
1645.42248535,602.130432129
1645.33422852,602.115661621
1645.24621582,602.104187012
1645.4609375,602.250854492
1645.31054688,602.242553711
1644.95129395,602.064575195
1645.24450684,602.23236084
1644.87646484,602.063781738
1644.8651123,602.059814453
1644.84204102,602.051940918
1644.7980957,602.046081543
1644.7980957,602.046081543
1645.15942383,602.230712891
1644.7890625,602.052185059
1644.76708984,602.047668457
1645.11645508,602.228271484
1644.70178223,602.044006348
1645.07312012,602.225830078
1645.06323242,602.22857666
1644.62866211,602.046569824
1644.95397949,602.215881348
1644.86132812,602.226989746
1644.87268066,602.230957031
1644.42211914,602.025085449
1644.77929688,602.238830566
1644.74609375,602.233703613
1644.30541992,602.025024414
1644.29528809,602.027770996
1644.28381348,602.023620605
1644.23181152,602.02746582
1644.67492676,602.24621582
1644.17785645,602.024230957
1644.13671875,602.028686523
1644.11914062,602.044189453
1644.11914062,602.044189453
1644.10839844,602.043457031
1644.06591797,602.044433594
1644.05053711,602.069763184
1644.02246094,602.038452148
1644.01269531,602.041381836
1644.00317383,602.047485352
1644.00561523,602.057312012
