653.989379883,-147.827209473
653.993469238,-147.827911377
654.016540527,-147.828918457
654.026916504,-147.829742432
654.053894043,-147.831512451
654.056091309,-147.831924438
654.066467285,-147.832778931
654.078918457,-147.83404541
653.538818359,-147.60043335
653.556152344,-147.595428467
653.531616211,-147.588150024
653.564453125,-147.595840454
653.569824219,-147.605377197
653.570922852,-147.592330933
653.575012207,-147.595474243
653.575195312,-147.593154907
653.57623291,-147.605392456
653.580200195,-147.607406616
653.502685547,-147.582397461
653.580993652,-147.597946167
653.585083008,-147.597595215
653.590637207,-147.607070923
653.590637207,-147.607070923
653.592590332,-147.609939575
653.594604492,-147.61026001
653.601074219,-147.610290527
653.601379395,-147.603240967
653.601623535,-147.601989746
653.601623535,-147.601989746
653.60345459,-147.603607178
653.601623535,-147.600799561
653.60546875,-147.604003906
653.471191406,-147.584609985
653.467895508,-147.573150635
653.453125,-147.577392578
653.450622559,-147.578186035
653.44317627,-147.568283081
653.438720703,-147.57093811
653.63684082,-147.605438232
653.63684082,-147.605438232
653.441101074,-147.567810059
653.641235352,-147.602706909
653.641235352,-147.602706909
653.643066406,-147.604278564
653.643310547,-147.601837158
653.645324707,-147.603469849
653.65435791,-147.62210083
653.65435791,-147.62210083
653.426940918,-147.562683105
653.424865723,-147.562210083
653.424072266,-147.571762085
653.424072266,-147.572921753
653.645629883,-147.598724365
653.647888184,-147.597946167
653.648010254,-147.596725464
653.410522461,-147.558197021
653.410522461,-147.558197021
653.669311523,-147.61668396
653.675598145,-147.61668396
653.397460938,-147.565185547
653.391174316,-147.563964844
653.679138184,-147.625900269
653.383789062,-147.551651001
653.38293457,-147.562316895
653.695678711,-147.629089355
653.699768066,-147.629837036
653.373779297,-147.548431396
653.698425293,-147.621200562
653.706604004,-147.622848511
653.369445801,-147.548919678
653.360595703,-147.555496216
653.358337402,-147.556274414
653.710754395,-147.623596191
653.716247559,-147.632003784
653.715026855,-147.623260498
653.359436035,-147.54447937
653.356262207,-147.555892944
653.356262207,-147.555892944
653.346252441,-147.552627563
653.34197998,-147.551818848
653.339904785,-147.551422119
653.327758789,-147.547790527
653.758361816,-147.630599976
653.772644043,-147.633483887
653.305358887,-147.540969849
653.774719238,-147.633895874
653.293151855,-147.536056519
653.784545898,-147.643112183
653.793457031,-147.636413574
653.793579102,-147.635192871
653.797119141,-147.643081665
653.795532227,-147.636825562
653.294006348,-147.524215698
653.286010742,-147.522628784
653.799072266,-147.644699097
653.805480957,-147.642425537
653.803833008,-147.637283325
653.807189941,-147.645217896
653.809509277,-147.645523071
653.809509277,-147.645523071
653.809875488,-147.641967773
653.279907227,-147.521362305
653.813476562,-147.646377563
653.274719238,-147.531265259
653.266662598,-147.5284729
653.824035645,-147.64604187
653.258422852,-147.525680542
653.83215332,-147.64881897
653.838989258,-147.641799927
653.838989258,-147.641799927
653.838989258,-147.641799927
653.223815918,-147.514022827
653.223632812,-147.515151978
653.221801758,-147.513549805
653.229125977,-147.501708984
653.853637695,-147.644668579
653.222839355,-147.500549316
653.857543945,-147.64553833
653.861022949,-147.653457642
653.210876465,-147.495758057
653.873657227,-147.65234375
653.872009277,-147.648376465
653.875671387,-147.653884888
653.877746582,-147.655471802
653.204589844,-147.493362427
653.191040039,-147.505126953
653.184997559,-147.502700806
653.874084473,-147.648773193
653.882019043,-147.653884888
653.878112793,-147.648376465
653.194580078,-147.488830566
653.194580078,-147.488830566
653.888427734,-147.651641846
653.890014648,-147.656723022
653.89239502,-147.655975342
653.888549805,-147.649215698
653.894470215,-147.655197144
653.89654541,-147.65562439
653.902954102,-147.654449463
653.17010498,-147.480484009
653.17010498,-147.480484009
653.146362305,-147.489013672
653.159973145,-147.477203369
653.142456055,-147.486953735
653.140563965,-147.485412598
653.136352539,-147.484603882
653.91784668,-147.651351929
653.130187988,-147.482192993
653.130187988,-147.482192993
653.139831543,-147.46723938
653.100036621,-147.47013855
653.113708496,-147.454833984
653.089782715,-147.465759277
653.069641113,-147.455734253
653.069641113,-147.455734253
653.081604004,-147.438812256
653.98236084,-147.659179688
653.989990234,-147.6668396
653.989990234,-147.6668396
653.053588867,-147.448974609
653.996643066,-147.659729004
653.069641113,-147.432785034
653.061279297,-147.429992676
653.998779297,-147.660202026
654.011352539,-147.661453247
653.055480957,-147.425216675
653.02520752,-147.436172485
653.01953125,-147.431365967
653.033447266,-147.412521362
654.035583496,-147.672164917
654.034179688,-147.663543701
654.036193848,-147.663955688
654.042297363,-147.666366577
654.043884277,-147.672668457
654.042297363,-147.666366577
653.007141113,-147.427642822
653.007141113,-147.427642822
653.01550293,-147.40171814
654.045898438,-147.673141479
654.042480469,-147.66394043
654.04864502,-147.665237427
654.052246094,-147.671905518
653.003601074,-147.394500732
654.062561035,-147.674072266
652.971313477,-147.406143188
652.967285156,-147.40536499
652.965454102,-147.403762817
652.963256836,-147.402160645
654.09576416,-147.677062988
652.973937988,-147.372970581
652.94519043,-147.393737793
654.099975586,-147.676620483
652.963989258,-147.367370605
652.937316895,-147.387435913
654.11126709,-147.669113159
652.960266113,-147.362991333
652.929321289,-147.383468628
652.929321289,-147.383468628
654.123535156,-147.670425415
652.913391113,-147.371871948
652.911560059,-147.371444702
652.911865234,-147.369064331
654.133483887,-147.678344727
654.129150391,-147.679870605
654.140014648,-147.674911499
654.138061523,-147.672073364
654.145874023,-147.680801392
654.142456055,-147.671676636
654.144470215,-147.672119141
654.146362305,-147.673706055
652.897644043,-147.361495972
652.891723633,-147.357955933
652.927001953,-147.335968018
652.877807617,-147.349105835
652.871887207,-147.344299316
652.846374512,-147.323699951
652.844665527,-147.320877075
652.87487793,-147.282318115
652.879150391,-147.281860352
652.879150391,-147.281860352
652.873352051,-147.274795532
652.825012207,-147.304931641
652.817260742,-147.296203613
652.813598633,-147.290679932
652.811828613,-147.287857056
652.796142578,-147.272827148
652.856811523,-147.24621582
652.855041504,-147.242294312
652.784851074,-147.259719849
652.786499023,-147.262466431
652.788574219,-147.264083862
652.846252441,-147.223632812
652.764221191,-147.230331421
652.846252441,-147.221298218
652.756774902,-147.219161987
652.751220703,-147.210891724
652.748046875,-147.199447632
652.748046875,-147.199447632
652.742126465,-147.193374634
652.840270996,-147.193603516
652.840759277,-147.190063477
652.840759277,-147.187683105
652.740478516,-147.187179565
652.740966797,-147.181213379
652.736999512,-147.18031311
652.83770752,-147.175018311
652.739807129,-147.171279907
652.735168457,-147.17527771
652.733398438,-147.172454834
652.836608887,-147.162689209
652.836608887,-147.162689209
652.728759766,-147.152328491
652.728759766,-147.152328491
652.833618164,-147.14654541
652.838378906,-147.141433716
652.836608887,-147.137466431
652.837036133,-147.130371094
652.837219238,-147.129211426
652.837158203,-147.12802124
652.718811035,-147.120223999
652.718811035,-147.120223999
652.717773438,-147.1068573
652.717956543,-147.104431152
652.845458984,-147.105453491
652.850219727,-147.095672607
652.850402832,-147.094406128
652.850524902,-147.093170166
652.718200684,-147.076766968
652.851013184,-147.086166382
652.855407715,-147.085754395
652.716369629,-147.075088501
652.855651855,-147.083374023
652.851501465,-147.077926636
652.853881836,-147.077102661
652.864257812,-147.051528931
652.868347168,-147.05456543
652.868591309,-147.05229187
652.724487305,-147.02507019
652.725219727,-147.016677856
652.722961426,-147.018722534
652.916442871,-147.05456543
652.922546387,-147.05569458
652.930664062,-147.058502197
652.932617188,-147.058883667
652.940612793,-147.062911987
652.940673828,-147.064163208
652.942749023,-147.06451416
652.693481445,-146.969528198
652.68951416,-146.967544556
652.689147949,-146.971130371
652.961242676,-147.066955566
652.958984375,-147.069015503
652.675170898,-146.964675903
652.971252441,-147.073699951
652.975463867,-147.073425293
652.925476074,-146.993667603
652.935241699,-147.000427246
652.935546875,-146.998138428
652.981445312,-147.075775146
652.989624023,-147.078598022
652.986022949,-147.018936157
652.980224609,-147.014083862
652.980224609,-147.014083862
652.993530273,-147.081741333
652.995605469,-147.081039429
652.99987793,-147.081787109
653.002563477,-147.023254395
653.010437012,-147.028503418
652.730834961,-146.92276001
652.72467041,-146.920333862
652.72467041,-146.920333862
652.734985352,-146.923492432
652.694152832,-146.910675049
652.772521973,-146.921401978
653.040039062,-147.099441528
652.938720703,-146.960174561
652.66583252,-146.897918701
652.66595459,-146.896682739
652.600097656,-146.937911987
652.782287598,-146.90524292
652.786560059,-146.903640747
653.046936035,-147.040496826
653.060424805,-147.107055664
652.949768066,-146.952713013
652.943725586,-146.949172974
652.947753906,-146.951095581
652.58807373,-146.932998657
652.791137695,-146.899734497
653.061035156,-147.047042847
653.061157227,-147.048095703
653.067321777,-147.048156738
653.074645996,-147.112197876
652.58190918,-146.93069458
652.576171875,-146.9246521
653.083435059,-147.054977417
653.091552734,-147.060134888
653.078613281,-147.113098145
653.080749512,-147.114685059
652.565673828,-146.925048828
653.092834473,-147.118301392
652.539245605,-146.913894653
652.539245605,-146.913894653
652.539245605,-146.916229248
652.975036621,-146.925125122
653.113708496,-147.068191528
653.113708496,-147.068191528
653.113037109,-147.125915527
653.115356445,-147.126266479
652.576843262,-146.862289429
652.574829102,-146.861862183
653.127624512,-147.12991333
653.164489746,-147.086654663
653.137573242,-147.133178711
653.135498047,-147.135009766
652.546386719,-146.852722168
653.190612793,-147.099014282
653.190795898,-147.097808838
653.209228516,-147.105026245
653.209228516,-147.105026245
653.184448242,-147.150787354
653.194519043,-147.154022217
653.198608398,-147.156036377
653.202514648,-147.158050537
653.261901855,-147.123840332
653.277832031,-147.133071899
653.243164062,-147.173171997
653.245239258,-147.173614502
653.286010742,-147.134719849
653.261352539,-147.180450439
653.265380859,-147.182495117
653.314453125,-147.146331787
653.318603516,-147.147155762
653.290100098,-147.187316895
653.289978027,-147.189712524
653.291992188,-147.190139771
653.299987793,-147.192962646
653.297973633,-147.193649292
653.344665527,-147.15953064
653.344665527,-147.15953064
653.326599121,-147.201797485
653.332397461,-147.206542969
653.338806152,-147.206588745
653.338806152,-147.207687378
653.346923828,-147.208190918
653.387512207,-147.172866821
653.389526367,-147.174407959
653.391235352,-147.177185059
653.395141602,-147.180404663
653.360656738,-147.218215942
653.413696289,-147.184051514
653.413696289,-147.184051514
653.387268066,-147.227035522
653.415588379,-147.237442017
653.427856445,-147.242279053
653.448181152,-147.248687744
653.450317383,-147.247955322
653.452392578,-147.250701904
653.497009277,-147.214935303
653.470581055,-147.257873535
653.507141113,-147.218231201
653.478759766,-147.260696411
653.492614746,-147.267196655
653.523254395,-147.226135254
653.498840332,-147.26953125
653.529602051,-147.277999878
653.525146484,-147.278366089
653.525146484,-147.278366089
653.557800293,-147.239059448
653.561828613,-147.24105835
653.549682617,-147.286758423
653.553588867,-147.290008545
653.58416748,-147.250244141
653.590148926,-147.252670288
653.590209961,-147.251495361
653.58001709,-147.300048828
653.590209961,-147.302124023
653.590209961,-147.302124023
653.654968262,-147.277496338
653.681274414,-147.289916992
653.649230957,-147.324554443
653.649230957,-147.324554443
653.659118652,-147.330184937
653.665283203,-147.33140564
653.689758301,-147.339828491
653.699829102,-147.344268799
653.742431641,-147.310455322
653.744506836,-147.310791016
653.722290039,-147.351089478
653.72442627,-147.352600098
653.73425293,-147.35710144
653.738342285,-147.359069824
653.805541992,-147.382064819
653.837768555,-147.348617554
653.819824219,-147.388519287
653.842285156,-147.395309448
653.844238281,-147.395675659
653.844238281,-147.395675659
653.896484375,-147.371017456
653.886962891,-147.412597656
653.886962891,-147.412597656
653.888793945,-147.414169312
653.918945312,-147.380264282
653.903137207,-147.419372559
653.907226562,-147.420196533
653.922851562,-147.382324219
653.929016113,-147.384613037
653.917358398,-147.423446655
653.94934082,-147.392303467
653.951416016,-147.393951416
653.963684082,-147.39755249
653.975463867,-147.404693604
653.975402832,-147.405883789
653.977539062,-147.40512085
653.979736328,-147.404388428
653.960388184,-147.437911987
653.960388184,-147.437911987
653.962341309,-147.439483643
653.998046875,-147.411651611
654.0,-147.413192749
654.00201416,-147.413665771
653.974243164,-147.444290161
653.992919922,-147.449127197
654.018371582,-147.420440674
654.023193359,-147.462432861
654.034667969,-147.426025391
654.038635254,-147.428039551
654.06072998,-147.438476562
654.064758301,-147.439300537
654.067016602,-147.438461304
654.069091797,-147.43888855
654.073120117,-147.442077637
654.079223633,-147.444564819
654.085144043,-147.448104858
654.038452148,-147.482269287
654.036376953,-147.480697632
654.038330078,-147.483474731
654.058532715,-147.493453979
654.040161133,-147.486236572
654.078979492,-147.498764038
654.034484863,-147.480178833
654.033935547,-147.483886719
654.033935547,-147.483886719
654.032043457,-147.481002808
654.083007812,-147.500656128
654.097717285,-147.500030518
654.097717285,-147.500030518
654.078674316,-147.501098633
654.082946777,-147.50189209
654.137329102,-147.504196167
654.145263672,-147.507003784
654.157653809,-147.509460449
654.152893066,-147.465087891
654.157287598,-147.462402344
654.159179688,-147.463973999
654.159362793,-147.513427734
654.159362793,-147.461608887
