3145.14501953,499.039581299
3145.10986328,499.04486084
3145.18896484,499.056976318
3145.18896484,499.056976318
3145.18896484,499.056976318
3145.03051758,499.032745361
3145.07250977,499.044403076
3145.43017578,499.098754883
3145.4621582,499.088104248
3145.43920898,499.12121582
3145.40087891,499.120697021
3145.49169922,499.160858154
3145.06445312,499.116882324
3144.98706055,499.110351562
3145.50756836,499.20010376
3148.12280273,499.582366943
3148.16601562,499.594116211
3148.52099609,499.642913818
3148.56494141,499.66027832
3148.4453125,499.642120361
3148.67993164,499.667205811
3148.68188477,499.67276001
3148.61376953,499.688781738
3148.80102539,499.691009521
3148.9621582,499.72076416
3148.9621582,499.72076416
3148.89160156,499.731079102
3149.04711914,499.74407959
3149.04711914,499.74407959
3149.08178711,499.738861084
3149.12158203,499.7449646
3149.12426758,499.750579834
3149.16772461,499.767883301
3149.16772461,499.767883301
3149.2109375,499.779510498
3149.36938477,499.803741455
3149.44946289,499.815856934
3149.52197266,499.811187744
3149.64599609,499.840667725
3129.33105469,496.868988037
3129.40991211,496.88092041
3129.25512695,496.862548828
3129.25708008,496.868103027
3129.02783203,496.848907471
3128.94995117,496.83694458
3128.99536133,496.859710693
3128.83422852,496.824645996
3128.79663086,496.824188232
3128.72070312,496.817840576
3141.47436523,498.796508789
3141.55297852,498.808563232
3141.59301758,498.814666748
3154.87548828,501.396820068
3154.87963867,501.408111572
3154.95751953,501.414703369
3155.04150391,501.438140869
3155.07495117,501.427185059
3154.7668457,501.406799316
3155.04589844,501.449401855
3155.08447266,501.449768066
3155.12670898,501.461578369
3154.77368164,501.423706055
3154.64941406,501.394104004
3155.24780273,501.485412598
3155.25,501.49105835
3154.61083984,501.393615723
3154.37402344,501.362609863
3154.29174805,501.344726562
3154.21508789,501.338409424
3154.01489258,501.307891846
3153.92407227,501.267730713
3153.97290039,501.296112061
3153.93554688,501.295806885
3153.87939453,501.250335693
3153.87939453,501.250335693
3153.81298828,501.271728516
3153.64233398,501.219573975
3153.56054688,501.201690674
3153.61816406,501.2527771
3153.56054688,501.201690674
3153.48217773,501.195068359
3153.4453125,501.194641113
3153.32299805,501.17074585
3153.12670898,501.146209717
3153.2175293,501.186309814
3153.2175293,501.186309814
3153.22119141,501.19744873
3153.17919922,501.185821533
3153.13305664,501.162872314
3153.13305664,501.162872314
3152.96411133,501.116027832
3152.92431641,501.109954834
3152.89770508,501.137664795
3152.86279297,501.142730713
3152.56933594,501.066436768
3152.52783203,501.05480957
3152.42651367,501.081512451
3152.25048828,501.017822266
3152.34619141,501.069366455
3152.26879883,501.062683105
3152.02709961,501.020721436
3151.98730469,501.014648438
3151.98999023,501.020324707
3151.81494141,500.956726074
3151.73754883,500.950042725
3151.75585938,500.99508667
3151.6574707,500.937988281
3151.6574707,500.937988281
3151.43945312,500.952056885
3151.35668945,500.934295654
3151.24169922,500.927337646
3150.41235352,500.816711426
3149.48754883,500.654449463
3149.62255859,500.712097168
3149.36621094,500.630859375
3149.36621094,500.630859375
3149.46557617,500.693389893
3149.1315918,500.60559082
3149.1315918,500.60559082
3149.03173828,500.637817383
3149.05224609,500.593536377
3148.89501953,500.574768066
3148.77368164,500.551055908
3148.64111328,500.594085693
3148.09130859,500.525939941
3147.97460938,500.51348877
3147.82983398,500.433441162
3147.12890625,500.358093262
3147.1550293,500.425354004
3147.11474609,500.419128418
3147.04663086,500.340332031
3146.8918457,500.327301025
3146.83959961,500.382476807
3146.6472168,500.369018555
3146.3425293,500.259277344
3146.19067383,500.251831055
3146.14038086,500.312683105
3146.10058594,500.306732178
3145.91430664,500.215118408
3145.8371582,500.208557129
3145.75805664,500.196563721
3145.75170898,500.274475098
3145.71240234,500.268463135
3145.63525391,500.262023926
3145.21337891,500.139709473
3145.13598633,500.133148193
3144.90258789,500.108123779
3145.17211914,500.223052979
3144.74853516,500.095184326
3144.32275391,500.05657959
3144.20678711,500.044036865
3144.01000977,500.019378662
3143.93530273,500.018432617
3143.5480957,499.98046875
3143.47363281,499.97958374
3143.24438477,499.965789795
3143.1262207,499.947570801
3143.14160156,500.081542969
3142.39794922,499.894439697
3142.6887207,500.064971924
3142.64916992,500.059020996
3142.41821289,500.039459229
3142.09399414,499.879577637
3141.94702148,499.883453369
3141.94702148,499.883453369
3141.9440918,499.877807617
3141.94018555,499.866577148
3142.42773438,500.061859131
3142.35009766,500.055603027
3141.56225586,499.850952148
3141.29785156,499.842315674
3141.14648438,499.83493042
3141.67773438,500.047393799
3141.6796875,500.052978516
3141.64672852,500.063720703
3140.7355957,499.829925537
3140.73803711,499.835601807
3140.47216797,499.821350098
3141.35058594,500.065795898
3140.47216797,499.821350098
3140.43505859,499.820861816
3140.36621094,499.836730957
3141.24267578,500.075683594
3141.20556641,500.07522583
3141.21020508,500.086608887
3140.06079102,499.81640625
3139.47290039,499.831848145
3139.32885742,499.841278076
3139.32885742,499.841278076
3140.50048828,500.172607422
3139.30444336,499.874359131
3139.22802734,499.867858887
3139.18896484,499.861938477
3139.08764648,499.888427734
3139.00805664,499.876373291
3138.61865234,499.921936035
3138.58178711,499.921447754
