1646.83935547,601.21496582
1646.84008789,601.218200684
1646.80554199,601.206237793
1646.8425293,601.228210449
1646.89819336,601.237792969
1646.78405762,601.20513916
1646.79724121,601.215820312
1646.91003418,601.245056152
1646.77246094,601.201171875
1646.78637695,601.215087891
1646.7746582,601.211242676
1646.91174316,601.251708984
1646.91088867,601.248413086
1646.93395996,601.256225586
1646.92553711,601.265563965
1646.77770996,601.224487305
1646.81433105,601.243103027
1646.81433105,601.243103027
1646.90380859,601.264587402
1646.91625977,601.271789551
1646.89343262,601.263793945
1645.24072266,600.820617676
1645.22973633,600.820007324
1645.23046875,600.823303223
1645.24377441,600.833984375
1648.03552246,601.784545898
1648.01293945,601.779968262
1648.01293945,601.779968262
1648.2208252,601.84765625
1648.25598145,601.862731934
1648.26635742,601.86328125
1648.26635742,601.86328125
1648.16308594,601.831298828
1648.16308594,601.831298828
1648.50952148,601.945983887
1648.53259277,601.953857422
1648.48718262,601.941345215
1648.56738281,601.965820312
1645.26745605,600.890930176
1645.28405762,600.915039062
1645.28405762,600.915039062
1645.2845459,600.918273926
1645.2845459,600.918273926
1645.28747559,600.93157959
1645.29919434,600.935546875
1645.30041504,600.938842773
1646.13647461,601.205444336
1646.17272949,601.223815918
1646.06799316,601.185119629
1646.06884766,601.188415527
1646.17749023,601.243774414
1646.17749023,601.243774414
1646.24182129,601.247375488
1646.24121094,601.244140625
1646.2121582,601.255737305
1646.21252441,601.258850098
1646.13256836,601.234863281
1646.2355957,601.266723633
1646.10974121,601.226867676
1646.10974121,601.226867676
1646.26489258,601.255310059
1646.2701416,601.275268555
1646.29199219,601.279663086
1646.29199219,601.279663086
1646.3223877,601.274902344
1646.34851074,601.296081543
1646.33496094,601.282165527
1646.33496094,601.282165527
1646.35656738,601.28338623
1646.36950684,601.293884277
1646.40551758,601.312316895
1646.41467285,601.30645752
1646.42956543,601.323547363
1646.4387207,601.317504883
1646.47241211,601.325927734
1646.4732666,601.329284668
1646.50756836,601.341064453
1646.51879883,601.34161377
1646.57788086,601.368041992
1645.99499512,601.190979004
1646.00793457,601.198242188
1645.9732666,601.186584473
1645.89318848,601.162353516
1645.83630371,601.146179199
1645.63049316,601.08203125
1645.6081543,601.077636719
1645.69934082,601.105529785
1645.55053711,601.057861328
1645.5513916,601.061340332
1645.5513916,601.061340332
1641.35241699,599.753295898
1641.36901855,599.77722168
1644.25219727,600.762573242
1644.21862793,600.754272461
1644.1282959,600.729553223
1644.12915039,600.732788086
1640.16894531,599.426513672
1640.18066406,599.43359375
1640.12341309,599.414123535
1640.16894531,599.426513672
1640.05786133,599.403869629
1640.02624512,599.402160645
1640.01647949,599.405029297
1639.99169922,599.390441895
1639.99328613,599.397216797
1639.90319824,599.372497559
1639.90380859,599.375854492
1648.8614502,602.719848633
1648.82739258,602.711242676
1648.82751465,602.757324219
1648.75915527,602.737060547
1648.5546875,602.63671875
1648.51977539,602.670898438
1648.41796875,602.645446777
1648.39501953,602.637451172
1648.31591797,602.616577148
1648.21264648,602.541748047
1648.11047363,602.50970459
1647.90637207,602.458618164
1647.89782715,602.510864258
1647.85192871,602.498352051
1647.84106445,602.497802734
1647.79309082,602.429260254
1647.78173828,602.425354004
1647.79638672,602.488708496
1647.65063477,602.454223633
1647.54931641,602.432128906
1647.53771973,602.428100586
1647.53894043,602.431518555
1647.47070312,602.414489746
1647.34289551,602.321777344
1647.4041748,602.400878906
1647.28100586,602.374328613
1647.140625,602.274108887
1647.203125,602.359985352
1647.09521484,602.26171875
1647.08605957,602.267883301
1647.07287598,602.257263184
1647.06091309,602.253295898
1647.13464355,602.33972168
1647.05212402,602.259460449
1646.9140625,602.304260254
1646.78198242,602.194885254
1646.83654785,602.290161133
1646.7590332,602.186889648
1646.71447754,602.177978516
1646.59240723,602.154724121
1646.60510254,602.25402832
1646.46032715,602.134094238
1646.41455078,602.121582031
1646.5267334,602.23651123
1646.38269043,602.119873047
1646.33728027,602.10748291
1646.32592773,602.106872559
1646.23815918,602.092163086
1646.23876953,602.095397949
1646.23876953,602.095397949
1646.34228516,602.219604492
1646.16088867,602.081237793
1646.16088867,602.081237793
1646.1394043,602.076782227
1646.10620117,602.074829102
1646.02905273,602.060668945
1646.02905273,602.060668945
1646.01855469,602.060119629
1645.97363281,602.051025391
1645.9630127,602.050415039
1645.89685059,602.040100098
1645.8861084,602.039550781
1646.01696777,602.191589355
1646.00537109,602.187683105
1646.01794434,602.194763184
1645.75476074,602.022338867
1645.71166992,602.019897461
1645.96337891,602.188537598
1645.81518555,602.190124512
1645.46472168,602.006164551
1645.45202637,601.998840332
1645.44165039,601.998291016
1645.41943359,601.993591309
1645.66760254,602.194824219
1645.6138916,602.191955566
1645.6151123,602.1953125
1645.55126953,602.194946289
1645.20532227,601.984924316
1645.21862793,601.995605469
1645.19519043,601.987670898
1645.18273926,601.980529785
1645.17346191,601.983276367
1645.13098145,601.984191895
1645.43920898,602.21496582
1644.82592773,601.996582031
1644.79516602,601.99822998
