1646.39282227,601.150939941
1646.39990234,601.180969238
1646.38842773,601.177124023
1646.38842773,601.177124023
1646.48669434,601.188964844
1646.48596191,601.185791016
1646.43457031,601.192565918
1646.48083496,601.208374023
1646.48083496,601.208374023
1646.52368164,601.210754395
1646.50378418,601.216369629
1646.49328613,601.215759277
1646.53613281,601.218200684
1646.53686523,601.221374512
1645.24121094,600.807800293
1645.24230957,600.814453125
1644.78723145,600.680847168
1644.79968262,600.688171387
1644.8001709,600.691589355
1644.80334473,600.704650879
1644.82116699,600.735290527
1644.82324219,600.745239258
1644.83740234,600.759216309
1644.83813477,600.762695312
1647.69226074,601.752929688
1647.72741699,601.767822266
1647.64660645,601.740234375
1647.75012207,601.772583008
1647.75012207,601.772583008
1647.75048828,601.775817871
1647.76159668,601.776489258
1647.79650879,601.791625977
1647.81958008,601.796142578
1647.94665527,601.839355469
1648.00476074,601.862243652
1648.05102539,601.878051758
1648.08508301,601.886657715
1648.09765625,601.893981934
1648.13232422,601.905700684
1648.15466309,601.91027832
1648.21289062,601.933288574
1648.22399902,601.933776855
1648.23596191,601.941162109
1646.02062988,601.238769531
1646.0435791,601.246643066
1645.80407715,601.174194336
1645.81750488,601.188110352
1645.84008789,601.192626953
1645.86376953,601.203857422
1645.73718262,601.160644531
1645.73718262,601.160644531
1645.82263184,601.208129883
1645.83447266,601.212036133
1645.88635254,601.208251953
1645.79907227,601.200134277
1645.71313477,601.149475098
1645.69018555,601.141601562
1645.66723633,601.133728027
1645.75439453,601.187744141
1645.80029297,601.203552246
1645.77709961,601.195556641
1645.76538086,601.191772461
1645.75463867,601.191223145
1645.65551758,601.129821777
1645.64404297,601.125976562
1645.71936035,601.176147461
1646.12939453,601.294189453
1646.14135742,601.301330566
1646.15209961,601.301879883
1646.10766602,601.293029785
1646.1751709,601.309814453
1646.08447266,601.285095215
1646.05029297,601.276550293
1646.02612305,601.262084961
1646.01513672,601.261474609
1645.6171875,601.147338867
1645.54907227,601.127197266
1645.52600098,601.11932373
1645.51452637,601.11541748
1645.6171875,601.147338867
1645.44592285,601.095153809
1645.43530273,601.094665527
1645.42382812,601.090759277
1645.41235352,601.086730957
1645.25256348,601.038391113
1645.24182129,601.037963867
1645.32189941,601.062072754
1645.32189941,601.062072754
1644.78527832,600.900939941
1644.79736328,600.904846191
1643.87548828,600.722412109
1643.80773926,600.705383301
1643.78381348,600.694335938
1643.7154541,600.67401123
1639.76696777,599.368530273
1639.75756836,599.374450684
1639.81396484,599.390686035
1639.71350098,599.365600586
1639.67944336,599.353942871
1639.67944336,599.353942871
1639.66906738,599.356506348
1639.65856934,599.356201172
1639.66003418,599.362609863
1639.63671875,599.354797363
1639.53662109,599.329589844
1639.53686523,599.332885742
1639.54772949,599.333496094
1639.54858398,599.336975098
1648.34594727,602.635375977
1648.24365234,602.606567383
1648.2331543,602.60925293
1648.21020508,602.60144043
1648.21020508,602.60144043
1648.20898438,602.597961426
1648.38098145,602.693359375
1648.15234375,602.581542969
1648.19885254,602.643554688
1648.11914062,602.576538086
1648.08557129,602.56817627
1648.00512695,602.543823242
1648.00512695,602.543823242
1647.96081543,602.534667969
1647.83398438,602.494689941
1647.90466309,602.567749023
1647.90466309,602.567749023
1647.79980469,602.486083984
1647.74401855,602.473205566
1647.64123535,602.444335938
1647.73510742,602.52520752
1647.61889648,602.436462402
1647.66638184,602.505065918
1647.63256836,602.496582031
1647.59863281,602.488220215
1647.41467285,602.382263184
1647.34667969,602.36517334
1647.38293457,602.429870605
1647.35949707,602.418823242
1647.34936523,602.421447754
1647.17724609,602.322998047
1647.29492188,602.415100098
1647.29492188,602.415100098
1647.27124023,602.407104492
1647.15478516,602.318359375
1647.14904785,602.383789062
1646.86230469,602.24609375
1646.93591309,602.335693359
1646.61547852,602.192749023
1646.52648926,602.174438477
1646.67944336,602.285095215
1646.67944336,602.285095215
1646.65710449,602.277404785
1646.43725586,602.156311035
1646.36962891,602.139526367
1646.52441406,602.256591797
1646.30285645,602.125854492
1646.20214844,602.103759766
1646.17956543,602.099182129
1646.32495117,602.22253418
1646.13500977,602.090209961
1646.10241699,602.088195801
1646.11608887,602.191101074
1645.93859863,602.065979004
1645.9362793,602.059265137
1646.08178711,602.179199219
1646.07189941,602.181884766
1646.04919434,602.177429199
1646.04919434,602.177429199
1645.83728027,602.040710449
1645.70458984,602.019958496
1645.66101074,602.014282227
1645.87561035,602.161132812
1645.72521973,602.152648926
1645.36523438,601.97479248
1645.65917969,602.14251709
1645.29101562,601.973876953
1645.2923584,601.98046875
1645.27954102,601.970092773
1645.27075195,601.979370117
1645.57385254,602.140869141
1645.20336914,601.962524414
1645.18115234,601.957946777
1645.53076172,602.13848877
1645.11645508,601.954345703
1645.48779297,602.136047363
1645.47790527,602.138916016
1645.04272461,601.956604004
1645.36889648,602.125976562
1645.27587891,602.137329102
1645.28735352,602.141174316
1644.83630371,601.935180664
1645.1940918,602.149108887
1645.16113281,602.144042969
1644.71984863,601.935241699
1644.70983887,601.937988281
1644.69873047,601.934143066
1644.64611816,601.937744141
1645.08947754,602.15637207
1644.59216309,601.934753418
1644.55102539,601.939025879
1644.53356934,601.954589844
1644.53356934,601.954589844
1644.52258301,601.953857422
1644.48034668,601.954772949
1644.46520996,601.980285645
1644.43688965,601.948974609
1644.42700195,601.951721191
1644.41784668,601.957885742
1644.42028809,601.967895508
