682.795471191,95.7944641113
682.802001953,95.7964172363
682.788452148,95.8047332764
682.779724121,95.7938613892
682.783752441,95.8028869629
682.779724121,95.7938613892
682.781555176,95.8038864136
682.812927246,95.8062820435
682.817626953,95.7970352173
682.774841309,95.8031539917
682.82409668,95.7978439331
682.839660645,95.808265686
682.835510254,95.7990646362
682.844116211,95.8086929321
682.84197998,95.7998809814
682.844299316,95.8001403809
682.754882812,95.8020477295
682.754882812,95.8020477295
682.753112793,95.7907104492
682.744018555,95.7897109985
682.855041504,95.8112487793
682.857543945,95.8114700317
682.734985352,95.7887115479
682.732727051,95.7896881104
682.866577148,95.806350708
682.866271973,95.8051528931
682.734863281,95.7997512817
682.726074219,95.7888336182
682.717041016,95.7878036499
682.719299316,95.7978668213
682.71472168,95.7974243164
682.701538086,95.7860565186
682.681396484,95.7958908081
682.681518555,95.7848892212
682.674865723,95.784034729
682.670227051,95.7946166992
682.668151855,95.7857894897
682.670227051,95.7848892212
682.665893555,95.7842712402
682.65447998,95.7941131592
682.652282715,95.7950134277
682.647827148,95.7944259644
682.645568848,95.794303894
682.634521484,95.7930145264
682.627746582,95.7922439575
682.621459961,95.7803115845
682.608154297,95.7800674438
682.614318848,95.7931213379
682.609985352,95.7925643921
682.605651855,95.7797775269
682.578674316,95.7914276123
682.576416016,95.7910995483
682.569946289,95.7780761719
682.532043457,95.7761611938
682.532043457,95.7761611938
682.529846191,95.7759094238
682.529846191,95.7759094238
682.516418457,95.7768096924
682.516418457,95.7768096924
682.507507324,95.7757568359
682.496398926,95.7757263184
682.491699219,95.787399292
682.491699219,95.787399292
682.494018555,95.7766952515
682.483093262,95.775390625
682.464904785,95.7892532349
682.456054688,95.7746582031
682.453979492,95.7744598389
682.455749512,95.7894515991
682.451538086,95.7766342163
682.451660156,95.774230957
682.445068359,95.7746734619
682.427307129,95.7750396729
682.409240723,95.774230957
682.407043457,95.7751617432
682.40447998,95.789680481
682.399963379,95.7878952026
682.386535645,95.7912750244
682.384399414,95.7910079956
682.368530273,95.7916564941
682.357666016,95.7928237915
682.344177246,95.7912368774
682.344177246,95.7912368774
682.331054688,95.7761764526
682.335266113,95.7939529419
682.326660156,95.7757263184
682.326171875,95.794090271
682.30645752,95.7782440186
682.304260254,95.7780456543
682.315185547,95.7939910889
682.304016113,95.7805328369
682.301696777,95.7960891724
682.294921875,95.7966537476
682.286376953,95.7783737183
682.281982422,95.7802734375
682.27935791,95.7972488403
682.274902344,95.7979736328
682.272583008,95.7989730835
682.261779785,95.7829437256
682.259521484,95.7813873291
682.255065918,95.7821578979
682.255065918,95.7821578979
682.248413086,95.7813568115
682.246337891,95.7822875977
682.239501953,95.784034729
682.254638672,95.8017959595
682.223876953,95.7846832275
682.223876953,95.7846832275
682.21496582,95.7848129272
682.201416016,95.7857284546
682.192443848,95.7871246338
682.190246582,95.7893600464
682.181152344,95.7895431519
682.189697266,95.8114318848
682.1875,95.8111419678
682.176208496,95.813583374
682.174072266,95.8133087158
682.163330078,95.7923583984
682.158874512,95.791885376
682.167175293,95.8174591064
682.152160645,95.7935333252
682.162780762,95.8181381226
682.156188965,95.8186264038
682.147216797,95.8213119507
682.147216797,95.8213119507
682.131408691,95.8244247437
682.120117188,95.8291854858
682.115783691,95.8299026489
682.117980957,95.8301544189
682.11114502,95.8318328857
682.102172852,95.8344573975
682.095458984,95.8362121582
682.072875977,95.8458328247
682.040222168,95.8174591064
682.040222168,95.8174591064
682.019775391,95.8249130249
682.001831055,95.8302536011
681.988342285,95.8360519409
682.027832031,95.8677215576
682.021118164,95.8681488037
682.021118164,95.8704986572
682.014404297,95.8710632324
682.012145996,95.8732299805
682.010009766,95.8729400635
682.010009766,95.8729400635
682.005310059,95.8799057007
681.956970215,95.8507843018
682.000671387,95.8866729736
681.94543457,95.855682373
681.99407959,95.8895645142
681.932128906,95.8602371216
681.920776367,95.8675689697
681.96685791,95.9134140015
681.955444336,95.9245071411
681.955200195,95.926902771
681.95300293,95.9279022217
681.952941895,95.929107666
681.936950684,95.9481430054
681.936950684,95.9481430054
681.859619141,95.9157485962
681.859558105,95.9170532227
681.936889648,95.9493103027
681.934692383,95.9515762329
681.857299805,95.9216537476
681.855041504,95.9225921631
681.927612305,95.9679718018
681.929931641,95.9693908691
681.925048828,95.9787597656
681.834411621,95.9533996582
681.829772949,95.9589614868
681.829772949,95.9589614868
681.827514648,95.9563064575
681.827331543,95.9588088989
681.827209473,95.9624328613
681.820495605,95.9727096558
681.813659668,95.9829406738
681.813537598,95.9866333008
681.879577637,96.0238876343
681.859375,96.027633667
681.832702637,96.0306167603
681.806030273,96.0251083374
681.808044434,96.0302658081
682.855041504,96.1386642456
682.855041504,96.141166687
682.861694336,96.1395187378
682.846130371,96.1389694214
682.846069336,96.14012146
682.84387207,96.1399002075
682.843811035,96.1410598755
682.819335938,96.139465332
682.817077637,96.139213562
682.812561035,96.1387329102
682.840576172,96.1924591064
682.842712402,96.195098877
682.793701172,96.1918792725
682.791381836,96.1928710938
682.732116699,96.1380004883
682.780273438,96.192779541
682.700866699,96.139175415
682.692016602,96.1369552612
682.691894531,96.1394500732
682.715454102,96.1926193237
682.710998535,96.1921005249
682.706481934,96.1927719116
682.704162598,96.1925506592
682.695129395,96.1915206909
682.676391602,96.1376342773
682.660888672,96.1357803345
682.655090332,96.1904830933
682.6484375,96.1897277832
682.641601562,96.1926193237
682.639526367,96.1911239624
682.630615234,96.1925582886
682.627197266,96.1356582642
682.623962402,96.1893768311
682.617126465,96.1898422241
682.614990234,96.1907730103
682.602783203,96.1363754272
682.602783203,96.1363754272
682.572265625,96.1920166016
682.560058594,96.1351699829
682.523376465,96.1898574829
682.528991699,96.1364364624
682.517944336,96.1338119507
682.518981934,96.1894454956
682.500854492,96.1910247803
682.498779297,96.1907730103
682.498779297,96.1907730103
682.457702637,96.134223938
682.430541992,96.133644104
682.428405762,96.1370925903
682.42401123,96.1352996826
682.427429199,96.1885986328
682.40838623,96.1335220337
682.366027832,96.1334533691
682.366088867,96.1321487427
682.373840332,96.1872406006
682.355895996,96.1876678467
682.349243164,96.1868515015
682.344848633,96.1876068115
682.329101562,96.1857833862
682.303649902,96.1298522949
682.320251465,96.1847076416
682.320251465,96.1847076416
682.315734863,96.1854248047
682.285827637,96.1302108765
682.295593262,96.1830978394
682.295593262,96.1830978394
682.281311035,96.1309890747
682.28692627,96.1844940186
682.254333496,96.1315002441
682.247619629,96.1307678223
682.253234863,96.1854934692
682.242370605,96.1768417358
682.2421875,96.1731796265
682.24017334,96.1680908203
682.235778809,96.1625976562
682.218261719,96.1544189453
682.209533691,96.1483764648
682.209960938,96.1275558472
682.193786621,96.139213562
682.191711426,96.1365356445
682.191711426,96.1377334595
682.189697266,96.1288909912
682.1875,96.1310806274
682.1875,96.1286239624
682.187255859,96.1360015869
682.182861328,96.1330413818
682.178588867,96.1276321411
681.932556152,96.157913208
681.936401367,96.1842880249
681.938476562,96.1943435669
681.861083984,96.1607055664
681.940551758,96.2007598877
681.940551758,96.2019195557
681.843383789,96.1610488892
681.843200684,96.162361145
681.841003418,96.1608657837
681.942687988,96.2047119141
681.946960449,96.2149810791
681.834228516,96.1625213623
681.946777344,96.2187042236
681.953430176,96.2267837524
681.948730469,96.2373352051
681.948730469,96.2373352051
681.813781738,96.1822814941
681.912902832,96.2393188477
681.955383301,96.2393569946
681.820007324,96.2002029419
681.800415039,96.1757736206
681.964111328,96.2490081787
681.835144043,96.229019165
681.835021973,96.2303466797
681.841491699,96.2444610596
681.834838867,96.2425308228
681.992675781,96.2695541382
681.997070312,96.2700042725
681.999023438,96.2777481079
682.010131836,96.2838821411
682.007751465,96.2873458862
682.012390137,96.2889556885
681.260498047,96.106552124
681.267272949,96.1073989868
681.29119873,96.1274185181
681.293640137,96.1288909912
681.299987793,96.1394805908
681.304138184,96.1511077881
681.191650391,96.1034851074
681.303955078,96.1620635986
681.299316406,96.1640014648
681.301635742,96.1642913818
681.308227539,96.1650161743
681.144592285,96.1029663086
681.129272461,96.1047439575
681.199279785,96.1621627808
681.194702148,96.16040802
681.183776855,96.1603469849
681.122497559,96.1040344238
681.120483398,96.1013183594
681.113525391,96.1029891968
681.109069824,96.1050109863
681.161315918,96.1602172852
681.104736328,96.1007385254
681.102478027,96.1029052734
681.102600098,96.1041412354
681.134643555,96.1619338989
681.127929688,96.1612625122
681.08013916,96.101600647
681.079101562,96.157989502
681.782775879,96.1712265015
681.782897949,96.1736984253
681.776062012,96.1717224121
681.773925781,96.1714706421
681.776123047,96.1753845215
681.76940918,96.1746063232
681.765014648,96.1728134155
