829.833679199,-108.606590271
829.778381348,-108.595527649
829.772399902,-108.591850281
829.772766113,-108.586143494
829.844421387,-108.577430725
829.795043945,-108.572967529
829.804382324,-108.572563171
829.822875977,-108.573356628
829.813720703,-108.572242737
829.773132324,-108.577598572
829.770080566,-108.575737
828.857666016,-108.437149048
828.866943359,-108.438163757
828.990112305,-108.450149536
828.99621582,-108.449394226
828.980895996,-108.447547913
829.008605957,-108.450912476
828.971801758,-108.442131042
828.969116211,-108.440261841
828.965759277,-108.440002441
828.96887207,-108.438896179
828.965820312,-108.438522339
828.965881348,-108.437095642
828.962768555,-108.439582825
828.953918457,-108.432739258
828.907958984,-108.425704956
828.907897949,-108.420013428
828.917114258,-108.422607422
828.920166016,-108.422935486
828.923278809,-108.427589417
828.923217773,-108.426170349
828.89251709,-108.42098999
828.926269531,-108.425079346
828.932800293,-108.418678284
828.874206543,-108.415901184
829.08984375,-108.433181763
829.092956543,-108.433547974
829.120788574,-108.435424805
829.12677002,-108.43611145
829.15447998,-108.43951416
829.166931152,-108.440925598
829.262451172,-108.44808197
829.268493652,-108.448822021
829.28717041,-108.449584961
829.290161133,-108.449981689
830.07800293,-108.546142578
830.09979248,-108.548728943
830.109008789,-108.549781799
830.109008789,-108.549781799
830.112182617,-108.55014801
829.339416504,-108.455825806
829.345581055,-108.456581116
829.345581055,-108.456581116
829.345581055,-108.455200195
829.367004395,-108.457839966
829.373291016,-108.458557129
829.373291016,-108.458557129
829.376464844,-108.45741272
829.385559082,-108.458572388
829.388549805,-108.460380554
829.428710938,-108.462265015
829.441162109,-108.463760376
829.53338623,-108.472068787
829.536621094,-108.472305298
829.542724609,-108.473060608
829.555236816,-108.47454834
829.604370117,-108.479072571
829.604431152,-108.477622986
830.374572754,-108.571548462
830.383789062,-108.572738647
829.64453125,-108.482414246
829.657043457,-108.48248291
829.672363281,-108.484359741
829.703063965,-108.486579895
829.715393066,-108.48802948
830.49810791,-108.582046509
830.519714355,-108.583282471
829.891296387,-108.503349304
829.903564453,-108.504837036
829.943603516,-108.509590149
829.946655273,-108.508537292
829.965454102,-108.509284973
829.983764648,-108.513023376
829.99609375,-108.514511108
830.680297852,-108.596725464
830.689758301,-108.597808838
830.076171875,-108.521247864
830.076477051,-108.519790649
830.076477051,-108.519790649
830.085571289,-108.522361755
830.085571289,-108.522361755
830.11340332,-108.524246216
830.128601074,-108.526138306
830.128601074,-108.526138306
830.15045166,-108.528610229
830.190612793,-108.532081604
830.196655273,-108.531394958
830.199645996,-108.53175354
830.202819824,-108.532173157
830.239929199,-108.5365448
830.227539062,-108.533599854
830.239929199,-108.5365448
830.26776123,-108.538383484
830.289367676,-108.538154602
830.3046875,-108.541389465
830.307922363,-108.540298462
830.314025879,-108.541160583
830.323364258,-108.542182922
830.471496582,-108.555664062
830.483886719,-108.555664062
830.508483887,-108.558662415
830.517883301,-108.559783936
830.520935059,-108.560157776
830.524169922,-108.560501099
830.558044434,-108.561668396
830.57043457,-108.563201904
830.595092773,-108.564735413
830.604675293,-108.564308167
830.613525391,-108.566955566
830.625854492,-108.568405151
830.62902832,-108.568763733
830.669250488,-108.570777893
830.68170166,-108.570785522
830.684814453,-108.572540283
830.37689209,-108.458869934
830.379882812,-108.457748413
830.373779297,-108.456977844
830.374023438,-108.455558777
830.37701416,-108.454544067
830.380187988,-108.453453064
830.37109375,-108.452285767
830.395568848,-108.45955658
830.383483887,-108.450874329
830.392700195,-108.453437805
830.392822266,-108.450576782
830.401794434,-108.458862305
830.395812988,-108.452400208
830.395935059,-108.450942993
830.411315918,-108.452796936
830.411560059,-108.451263428
830.411132812,-108.457084656
830.414306641,-108.456062317
830.411560059,-108.451263428
830.414245605,-108.453186035
830.414367676,-108.451698303
