876.778137207,152.310668945
876.774658203,152.311630249
876.778137207,152.315185547
876.778137207,152.315185547
877.475708008,152.429382324
877.479187012,152.43145752
877.482666016,152.430526733
877.485900879,152.430999756
877.489379883,152.436126709
876.950683594,152.35194397
876.954284668,152.358566284
876.957580566,152.359176636
876.960876465,152.361206055
876.964355469,152.361694336
877.516479492,152.441650391
877.519836426,152.443771362
877.842102051,152.509063721
877.84197998,152.510665894
878.008178711,152.538711548
878.021911621,152.548446655
878.028686523,152.549484253
878.032043457,152.548400879
878.609619141,152.682907104
878.616271973,152.684020996
878.280944824,153.175109863
878.280822754,153.178115845
878.280822754,153.178115845
878.284362793,153.180221558
