674.69921875,-106.733215332
674.71081543,-106.72504425
674.723693848,-106.730545044
674.727905273,-106.732383728
674.729980469,-106.735084534
674.73034668,-106.730262756
674.732177734,-106.735420227
674.73046875,-106.729064941
674.73236084,-106.730621338
674.662902832,-106.716972351
674.61706543,-106.709274292
674.612670898,-106.708648682
674.590881348,-106.704368591
674.590881348,-106.704368591
674.579956055,-106.702789307
674.574951172,-106.710655212
674.574951172,-106.713096619
674.575683594,-106.70223999
674.568359375,-106.712142944
674.56237793,-106.701576233
674.556091309,-106.699401855
674.518493652,-106.701400757
674.518493652,-106.701400757
674.52331543,-106.692321777
674.516845703,-106.690292358
674.516845703,-106.690292358
674.516845703,-106.690292358
674.474731445,-106.694038391
674.468139648,-106.693084717
674.461669922,-106.690887451
674.460327148,-106.682106018
674.462524414,-106.680076599
674.462524414,-106.680076599
674.445068359,-106.675109863
674.424682617,-106.683197021
674.42779541,-106.671485901
674.423583984,-106.669593811
674.399658203,-106.665031433
674.356262207,-106.653968811
674.352050781,-106.652084351
674.340209961,-106.663902283
674.340209961,-106.663902283
674.34753418,-106.651527405
674.343322754,-106.650863647
674.336669922,-106.650062561
674.334655762,-106.648468018
674.332214355,-106.649398804
674.324951172,-106.660514832
674.33013916,-106.64781189
674.327880859,-106.647590637
674.328125,-106.64629364
674.325866699,-106.646064758
674.303222656,-106.653839111
674.310668945,-106.641494751
674.294799805,-106.651298523
674.29119873,-106.637413025
674.289123535,-106.637123108
674.278259277,-106.631988525
674.268737793,-106.644050598
674.268798828,-106.645233154
674.269714355,-106.630729675
674.263122559,-106.629737854
674.253601074,-106.640632629
674.253662109,-106.639419556
674.254211426,-106.62739563
674.249267578,-106.63760376
674.249206543,-106.638748169
674.243774414,-106.622085571
674.232971191,-106.618286133
674.210510254,-106.629600525
674.20513916,-106.609283447
674.198364258,-106.608375549
674.191894531,-106.606300354
674.158447266,-106.612548828
674.151062012,-106.590759277
674.146911621,-106.58895874
674.134094238,-106.583427429
674.117614746,-106.598213196
674.12121582,-106.577888489
674.11895752,-106.577598572
674.089660645,-106.588134766
674.087524414,-106.587768555
674.083190918,-106.585922241
674.078369141,-106.560836792
674.062011719,-106.575614929
674.062011719,-106.575614929
674.063354492,-106.555038452
674.055541992,-106.573432922
674.042602539,-106.568016052
674.036254883,-106.565811157
674.031860352,-106.565216064
674.027587891,-106.563430786
674.023254395,-106.561553955
674.031555176,-106.537078857
674.027282715,-106.535263062
674.010375977,-106.556098938
673.997497559,-106.549423218
673.995483398,-106.549003601
673.991333008,-106.545959473
673.989196777,-106.54447937
673.984741211,-106.543891907
673.984741211,-106.543891907
673.982543945,-106.542381287
673.999694824,-106.520362854
673.974243164,-106.537467957
673.984924316,-106.510948181
673.984924316,-106.510948181
673.957336426,-106.52898407
673.950744629,-106.526870728
673.950744629,-106.526870728
673.950744629,-106.526870728
673.942382812,-106.520767212
673.963928223,-106.496917725
673.957458496,-106.493667603
673.955383301,-106.492042542
673.952941895,-106.491828918
673.953369141,-106.489349365
673.942565918,-106.485404968
673.942565918,-106.485404968
673.942810059,-106.484115601
673.916687012,-106.507423401
673.942871094,-106.482940674
673.910705566,-106.50163269
673.887451172,-106.487373352
673.883361816,-106.483062744
673.883361816,-106.483062744
673.915771484,-106.458427429
673.874694824,-106.479507446
673.870544434,-106.476348877
673.868408203,-106.474891663
673.851501465,-106.463973999
673.843505859,-106.454200745
673.84375,-106.453010559
673.84375,-106.453010559
673.838989258,-106.453681946
673.826599121,-106.443344116
673.812011719,-106.43031311
673.862304688,-106.404373169
673.807861328,-106.427215576
673.801574707,-106.42263031
673.858703613,-106.394081116
673.793273926,-106.414146423
673.781188965,-106.400192261
673.844604492,-106.373817444
673.844604492,-106.373817444
673.834472656,-106.360160828
673.836669922,-106.3592453
673.833312988,-106.346542358
673.749023438,-106.355384827
673.831481934,-106.341331482
673.827331543,-106.339523315
673.829528809,-106.33744812
673.827575684,-106.334716797
673.82800293,-106.328674316
673.743225098,-106.343536377
673.82434082,-106.314788818
673.735229492,-106.332679749
673.820739746,-106.304496765
673.822875977,-106.304779053
673.822875977,-106.304779053
673.819030762,-106.299278259
673.718078613,-106.293556213
673.817443848,-106.289276123
673.819580078,-106.289573669
673.819641113,-106.287254333
673.823425293,-106.265724182
673.823669434,-106.263244629
673.826843262,-106.249092102
673.707946777,-106.248191833
673.827087402,-106.244285583
673.706726074,-106.23575592
673.830871582,-106.223937988
673.83380127,-106.213417053
673.705932617,-106.213684082
673.705932617,-106.213684082
673.706970215,-106.200363159
673.70715332,-106.199172974
673.70715332,-106.199172974
673.834838867,-106.197669983
673.711975098,-106.190170288
673.711975098,-106.190170288
673.707885742,-106.187042236
673.837097168,-106.196807861
673.839416504,-106.194732666
673.705871582,-106.183166504
673.70892334,-106.173774719
673.70892334,-106.173774719
673.697021484,-106.152565002
673.695068359,-106.148635864
673.686218262,-106.146263123
673.688720703,-106.144096375
673.684387207,-106.142280579
673.673461914,-106.140693665
673.671386719,-106.14276123
673.920471191,-106.202461243
673.922424316,-106.203979492
673.664733887,-106.141983032
673.898376465,-106.138183594
673.900634766,-106.138549805
673.93762207,-106.207328796
673.900634766,-106.138549805
673.926330566,-106.148292542
673.922241211,-106.145263672
673.870544434,-106.124687195
673.944091797,-106.208328247
673.945922852,-106.151107788
673.870849609,-106.122116089
673.956848145,-106.152603149
673.956848145,-106.151420593
673.875854492,-106.114219666
673.876098633,-106.11063385
673.880187988,-106.113761902
673.734619141,-106.087051392
673.734741211,-106.085731506
673.668579102,-106.085121155
673.66204834,-106.084205627
673.66204834,-106.084205627
673.604248047,-106.126029968
673.599914551,-106.124252319
673.59765625,-106.126319885
673.974182129,-106.157463074
673.987670898,-106.216903687
673.885375977,-106.104576111
673.737426758,-106.078910828
673.737304688,-106.077720642
673.991516113,-106.162437439
673.887939453,-106.098854065
673.889831543,-106.102874756
673.742248535,-106.072257996
673.993591309,-106.162727356
674.01348877,-106.225364685
673.89263916,-106.094718933
673.894836426,-106.093864441
673.554260254,-106.115409851
674.01739502,-106.168571472
674.021728516,-106.169143677
674.030517578,-106.171577454
673.899597168,-106.089508057
673.895263672,-106.087745667
673.902160645,-106.083831787
673.902160645,-106.083831787
673.906738281,-106.081985474
673.752563477,-106.049301147
673.752685547,-106.048049927
674.054260254,-106.17742157
673.528381348,-106.109214783
673.75970459,-106.044128418
673.58013916,-106.061607361
674.065124512,-106.180130005
674.071350098,-106.183494568
674.056884766,-106.235198975
674.059020996,-106.235496521
673.517822266,-106.104125977
673.764526367,-106.03629303
673.562561035,-106.060241699
673.498352051,-106.097671509
673.49810791,-106.100158691
673.765136719,-106.030220032
673.762817383,-106.029930115
673.765136719,-106.026641846
673.525939941,-106.049057007
673.51953125,-106.046928406
673.465698242,-106.093070984
673.517272949,-106.046638489
673.513000488,-106.045974731
673.508605957,-106.046569824
673.508605957,-106.046569824
674.108947754,-106.248664856
673.484680176,-106.040794373
673.777770996,-106.005203247
673.777770996,-106.005203247
673.777893066,-106.003959656
673.482543945,-106.039299011
673.482543945,-106.039299011
673.478393555,-106.038711548
674.128417969,-106.252563477
673.947631836,-106.030395508
673.950073242,-106.029441833
674.139282227,-106.255302429
673.41809082,-106.082679749
674.184326172,-106.210365295
674.145568848,-106.257583618
673.396606445,-106.074768066
673.396484375,-106.075935364
673.413452148,-106.020957947
673.411376953,-106.020622253
673.404663086,-106.021003723
674.176269531,-106.264175415
673.387756348,-106.074684143
673.383544922,-106.074028015
673.391906738,-106.016647339
674.21887207,-106.217735291
674.221130371,-106.219238281
674.223327637,-106.220787048
673.374511719,-106.011779785
673.361450195,-106.010009766
674.242736816,-106.223587036
673.364013672,-106.070114136
673.344787598,-106.061325073
673.344787598,-106.061325073
674.25378418,-106.226242065
673.342041016,-106.004753113
673.340454102,-106.061889648
673.335998535,-106.061264038
674.273071289,-106.231483459
673.312011719,-106.056671143
673.301147461,-106.055122375
674.258483887,-106.284454346
673.288024902,-106.052093506
673.292236328,-105.992843628
673.292236328,-105.992843628
674.267028809,-106.286842346
674.269226074,-106.287208557
674.275634766,-106.289382935
673.279663086,-106.048439026
673.27947998,-106.049659729
674.327087402,-106.245300293
673.264648438,-106.043876648
673.260192871,-106.040916443
673.257995605,-106.042961121
674.338012695,-106.249282837
673.231933594,-106.03679657
674.325683594,-106.299995422
674.35534668,-106.252967834
673.221008301,-106.036506653
674.34967041,-106.30582428
674.362060547,-106.253807068
674.364135742,-106.254142761
674.368408203,-106.257133484
674.37701416,-106.25717926
674.355957031,-106.307975769
674.360412598,-106.309783936
674.385864258,-106.259613037
673.188720703,-106.025856018
674.366577148,-106.312019348
674.371276855,-106.31010437
673.184265137,-106.027664185
673.17578125,-106.022789001
673.179931641,-106.027076721
673.166809082,-106.02280426
674.379821777,-106.313819885
674.386352539,-106.315963745
674.4140625,-106.266021729
674.418518066,-106.266716003
673.15838623,-106.020332336
673.158325195,-106.021537781
674.408081055,-106.320281982
674.414855957,-106.318733215
674.419006348,-106.321846008
674.416625977,-106.322723389
674.431945801,-106.32598877
674.431945801,-106.32598877
673.121582031,-106.012779236
673.134521484,-105.954696655
674.438659668,-106.326904297
674.442810059,-106.32762146
674.444824219,-106.32913208
673.112915039,-106.009147644
673.112915039,-106.010269165
673.108825684,-106.008460999
673.106750488,-106.008163452
673.099975586,-106.007209778
673.11505127,-105.950706482
673.084533691,-106.003860474
673.09967041,-105.948547363
673.097595215,-105.948287964
673.09765625,-105.947036743
674.485717773,-106.283561707
674.485717773,-106.283561707
673.093200684,-105.94644165
673.088867188,-105.944602966
673.088867188,-105.944602966
674.483947754,-106.338310242
673.073913574,-105.941307068
674.503234863,-106.344764709
673.045715332,-105.934844971
673.041320801,-105.932998657
674.533691406,-106.352676392
674.551269531,-106.353973389
674.551269531,-106.356407166
674.551269531,-106.356407166
674.568847656,-106.358802795
674.596008301,-106.312583923
674.579345703,-106.362823486
674.609191895,-106.314422607
674.594726562,-106.36618042
674.596801758,-106.366439819
674.603271484,-106.367431641
674.603210449,-106.368644714
674.622802734,-106.37374115
674.658874512,-106.32762146
674.64453125,-106.379257202
674.648742676,-106.379966736
674.684936523,-106.336128235
674.670349121,-106.385467529
674.689880371,-106.390655518
674.692077637,-106.390914917
674.698547363,-106.393081665
674.737487793,-106.403526306
674.582946777,-106.629760742
674.585205078,-106.628921509
674.587280273,-106.630393982
674.587524414,-106.62562561
674.587524414,-106.62562561
674.587646484,-106.62437439
674.59588623,-106.631713867
674.596130371,-106.630485535
674.600585938,-106.631111145
674.600585938,-106.631111145
674.602539062,-106.630226135
674.605041504,-106.628135681
674.607177734,-106.628456116
674.613647461,-106.630561829
674.620361328,-106.629081726
674.620422363,-106.627876282
674.62286377,-106.626876831
674.62286377,-106.626876831
674.627380371,-106.625099182
674.618835449,-106.61907196
674.633911133,-106.624862671
674.634216309,-106.622383118
674.63861084,-106.620597839
674.64074707,-106.620948792
674.641052246,-106.617324829
674.645263672,-106.619132996
674.643188477,-106.617584229
674.641174316,-106.616073608
674.641174316,-106.616073608
674.641174316,-106.614898682
674.641174316,-106.614898682
674.649963379,-106.616104126
674.649963379,-106.616104126
674.650390625,-106.610046387
674.646240234,-106.605766296
674.550354004,-106.621643066
674.55255127,-106.621871948
674.561340332,-106.623146057
674.561340332,-106.623146057
