651.113952637,-147.961883545
651.109802246,-147.959854126
651.126525879,-147.963150024
651.118835449,-147.953155518
651.13659668,-147.966384888
651.13861084,-147.966781616
651.094177246,-147.948272705
651.090209961,-147.946212769
651.085205078,-147.954925537
651.08807373,-147.94581604
651.083740234,-147.947357178
651.079040527,-147.953659058
651.083862305,-147.946182251
651.144714355,-147.967987061
651.146850586,-147.968460083
651.149047852,-147.968795776
651.066955566,-147.949996948
651.065551758,-147.941314697
651.163330078,-147.97164917
651.168029785,-147.964294434
651.057556152,-147.937362671
651.17175293,-147.97215271
651.177734375,-147.973342896
651.178344727,-147.966293335
651.184570312,-147.967544556
651.186523438,-147.969146729
651.185913086,-147.976242065
651.185913086,-147.976242065
651.190246582,-147.974624634
651.190795898,-147.968734741
651.036987305,-147.933166504
651.036987305,-147.931945801
651.194213867,-147.976760864
651.018676758,-147.927108765
651.21081543,-147.97996521
651.210571289,-147.981216431
651.217468262,-147.97416687
651.016601562,-147.926696777
651.221435547,-147.974960327
651.002441406,-147.922607422
651.237976074,-147.978164673
650.985839844,-147.91809082
651.242126465,-147.979049683
651.257995605,-147.990615845
650.968505859,-147.924438477
650.964599609,-147.922424316
651.270935059,-147.984817505
650.956542969,-147.920715332
650.948181152,-147.920288086
650.934020996,-147.914993286
650.929992676,-147.912994385
650.927734375,-147.913757324
650.928649902,-147.900787354
650.926757812,-147.900375366
650.91973877,-147.910980225
651.307983398,-147.992263794
651.306091309,-147.990600586
650.917663574,-147.909332275
650.915771484,-147.910079956
650.913635254,-147.909713745
651.317626953,-148.001342773
651.319763184,-148.00177002
650.912536621,-147.896224976
650.904541016,-147.893463135
650.904541016,-147.893463135
651.324584961,-147.994262695
651.326538086,-147.994659424
651.330749512,-147.996765137
651.334350586,-148.003387451
651.339050293,-147.996017456
651.344970703,-147.999603271
651.351257324,-147.99848938
651.351257324,-147.99848938
651.352600098,-148.007217407
650.88092041,-147.898406982
650.88092041,-147.898406982
651.354736328,-148.007629395
651.35949707,-148.000076294
650.866638184,-147.894378662
650.862792969,-147.892349243
650.860473633,-147.893051147
651.379577637,-148.011322021
650.85357666,-147.877243042
650.844299316,-147.888595581
650.843444824,-147.874038696
650.842407227,-147.885910034
650.840332031,-147.885391235
650.841369629,-147.873596191
650.836242676,-147.884674072
651.402160645,-148.014678955
650.82989502,-147.883422852
650.831420898,-147.867980957
651.410705566,-148.01399231
650.801757812,-147.872955322
651.436096191,-148.0105896
650.789428711,-147.870437622
651.456237793,-148.020614624
651.458190918,-148.02104187
650.769287109,-147.861633301
651.472595215,-148.02394104
651.473449707,-148.015670776
651.487670898,-148.018493652
650.750976562,-147.855545044
650.747009277,-147.853500366
650.742858887,-147.852767944
651.491882324,-148.018203735
651.49407959,-148.01852417
651.49609375,-148.018981934
650.72052002,-147.843536377
651.508422852,-148.021484375
650.718383789,-147.821334839
651.520385742,-148.029815674
651.524414062,-148.03062439
651.526367188,-148.031082153
650.704650879,-147.835510254
651.536987305,-148.031921387
651.538879395,-148.03112793
650.688354492,-147.829772949
650.676208496,-147.824966431
650.672119141,-147.823013306
651.551269531,-148.033737183
651.553649902,-148.032852173
651.556091309,-148.027359009
651.555541992,-148.033355713
650.680297852,-147.802902222
650.670166016,-147.822555542
650.670166016,-147.822555542
651.562255859,-148.028640747
651.568054199,-148.034637451
650.666442871,-147.795227051
650.664123535,-147.794891357
651.57208252,-148.035324097
651.574829102,-148.027587891
650.658508301,-147.791229248
651.584594727,-148.036636353
651.586730957,-148.037124634
651.583251953,-148.029129028
651.589416504,-148.029251099
651.591491699,-148.029586792
651.593505859,-148.029998779
651.599243164,-148.038360596
650.638366699,-147.780075073
650.632141113,-147.778839111
651.611877441,-148.03604126
651.612426758,-148.031265259
651.614318848,-148.032958984
650.612182617,-147.7940979
650.606018066,-147.791641235
651.62677002,-148.033050537
651.628234863,-148.040588379
651.632385254,-148.04145813
650.600219727,-147.788040161
650.600219727,-147.788040161
651.640625,-148.043045044
651.641296387,-148.03477478
651.646972656,-148.043075562
651.643310547,-148.033966064
651.653869629,-148.036010742
650.578125,-147.776397705
650.57208252,-147.772796631
651.659301758,-148.043273926
651.667724609,-148.043701172
650.594848633,-147.753250122
650.566040039,-147.770431519
651.672485352,-148.038543701
651.674560547,-148.03666687
650.558288574,-147.764053345
650.558044434,-147.76524353
650.558105469,-147.766448975
650.574890137,-147.742034912
651.680236816,-148.046157837
651.684387207,-148.04574585
650.554077148,-147.763244629
650.564941406,-147.734100342
651.691223145,-148.03868103
650.538269043,-147.754058838
650.561279297,-147.730865479
650.536315918,-147.753662109
651.698974609,-148.046279907
651.69519043,-148.040679932
651.701538086,-148.039596558
651.705078125,-148.047515869
651.703674316,-148.038864136
650.543579102,-147.71774292
650.541564941,-147.717346191
650.539611816,-147.713409424
651.721923828,-148.048431396
651.722473145,-148.040161133
651.722473145,-148.040161133
651.724487305,-148.040557861
651.723754883,-148.04888916
650.512695312,-147.736846924
651.730102539,-148.050064087
650.500793457,-147.728515625
650.520263672,-147.696304321
650.492858887,-147.72328186
650.512695312,-147.688705444
650.480957031,-147.716049194
650.506835938,-147.682723999
650.505004883,-147.679931641
650.471191406,-147.708145142
650.471435547,-147.707015991
650.471435547,-147.707015991
650.471435547,-147.707015991
650.467529297,-147.703735352
650.493652344,-147.668014526
650.424377441,-147.672210693
650.474487305,-147.646224976
650.46472168,-147.637023926
650.459350586,-147.628768921
650.459350586,-147.628768921
650.404907227,-147.653961182
650.404968262,-147.652816772
650.404968262,-147.652816772
650.395568848,-147.641220093
650.391540527,-147.639312744
650.391784668,-147.638076782
650.391784668,-147.636871338
650.448364258,-147.609680176
650.380249023,-147.62739563
650.376342773,-147.62171936
650.444763184,-147.604187012
650.372436523,-147.618591309
650.440917969,-147.599807739
650.435668945,-147.589050293
650.36138916,-147.601913452
650.430419922,-147.575927734
650.343078613,-147.571807861
650.423217773,-147.562515259
650.421691895,-147.556228638
650.418273926,-147.548339844
650.322631836,-147.542404175
650.322998047,-147.538864136
650.419189453,-147.537582397
650.421447754,-147.535583496
650.421447754,-147.535583496
650.317504883,-147.529403687
650.315979004,-147.523101807
650.414367676,-147.521026611
650.416381836,-147.521438599
650.31854248,-147.517532349
650.316711426,-147.515975952
650.413085938,-147.509979248
650.313415527,-147.505645752
650.309875488,-147.497787476
650.305419922,-147.500457764
650.296203613,-147.461364746
650.424072266,-147.456771851
650.298156738,-147.441299438
650.421203613,-147.440582275
650.432128906,-147.435546875
650.293884277,-147.392364502
650.4453125,-147.404510498
650.447387695,-147.402481079
650.297241211,-147.354446411
650.299377441,-147.353790283
650.47265625,-147.401412964
650.301574707,-147.352828979
650.297790527,-147.348480225
650.491088867,-147.406356812
650.505065918,-147.411560059
650.504882812,-147.41394043
650.510925293,-147.416366577
650.519042969,-147.420379639
650.276428223,-147.327484131
650.272644043,-147.324310303
650.262451172,-147.323348999
650.533447266,-147.422058105
650.492004395,-147.346359253
650.258422852,-147.320236206
650.256469727,-147.319824219
650.25201416,-147.320144653
650.535339355,-147.425964355
650.515991211,-147.357269287
650.504089355,-147.352355957
650.522277832,-147.357208252
650.239929199,-147.31539917
650.563842773,-147.434066772
650.228210449,-147.30821228
650.56072998,-147.372055054
650.502746582,-147.319580078
650.295959473,-147.27116394
650.564758301,-147.374145508
650.579040527,-147.379257202
650.586975098,-147.383361816
650.596984863,-147.390106201
650.595031738,-147.388580322
650.287597656,-147.270736694
650.287658691,-147.269577026
650.603149414,-147.390151978
650.514160156,-147.308609009
650.516540527,-147.305541992
650.631408691,-147.400588989
650.247497559,-147.253036499
650.1796875,-147.290023804
650.173461914,-147.288909912
650.356506348,-147.246002197
650.239379883,-147.250213623
650.229187012,-147.247039795
650.161132812,-147.285263062
650.161132812,-147.285263062
650.647399902,-147.408676147
650.649475098,-147.410232544
650.649475098,-147.410232544
650.208984375,-147.240600586
650.151184082,-147.280838013
650.149353027,-147.278045654
650.149414062,-147.27684021
650.661682129,-147.413909912
650.660888672,-147.4715271
650.543579102,-147.28074646
650.184631348,-147.23097229
650.12890625,-147.272720337
650.664855957,-147.472335815
650.664978027,-147.47354126
650.554992676,-147.271011353
650.166625977,-147.222579956
650.166625977,-147.222579956
650.705810547,-147.433517456
650.555175781,-147.268722534
650.152648926,-147.216110229
650.150634766,-147.214569092
650.699157715,-147.486373901
650.720214844,-147.438751221
650.140625,-147.210159302
650.701049805,-147.487991333
650.70526123,-147.49005127
650.70526123,-147.49005127
650.730285645,-147.440826416
650.715393066,-147.492080688
650.717407227,-147.492507935
650.776855469,-147.459640503
650.778869629,-147.460128784
650.778869629,-147.460128784
650.784851074,-147.4637146
650.803222656,-147.46975708
650.813110352,-147.474212646
650.786193848,-147.518280029
650.788452148,-147.51864624
650.790527344,-147.519073486
650.792541504,-147.518280029
650.79675293,-147.520202637
650.819213867,-147.4765625
650.827392578,-147.478240967
650.80065918,-147.522247314
650.814575195,-147.529846191
650.821044922,-147.5287323
650.843505859,-147.485092163
650.824890137,-147.531845093
650.830993652,-147.534362793
650.844909668,-147.540771484
650.846984863,-147.541229248
650.902099609,-147.509979248
650.885437012,-147.55607605
650.91217041,-147.563781738
650.913879395,-147.565322876
650.918212891,-147.565002441
650.946166992,-147.580123901
650.948181152,-147.580505371
650.97088623,-147.535751343
650.97467041,-147.589569092
650.97467041,-147.589569092
650.993041992,-147.543823242
650.997192383,-147.545806885
651.001098633,-147.547851562
651.005126953,-147.550994873
651.02154541,-147.555480957
651.035522461,-147.560745239
651.055786133,-147.569534302
651.061950684,-147.570785522
651.053405762,-147.620895386
651.073852539,-147.576812744
651.088134766,-147.580917358
651.08782959,-147.633712769
651.108276367,-147.58972168
651.106506348,-147.588104248
651.110595703,-147.590103149
651.096008301,-147.636566162
651.096008301,-147.636566162
651.158935547,-147.609466553
651.158935547,-147.609466553
651.158935547,-147.609466553
651.154724121,-147.658050537
651.177307129,-147.616699219
651.164855957,-147.661224365
651.239685059,-147.642425537
651.237792969,-147.640869141
651.24395752,-147.643188477
651.254089355,-147.647644043
651.25994873,-147.651229858
651.262023926,-147.651596069
651.263977051,-147.652084351
651.247741699,-147.693481445
651.247741699,-147.693481445
651.288330078,-147.660644531
651.262023926,-147.698745728
651.272277832,-147.701843262
651.302429199,-147.667037964
651.304626465,-147.667404175
651.326904297,-147.675491333
651.347106934,-147.684326172
651.347106934,-147.684326172
651.328918457,-147.725204468
651.361206055,-147.689529419
651.365112305,-147.692749023
651.339050293,-147.727371216
651.339050293,-147.727371216
651.339050293,-147.72845459
651.341064453,-147.728897095
651.367004395,-147.694381714
651.377380371,-147.697647095
651.363525391,-147.735748291
651.393615723,-147.702072144
651.381835938,-147.741897583
651.383728027,-147.743469238
651.383728027,-147.743469238
651.396118164,-147.745910645
651.399963379,-147.749145508
651.404052734,-147.751098633
651.421630859,-147.716079712
651.425842285,-147.715744019
651.41204834,-147.754013062
651.41204834,-147.755142212
651.422546387,-147.755981445
651.420288086,-147.75680542
651.448181152,-147.724990845
651.428344727,-147.76071167
651.432312012,-147.761642456
651.440551758,-147.765533447
651.460632324,-147.727416992
651.460632324,-147.727416992
651.462463379,-147.729019165
651.442687988,-147.766021729
651.480651855,-147.736312866
651.46282959,-147.773651123
651.513122559,-147.748764038
651.495056152,-147.786239624
651.501342773,-147.786300659
651.529846191,-147.797836304
651.555541992,-147.765716553
651.569458008,-147.773345947
651.571777344,-147.772537231
651.56036377,-147.807601929
651.56036377,-147.807601929
651.596130371,-147.781051636
651.606140137,-147.786636353
651.606140137,-147.786636353
651.606140137,-147.786636353
651.616271973,-147.789871216
651.576477051,-147.814437866
651.624572754,-147.792694092
651.584655762,-147.818496704
651.592712402,-147.821289062
651.664978027,-147.808029175
651.669006348,-147.8099823
651.621704102,-147.847610474
651.620056152,-147.844802856
651.619445801,-147.849594116
651.660095215,-147.86378479
651.660095215,-147.86378479
651.68762207,-147.861984253
651.691711426,-147.863967896
651.670471191,-147.865768433
651.742797852,-147.828430176
651.745178223,-147.827636719
651.732788086,-147.873352051
651.734802246,-147.873809814
651.744812012,-147.878250122
651.144592285,-147.920974731
651.159057617,-147.923843384
651.165161133,-147.923980713
651.182189941,-147.922485352
651.178283691,-147.916976929
651.192626953,-147.923339844
651.190734863,-147.919433594
651.192993164,-147.91859436
651.195007324,-147.919082642
651.195007324,-147.919082642
651.19909668,-147.919799805
651.20123291,-147.919052124
651.19934082,-147.916320801
