829.817077637,-108.570579529
829.823425293,-108.571372986
829.817382812,-108.564834595
829.832824707,-108.571006775
829.808349609,-108.562294006
829.79901123,-108.562515259
829.79901123,-108.562515259
829.844970703,-108.571037292
829.793029785,-108.557594299
829.799438477,-108.55544281
829.857299805,-108.57258606
829.86340332,-108.574768066
829.783630371,-108.56072998
829.87878418,-108.575126648
829.992797852,-108.591682434
829.989562988,-108.589836121
829.995727539,-108.58921051
829.98034668,-108.588775635
829.974182129,-108.586624146
829.999145508,-108.583824158
829.971191406,-108.586235046
829.999450684,-108.578041077
829.992797852,-108.591682434
830.091186523,-108.603469849
830.061096191,-108.585403442
830.057861328,-108.586540222
830.057861328,-108.586540222
830.086364746,-108.573982239
830.159240723,-108.604431152
830.159057617,-108.607337952
830.159545898,-108.598693848
830.156005859,-108.609809875
830.147583008,-108.588615417
830.158813477,-108.611671448
830.158935547,-108.610221863
830.123352051,-108.577018738
829.293701172,-108.452705383
829.306274414,-108.451316833
829.306274414,-108.451316833
829.300231934,-108.44770813
829.29107666,-108.445137024
829.288085938,-108.443359375
829.266479492,-108.442169189
829.260375977,-108.440101624
829.257446289,-108.436782837
829.251464844,-108.433158875
829.242248535,-108.430656433
829.267333984,-108.424972534
829.220703125,-108.428070068
829.22076416,-108.426582336
829.22076416,-108.425170898
829.279663086,-108.426452637
829.288879395,-108.426086426
829.20892334,-108.41934967
829.205627441,-108.420516968
829.199462891,-108.419692993
829.196472168,-108.419319153
829.196655273,-108.417854309
829.193359375,-108.418937683
829.184143066,-108.417907715
830.060974121,-108.52028656
830.064147949,-108.520645142
829.467224121,-108.443191528
829.473632812,-108.44392395
829.488891602,-108.444313049
829.498291016,-108.44405365
829.550476074,-108.450294495
829.541503906,-108.447761536
829.599914551,-108.45475769
829.596862793,-108.452903748
829.590698242,-108.452209473
830.40032959,-108.550857544
830.409606934,-108.552017212
830.415771484,-108.552711487
830.44342041,-108.554626465
830.462036133,-108.555389404
829.726196289,-108.465553284
829.729248047,-108.464538574
830.517700195,-108.560600281
830.520629883,-108.561004639
830.523864746,-108.561401367
829.787780762,-108.470108032
829.800170898,-108.470108032
829.806335449,-108.470909119
829.904907227,-108.481277466
829.920349121,-108.483055115
829.923278809,-108.483512878
829.948242188,-108.483505249
829.957458496,-108.484680176
829.979003906,-108.487289429
829.985107422,-108.487937927
829.997619629,-108.488006592
830.037353516,-108.492805481
830.037597656,-108.491378784
830.037597656,-108.491378784
830.046936035,-108.49256897
830.065246582,-108.49471283
830.074707031,-108.495796204
830.093078613,-108.49659729
830.105407715,-108.499458313
830.111755371,-108.498771667
830.111755371,-108.498771667
830.117675781,-108.499542236
830.120605469,-108.499969482
830.133178711,-108.499931335
830.20098877,-108.506706238
830.204101562,-108.506973267
830.21661377,-108.508514404
830.228881836,-108.509925842
830.231994629,-108.510375977
830.241088867,-108.510040283
830.253356934,-108.512947083
830.256530762,-108.511878967
830.268920898,-108.513366699
830.287353516,-108.515586853
830.290466309,-108.515907288
830.293518066,-108.516304016
830.32434082,-108.518592834
830.345947266,-108.521064758
830.348937988,-108.521522522
830.348937988,-108.521522522
830.370727539,-108.522651672
830.37689209,-108.522003174
830.386291504,-108.52305603
830.392211914,-108.523849487
830.450927734,-108.530807495
830.453918457,-108.529838562
830.448059082,-108.52898407
830.475769043,-108.532295227
830.487915039,-108.533882141
830.490966797,-108.532745361
830.475769043,-108.532295227
830.561828613,-108.539855957
830.571105957,-108.54095459
830.571105957,-108.54095459
830.574279785,-108.541313171
830.574462891,-108.539855957
830.61138916,-108.544311523
830.617553711,-108.543663025
830.636169434,-108.545799255
830.651428223,-108.547683716
830.654663086,-108.546630859
830.663818359,-108.549217224
830.68560791,-108.548881531
830.694824219,-108.549957275
830.713317871,-108.550773621
830.719421387,-108.551498413
830.72869873,-108.553993225
830.731872559,-108.554412842
830.741088867,-108.554122925
830.771911621,-108.557762146
830.784423828,-108.557792664
830.787475586,-108.558197021
830.793823242,-108.557472229
830.799926758,-108.558288574
830.809265137,-108.559310913
830.821350098,-108.56086731
830.833862305,-108.56086731
830.843078613,-108.562026978
830.846252441,-108.562355042
830.846008301,-108.563804626
830.873901367,-108.565734863
830.883117676,-108.566871643
830.886230469,-108.565803528
830.889465332,-108.566085815
830.898620605,-108.567237854
830.901672363,-108.567573547
830.910949707,-108.568733215
830.914123535,-108.567604065
830.917175293,-108.568016052
830.932556152,-108.571342468
830.976013184,-108.573577881
830.985107422,-108.574699402
830.991333008,-108.575469971
830.680297852,-108.461326599
830.671325684,-108.458808899
830.66204834,-108.457626343
830.659240723,-108.451553345
830.655944824,-108.456855774
830.655944824,-108.454025269
830.708312988,-108.463165283
830.708740234,-108.453201294
830.646606445,-108.454399109
830.726989746,-108.461135864
830.724121094,-108.457855225
830.729797363,-108.46295166
830.733215332,-108.458953857
830.736328125,-108.460762024
830.739257812,-108.462615967
831.063232422,-108.368041992
831.069458008,-108.367347717
