829.691040039,-108.555480957
829.694213867,-108.551513672
829.715576172,-108.558418274
829.715576172,-108.558418274
829.715576172,-108.558418274
829.718811035,-108.558784485
829.719482422,-108.544342041
830.143432617,-108.609825134
830.15411377,-108.580680847
830.114196777,-108.575889587
830.132751465,-108.57661438
830.123413086,-108.575531006
830.11730957,-108.574768066
830.058044434,-108.585075378
830.055114746,-108.583267212
830.055358887,-108.573188782
830.055358887,-108.573188782
830.045837402,-108.577804565
830.283691406,-108.591911316
830.283935547,-108.590423584
830.283935547,-108.590423584
829.161315918,-108.43977356
829.167419434,-108.440490723
829.176757812,-108.441612244
829.299865723,-108.453514099
829.306274414,-108.452781677
829.29083252,-108.450889587
829.318664551,-108.454193115
829.281799316,-108.445503235
829.278686523,-108.443687439
829.27557373,-108.443351746
829.278808594,-108.442253113
829.275756836,-108.441947937
829.275878906,-108.440429688
829.272644043,-108.442893982
829.263671875,-108.436096191
829.543212891,-108.475456238
829.546386719,-108.475830078
829.592468262,-108.478462219
829.610900879,-108.480682373
829.232910156,-108.430984497
829.233154297,-108.429481506
829.23614502,-108.428443909
829.229980469,-108.426254272
829.227172852,-108.425865173
829.223999023,-108.422660828
829.217895508,-108.423362732
829.242675781,-108.421989441
829.202270508,-108.42440033
829.184143066,-108.419250488
830.122741699,-108.526260376
830.144226074,-108.528839111
829.399719238,-108.43649292
829.402770996,-108.436943054
829.430541992,-108.438766479
829.436645508,-108.439506531
829.464355469,-108.442832947
829.476806641,-108.444282532
829.483032227,-108.442146301
829.572143555,-108.451454163
829.578369141,-108.452178955
829.596862793,-108.452903748
829.59979248,-108.453308105
830.378723145,-108.548324585
830.388000488,-108.549438477
830.409606934,-108.552017212
829.649047852,-108.459259033
829.655273438,-108.459960938
829.655273438,-108.459960938
829.655212402,-108.458564758
829.676940918,-108.461097717
829.683105469,-108.46182251
829.683105469,-108.46182251
829.686401367,-108.4608078
829.69543457,-108.461883545
829.698364258,-108.463699341
830.505249023,-108.559143066
830.511535645,-108.559837341
830.514648438,-108.560203552
829.738647461,-108.465553284
829.751037598,-108.467147827
829.843261719,-108.475296021
829.846557617,-108.475608826
829.852539062,-108.476417542
829.864929199,-108.477851868
829.914123535,-108.482322693
829.91418457,-108.480941772
830.675048828,-108.573707581
830.684326172,-108.574867249
830.693603516,-108.575889587
829.954162598,-108.48575592
829.96673584,-108.48576355
829.982055664,-108.487609863
829.985107422,-108.486564636
830.012939453,-108.489845276
830.025146484,-108.491333008
830.20098877,-108.506706238
830.213500977,-108.508125305
830.253356934,-108.512947083
830.256530762,-108.511878967
830.275146484,-108.512649536
830.293518066,-108.516304016
830.386047363,-108.524528503
830.386291504,-108.52305603
830.386291504,-108.52305603
830.395263672,-108.525657654
830.395263672,-108.525657654
830.423278809,-108.52746582
830.42010498,-108.525688171
830.438415527,-108.529396057
830.438415527,-108.529396057
830.460388184,-108.531890869
830.506469727,-108.534576416
830.509399414,-108.534973145
830.512573242,-108.535362244
830.577392578,-108.541641235
830.599121094,-108.541397095
830.614501953,-108.544708252
830.617553711,-108.543663025
830.623840332,-108.544380188
830.633178711,-108.545516968
830.64239502,-108.54511261
830.867736816,-108.56489563
830.880126953,-108.566421509
830.904907227,-108.567947388
830.914123535,-108.567604065
830.923278809,-108.570144653
830.93560791,-108.571632385
830.978881836,-108.573883057
830.991516113,-108.573951721
830.994506836,-108.575790405
830.686584473,-108.462043762
830.683654785,-108.460197449
830.680480957,-108.45980835
830.680480957,-108.45980835
830.680786133,-108.455497742
830.705200195,-108.462814331
830.711486816,-108.462112427
830.721130371,-108.454589844
830.723999023,-108.459251404
830.721130371,-108.454589844
830.724121094,-108.456443787
830.724304199,-108.45489502
830.643554688,-108.453994751
830.655639648,-108.455451965
830.643554688,-108.453994751
