829.646240234,-105.887367249
829.652282715,-105.888061523
829.64642334,-105.881584167
829.646484375,-105.880218506
829.661682129,-105.887733459
829.637329102,-105.879051208
829.627990723,-105.87940979
829.627990723,-105.87940979
829.66192627,-105.880462646
829.673950195,-105.887695312
829.621948242,-105.874389648
829.628234863,-105.872299194
829.686218262,-105.889175415
829.692565918,-105.891349792
829.612609863,-105.877609253
829.609375,-105.880134583
829.656311035,-105.86831665
829.708068848,-105.891654968
829.726379395,-105.892356873
829.735961914,-105.887733459
829.821533203,-105.90801239
829.818603516,-105.906166077
829.824890137,-105.905448914
829.809387207,-105.905052185
829.803222656,-105.902809143
829.828186035,-105.900024414
829.80657959,-105.900382996
829.800170898,-105.902526855
829.828369141,-105.894271851
829.821533203,-105.90801239
829.920288086,-105.91947937
829.890136719,-105.901435852
829.886779785,-105.902580261
829.886779785,-105.902580261
829.91217041,-105.891082764
829.915283203,-105.88999939
829.988220215,-105.92024231
829.988098145,-105.923141479
829.98840332,-105.914520264
829.984924316,-105.925598145
829.9765625,-105.904457092
829.987915039,-105.927429199
829.987915039,-105.926055908
829.952392578,-105.892822266
829.529602051,-105.869285583
829.535705566,-105.870018005
829.548339844,-105.865707397
829.548339844,-105.861442566
829.545471191,-105.858146667
830.097473145,-105.905540466
830.121887207,-105.908401489
830.140441895,-105.909233093
830.14654541,-105.909881592
828.735351562,-105.735572815
828.753662109,-105.736373901
829.12286377,-105.770957947
829.135131836,-105.769546509
829.135131836,-105.769546509
829.129272461,-105.765975952
829.120178223,-105.763404846
829.120239258,-105.762016296
829.117126465,-105.761581421
829.095397949,-105.7605896
829.089538574,-105.758369446
829.086669922,-105.755195618
829.080383301,-105.751579285
829.071472168,-105.749008179
829.096374512,-105.743293762
829.049621582,-105.746589661
829.049865723,-105.745002747
829.049926758,-105.743629456
829.108764648,-105.744735718
829.117980957,-105.744384766
829.037780762,-105.737915039
829.034729004,-105.738967896
829.028686523,-105.738235474
829.025390625,-105.737876892
829.025634766,-105.736465454
829.022460938,-105.73752594
829.013244629,-105.73638916
829.366149902,-105.792289734
829.36920166,-105.792617798
829.523193359,-105.804946899
829.535522461,-105.80632782
829.890075684,-105.836372375
829.893127441,-105.836730957
829.296508789,-105.761009216
829.293518066,-105.759170532
829.30267334,-105.761726379
829.318115234,-105.762016296
829.327331543,-105.761726379
829.379638672,-105.767730713
829.370483398,-105.765319824
830.935302734,-105.950210571
830.932189941,-105.947006226
830.932312012,-105.945549011
830.944580078,-105.948432922
830.932189941,-105.94417572
830.947570801,-105.948776245
830.935546875,-105.94304657
830.953918457,-105.946662903
830.923278809,-105.938720703
830.926635742,-105.937561035
830.917602539,-105.927932739
830.914611816,-105.927513123
829.428955078,-105.772148132
829.425964355,-105.770339966
829.419921875,-105.769592285
830.198608398,-105.86239624
830.207824707,-105.863426208
830.229248047,-105.866012573
830.23840332,-105.867134094
830.244567871,-105.86782074
830.272521973,-105.869636536
830.291015625,-105.870376587
829.555297852,-105.782562256
829.558166504,-105.781616211
830.331115723,-105.873634338
830.346496582,-105.87537384
829.616943359,-105.78692627
829.629272461,-105.78704071
829.635498047,-105.787696838
829.734008789,-105.797775269
829.749450684,-105.799560547
829.777099609,-105.799987793
829.786437988,-105.80103302
829.807861328,-105.803604126
829.814086914,-105.80431366
829.826477051,-105.804321289
830.562805176,-105.892066956
830.57800293,-105.893882751
829.866577148,-105.809051514
829.866516113,-105.807579041
829.866516113,-105.807579041
829.875854492,-105.808700562
829.891235352,-105.811912537
829.894287109,-105.810783386
829.903564453,-105.811912537
829.921936035,-105.8126297
829.934448242,-105.815490723
829.940673828,-105.81476593
829.940673828,-105.81476593
829.946655273,-105.81552124
829.949890137,-105.815849304
829.962097168,-105.815925598
830.030090332,-105.822387695
830.033203125,-105.822723389
830.045288086,-105.824241638
830.057800293,-105.825622559
830.060668945,-105.826049805
830.07019043,-105.825614929
830.082336426,-105.82850647
830.085632324,-105.827461243
830.097839355,-105.828826904
830.116394043,-105.831069946
830.119567871,-105.831443787
830.122558594,-105.831764221
830.153381348,-105.83392334
830.174987793,-105.836402893
830.178039551,-105.836830139
830.178039551,-105.836830139
830.190429688,-105.835380554
830.199523926,-105.837905884
830.199707031,-105.836425781
830.205810547,-105.837181091
830.21496582,-105.838302612
830.221191406,-105.838989258
830.279724121,-105.84589386
830.28302002,-105.844734192
830.276672363,-105.844078064
830.286071777,-105.846611023
830.304504395,-105.847305298
830.316894531,-105.8487854
830.319946289,-105.847663879
830.304504395,-105.847305298
830.390991211,-105.854537964
830.40020752,-105.85559082
830.40020752,-105.85559082
830.403259277,-105.855987549
830.403320312,-105.854598999
830.440307617,-105.858917236
830.446472168,-105.858215332
830.46484375,-105.860366821
830.480651855,-105.862129211
830.483581543,-105.861030579
830.514465332,-105.86328125
830.523620605,-105.864402771
830.557495117,-105.868339539
830.56060791,-105.868690491
830.548400879,-105.865715027
830.570007324,-105.868347168
830.600769043,-105.871955872
830.613220215,-105.871932983
830.616333008,-105.872291565
830.62890625,-105.872215271
830.638000488,-105.87335968
830.65032959,-105.874816895
830.662597656,-105.874847412
830.671936035,-105.875930786
830.674987793,-105.876220703
830.674926758,-105.877731323
830.702636719,-105.879547119
830.711853027,-105.880638123
830.715148926,-105.879554749
830.718322754,-105.879882812
830.727416992,-105.880958557
830.73046875,-105.881362915
830.739807129,-105.882415771
830.743103027,-105.881362915
830.74609375,-105.881690979
830.761474609,-105.884963989
830.804626465,-105.887176514
830.814147949,-105.888221741
830.8203125,-105.888908386
830.872741699,-105.892196655
830.932678223,-105.875991821
830.929626465,-105.872848511
830.926513672,-105.872451782
830.936035156,-105.872047424
830.938964844,-105.8724823
830.926513672,-105.87097168
830.923522949,-105.870666504
830.881591797,-105.836784363
830.881591797,-105.835357666
830.87878418,-105.8335495
830.875732422,-105.831687927
830.872741699,-105.828445435
830.866821289,-105.824897766
830.860168457,-105.82849884
830.85736084,-105.826629639
830.854309082,-105.826347351
830.940673828,-105.837837219
830.940856934,-105.833465576
830.515625,-105.776451111
830.500183105,-105.773193359
830.537231445,-105.777603149
830.490905762,-105.772148132
830.487976074,-105.766067505
830.484863281,-105.768562317
830.537536621,-105.767478943
830.543518066,-105.775436401
830.555969238,-105.775360107
830.55291748,-105.772109985
830.475646973,-105.768859863
830.558898926,-105.777175903
830.562133789,-105.773231506
830.565124512,-105.775146484
