1651.70849609,602.379272461
1651.73217773,602.387145996
1651.69848633,602.381958008
1651.73352051,602.393737793
1651.69934082,602.385192871
1651.70849609,602.379272461
1651.72521973,602.403137207
1651.73754883,602.410522461
1651.71557617,602.406066895
1651.72680664,602.409912109
1651.74023438,602.420593262
1651.74023438,602.420593262
1652.06616211,602.623718262
1652.06665039,602.627075195
1652.0892334,602.631652832
1652.03186035,602.61505127
1652.11230469,602.639343262
1651.97436523,602.59552002
1651.93933105,602.583618164
1651.89245605,602.567871094
1651.82299805,602.544067383
1651.7532959,602.520507812
1651.7532959,602.520507812
1651.69641113,602.504211426
1651.67297363,602.496154785
1651.61499023,602.4765625
1651.61413574,602.473083496
1651.61413574,602.473083496
1651.59179688,602.468566895
1651.56774902,602.457275391
1651.55627441,602.453430176
1648.65087891,601.474975586
1648.66467285,601.488952637
1648.68798828,601.539611816
1648.68908691,601.546325684
1649.56896973,601.845458984
1649.54699707,601.844116211
1649.60510254,601.863891602
1649.51184082,601.829040527
1649.67468262,601.887573242
1649.67333984,601.884155273
1649.46643066,601.816589355
1649.73254395,601.907104492
1649.74401855,601.911132812
1649.75561523,601.915039062
1649.79040527,601.926757812
1649.81274414,601.931335449
1649.80493164,601.944152832
1649.82824707,601.952087402
1649.82824707,601.952087402
1649.85974121,601.950439453
1649.85974121,601.950439453
1649.88476562,601.965026855
1649.93078613,601.980773926
1649.94067383,601.977966309
1649.94165039,601.981384277
1649.50634766,601.851806641
1649.47351074,601.846740723
1649.43762207,601.831481934
1649.41564941,601.827087402
1649.38098145,601.815246582
1649.59899902,601.883300781
1649.23205566,601.770812988
1649.30090332,601.794250488
1649.1060791,601.73425293
1649.04956055,601.718017578
1648.9119873,601.677429199
1648.90087891,601.676635742
1648.87768555,601.668762207
1644.74536133,600.389221191
1644.74597168,600.392456055
1644.73425293,600.38873291
1647.68945312,601.405883789
1647.71411133,601.420471191
1647.65649414,601.400878906
1647.62231445,601.392333984
1647.57666016,601.376586914
1647.56469727,601.372619629
1647.55163574,601.362182617
1647.51953125,601.360290527
1643.59912109,600.060668945
1643.61218262,600.071166992
1643.57714844,600.056030273
1643.53381348,600.053771973
1643.50866699,600.036010742
1643.52355957,600.053344727
1643.49951172,600.041992188
1643.50036621,600.045410156
1643.50146484,600.04888916
1643.48706055,600.034912109
1643.4654541,600.030395508
1643.45666504,600.039794922
1643.44506836,600.036010742
1643.42175293,600.024841309
1643.42175293,600.024841309
1643.41040039,600.024169922
1643.41040039,600.024169922
1643.33435059,600.013549805
1643.2890625,600.001098633
1643.2890625,600.001098633
1652.24987793,603.344360352
1652.1595459,603.36907959
1652.1595459,603.36907959
1652.11413574,603.356689453
1651.78356934,603.265563965
1651.73815918,603.256408691
1651.63342285,603.174621582
1651.62194824,603.170776367
1651.67004395,603.239379883
1651.56628418,603.160888672
1651.55444336,603.157043457
1651.47558594,603.136108398
1651.44006348,603.124206543
1651.4185791,603.12298584
1651.42834473,603.163085938
1651.41821289,603.165893555
1651.33911133,603.102050781
1651.32910156,603.104919434
1651.35192871,603.155639648
1651.29382324,603.135864258
1651.2947998,603.139221191
1651.30688477,603.14654541
1651.28466797,603.142028809
1651.2244873,603.069335938
1651.22753906,603.125427246
1651.20495605,603.12097168
1651.19396973,603.120361328
1651.11376953,603.096069336
1651.10388184,603.098937988
1651.05908203,603.089782715
1651.04211426,603.019470215
1650.92919922,602.993347168
1650.86853027,603.049438477
1650.76013184,602.954223633
1650.77087402,602.954833984
1650.73962402,602.956481934
1650.71081543,603.014160156
1650.68676758,603.002990723
1650.63781738,602.931030273
1650.57580566,602.983581543
1650.56420898,602.979797363
1650.50073242,602.893554688
1650.50073242,602.893554688
1650.54248047,602.97845459
1650.41223145,602.878845215
1650.38891602,602.87097168
1650.37817383,602.870361328
1650.31103516,602.856628418
1650.13037109,602.813598633
1650.04125977,602.795410156
1649.96252441,602.777832031
1650.02026367,602.88671875
1649.77453613,602.747741699
1649.98791504,602.884887695
1649.92028809,602.867980957
1649.9107666,602.873962402
1649.66369629,602.728393555
1649.75524902,602.84564209
1649.72143555,602.837219238
1649.72143555,602.837219238
1649.69213867,602.848693848
1649.64587402,602.832946777
1649.66955566,602.844116211
1649.63647461,602.839050293
1649.58227539,602.832763672
1649.5592041,602.82800293
1649.58361816,602.839416504
1649.52978516,602.836425781
1649.51806641,602.832580566
1649.3449707,602.687561035
1649.31005859,602.67565918
1649.53051758,602.839782715
1649.48400879,602.823974609
1649.26721191,602.673339844
1649.23425293,602.668273926
1649.22375488,602.667602539
1649.37792969,602.824584961
1649.37792969,602.824584961
1649.33581543,602.825622559
1649.26025391,602.821472168
1649.24975586,602.820922852
1648.98583984,602.651245117
1648.96337891,602.646728516
1648.93994141,602.638671875
1649.17651367,602.826721191
1648.89880371,602.643127441
1648.87805176,602.645080566
1648.84216309,602.630004883
1649.12341309,602.827026367
1648.79040527,602.633789062
1648.79040527,602.633789062
1649.0715332,602.830749512
1648.74536133,602.624572754
1649.02722168,602.825134277
1648.70263672,602.622314453
1648.99816895,602.836547852
1648.35192871,602.622436523
1648.25012207,602.640075684
1648.20715332,602.637634277
