681.028259277,96.603263855
681.026000977,96.6042709351
681.032531738,96.6050567627
681.034851074,96.6053085327
681.014892578,96.602935791
681.036865234,96.6129226685
681.030273438,96.6133575439
681.034545898,96.6138687134
681.043518066,96.6136474609
681.008239746,96.6045913696
681.007995605,96.6095352173
681.008178711,96.6021347046
681.050109863,96.6144790649
681.054504395,96.6150360107
681.054443359,96.6162719727
681.056884766,96.6152267456
681.05682373,96.6164932251
681.056884766,96.6116104126
681.057006836,96.6103973389
681.050415039,96.6058883667
681.050415039,96.6058883667
680.992675781,96.6015472412
680.98828125,96.6083221436
680.986083984,96.5995483398
680.976928711,96.607131958
680.97467041,96.6067657471
680.974731445,96.6080322266
680.974975586,96.600730896
680.97052002,96.5988769531
680.97052002,96.5988769531
680.956970215,96.6059646606
680.950561523,96.5953826904
680.941833496,96.594291687
680.926147461,96.5936965942
680.92388916,96.5946426392
680.917236328,96.5938644409
680.90826416,96.5928573608
680.90625,96.5913391113
680.910461426,96.6028366089
680.905822754,96.6023635864
680.892883301,96.5909729004
680.877441406,96.5891647339
680.872802734,96.589805603
680.866149902,96.5891342163
680.861633301,96.589805603
680.863708496,96.5987014771
680.86151123,96.5995330811
680.85723877,96.5893249512
680.850708008,96.5872879028
680.852661133,96.5973358154
680.84588623,96.5977249146
680.846008301,96.5989837646
680.826049805,96.5978851318
680.819396973,96.597038269
680.812866211,96.5853118896
680.812744141,96.5963287354
680.812744141,96.5963287354
680.803833008,96.5952911377
680.799682617,96.5848464966
680.797546387,96.5846481323
680.772705078,96.59400177
680.724243164,96.5809249878
680.724243164,96.5809249878
680.726196289,96.5934066772
680.721862793,96.5806350708
680.721862793,96.5806350708
680.708618164,96.5815505981
680.708618164,96.5815505981
680.699707031,96.5804977417
680.688598633,96.5804443359
680.683959961,96.5921096802
680.683959961,96.5921096802
680.686401367,96.5813751221
680.675476074,96.5800476074
680.65057373,96.5906066895
680.648498535,96.5794448853
680.64642334,96.5791091919
680.64831543,96.5928573608
680.644165039,96.5812911987
680.644165039,96.5788497925
680.637512207,96.5793151855
680.624206543,96.5788879395
680.619689941,96.5796661377
680.599609375,96.579826355
680.597229004,96.5941162109
680.592773438,96.5924377441
680.581970215,96.5788116455
680.572692871,96.5937271118
680.561523438,96.5960998535
680.536987305,96.595703125
680.536987305,96.595703125
680.524230957,96.5806350708
680.519470215,96.5984039307
680.499816895,96.5826416016
680.497558594,96.5823440552
680.508239746,96.5983657837
680.497314453,96.5848846436
680.494934082,96.6004714966
680.48815918,96.6008987427
680.475097656,96.5846557617
680.47064209,96.585395813
680.472595215,96.6015472412
680.468078613,96.6022644043
680.465881348,96.6031646729
680.455078125,96.5872116089
680.453063965,96.5856933594
680.448547363,96.586479187
680.448547363,96.586479187
680.43963623,96.5865707397
680.432922363,96.5882568359
680.447998047,96.606048584
680.417297363,96.5888671875
680.417297363,96.5888671875
680.40625,96.5900421143
680.401733398,96.5919494629
680.399536133,96.5928497314
680.386108398,96.5937576294
680.383972168,96.5935058594
680.375183105,96.5936965942
680.383361816,96.6155319214
680.381103516,96.6153259277
680.366149902,96.5951004028
680.369995117,96.6176300049
680.367797852,96.6174087524
680.35723877,96.5965194702
680.355102539,96.5986557007
680.361022949,96.6215209961
680.356567383,96.622177124
680.349975586,96.6226501465
680.330749512,96.6006317139
680.341064453,96.6252441406
680.341064453,96.6252441406
680.321411133,96.6045303345
680.319396973,96.6030731201
680.325439453,96.6283035278
680.301574707,96.6070327759
680.316345215,96.6333847046
680.31427002,96.6331253052
680.29699707,96.6077651978
680.309692383,96.6338424683
680.311950684,96.6340637207
680.314147949,96.6343307495
680.314147949,96.6343307495
680.305297852,96.6357192993
680.281311035,96.6108169556
680.281311035,96.6108169556
680.279052734,96.614364624
680.276794434,96.6128005981
680.276733398,96.6140441895
680.296264648,96.638381958
680.276733398,96.6176605225
680.26574707,96.6176223755
680.289550781,96.6400985718
680.259033203,96.6167831421
680.259033203,96.6167831421
680.243347168,96.6222686768
680.24005127,96.6624755859
680.229064941,96.6684265137
680.229064941,96.6684265137
680.189758301,96.6392974854
680.220031738,96.6735687256
680.217712402,96.6756439209
680.210998535,96.6798171997
680.208679199,96.6819992065
680.204223633,96.6838989258
680.135803223,96.6660079956
680.188354492,96.6931533813
680.122436523,96.6718521118
680.11328125,96.6793365479
680.149780273,96.7302474976
680.156494141,96.7298202515
680.147338867,96.7324829102
680.149536133,96.7339706421
680.144897461,96.7420349121
680.130981445,96.7745819092
680.128601074,96.7780151367
680.126220703,96.7839202881
680.03125,96.7605056763
680.022338867,96.7752227783
680.017333984,96.7845687866
680.114379883,96.8181152344
680.116394043,96.824432373
680.00579834,96.8101806641
680.116088867,96.8354568481
680.119995117,96.8555679321
679.998291016,96.8412017822
679.998291016,96.8509597778
679.998291016,96.8509597778
679.995788574,96.8519744873
679.995788574,96.8556060791
680.12322998,96.9099121094
680.138366699,96.9240112305
679.990112305,96.9064559937
680.145019531,96.929649353
680.135925293,96.934753418
680.14251709,96.9318618774
680.142456055,96.9331665039
680.142456055,96.9331665039
680.144714355,96.9321899414
680.12701416,96.9385375977
680.15838623,96.9263458252
680.120056152,96.9427566528
680.122314453,96.944190979
680.160339355,96.9242477417
680.169616699,96.922744751
680.099731445,96.9611663818
680.184936523,96.9233932495
680.191345215,96.9315414429
680.187011719,96.932220459
679.927612305,96.9186935425
680.186828613,96.9347229004
680.094665527,96.9814987183
679.909912109,96.9201812744
680.090270996,96.9858627319
679.994934082,96.978187561
679.977355957,96.9735794067
679.892211914,96.9181365967
680.083374023,96.9936065674
679.977233887,96.9761199951
679.959777832,96.9751663208
680.012451172,96.9864349365
679.948364258,96.9727096558
679.952941895,96.9744567871
679.952941895,96.9744567871
679.93536377,96.9711761475
680.087341309,97.0088195801
679.921813965,96.9756240845
680.100219727,97.0372695923
680.102355957,97.038734436
680.02935791,97.0313720703
680.02935791,97.0325622559
680.035522461,97.0466995239
679.785766602,96.9165496826
679.781188965,96.9185028076
679.778991699,96.9194793701
680.110778809,97.0520401001
679.817565918,96.9742965698
679.815429688,96.974067688
679.777038574,96.9166793823
679.767883301,96.919418335
680.123840332,97.0621566772
679.802185059,96.9749450684
679.754760742,96.9177932739
679.770996094,96.9700164795
679.74597168,96.914276123
679.743591309,96.9152603149
679.736999512,96.9145126343
679.766845703,96.9707183838
679.721618652,96.9139022827
679.717041016,96.9145050049
679.71472168,96.9167556763
679.714782715,96.9131240845
679.748962402,96.9697875977
679.744445801,96.9718399048
679.729003906,96.9711837769
679.692626953,96.9140930176
679.711242676,96.9703216553
679.702270508,96.9692306519
680.200683594,97.1044082642
680.20489502,97.1061935425
679.69354248,96.9706726074
679.662597656,96.970664978
679.611633301,96.9682312012
679.591674805,96.9671325684
679.553222656,96.9097900391
679.553161621,96.9086761475
679.551025391,96.9083328247
679.57623291,96.9653167725
679.565002441,96.9651412964
679.567260742,96.9679336548
679.544250488,96.9087600708
679.51776123,96.9068222046
679.515625,96.9065475464
679.434387207,96.9643936157
679.39642334,96.9636535645
679.39239502,96.9617996216
679.381164551,96.9618148804
679.387084961,96.9035797119
679.35925293,96.9615402222
679.342895508,96.9007492065
679.330322266,96.9593353271
679.33392334,96.9022140503
679.327270508,96.9014663696
679.316894531,96.9591598511
679.314941406,96.9600219727
679.296386719,96.89894104
679.289672852,96.8994369507
679.277160645,96.9591751099
681.051025391,96.9437713623
681.044433594,96.9453887939
681.035583496,96.9443588257
681.035522461,96.9468154907
681.03314209,96.9453277588
681.022216797,96.9452362061
681.01776123,96.9447097778
681.00201416,96.9466247559
680.98651123,96.9434814453
681.029663086,96.9965896606
680.957580566,96.9437255859
681.032043457,96.999206543
681.018493652,96.9988632202
681.007568359,96.9988174438
680.980957031,96.9968490601
680.974182129,96.9972991943
680.969848633,96.9967422485
680.922058105,96.9419784546
680.890869141,96.9432907104
680.918518066,96.9980773926
680.881958008,96.9434509277
680.87097168,96.9421463013
680.905212402,96.9965591431
680.90057373,96.9960403442
680.898620605,96.9968338013
680.896240234,96.9966812134
680.894104004,96.996421814
680.885131836,96.9953536987
680.866394043,96.9415969849
680.864196777,96.9437026978
680.844360352,96.9413299561
680.845397949,96.9942398071
680.838562012,96.9935073853
680.83190918,96.9963912964
680.829650879,96.9949111938
680.820739746,96.9962234497
680.817810059,96.9393844604
680.81842041,96.9973068237
680.807617188,96.9935379028
680.805175781,96.9944763184
680.795471191,96.941734314
680.767456055,96.9936676025
680.713989258,96.9935760498
680.720031738,96.9401702881
680.709777832,96.9929580688
680.685241699,96.9937667847
680.648681641,96.9379348755
680.622070312,96.9371795654
680.619812012,96.9405822754
680.61541748,96.9388427734
680.618713379,96.991973877
680.599975586,96.936958313
680.557678223,96.9368896484
680.557861328,96.9355926514
680.565368652,96.9905395508
680.547607422,96.9909057617
680.540893555,96.9901275635
680.536376953,96.990852356
680.520874023,96.9889984131
680.495239258,96.9332962036
680.512084961,96.9879608154
680.512084961,96.9879608154
680.507629395,96.9887084961
680.477966309,96.9335784912
680.487670898,96.9862442017
680.487670898,96.9862442017
680.473205566,96.9342956543
680.478759766,96.987663269
680.446777344,96.934753418
680.440124512,96.9340744019
680.432067871,96.9883041382
680.432067871,96.9883041382
680.40234375,96.9307632446
680.374938965,96.9655303955
680.37286377,96.9640426636
680.407531738,96.9963912964
680.407348633,96.9976577759
680.407470703,96.9988937378
680.405151367,97.0010223389
680.359558105,96.9526901245
680.359741211,96.9514541626
680.35748291,96.9512252808
680.350891113,96.9491882324
680.320251465,96.9283599854
680.309265137,96.9295272827
680.311340332,96.9334869385
680.311340332,96.9334869385
680.304321289,96.9412384033
680.291137695,96.937210083
680.313171387,96.9472427368
680.279968262,96.9420089722
680.277770996,96.9405517578
680.321960449,96.9543838501
680.321899414,96.9555511475
680.264587402,96.9353103638
680.262268066,96.9351119995
680.328491211,96.9563598633
680.335083008,96.9583969116
680.343811035,96.9667358398
680.343811035,96.9680709839
680.341491699,96.9677505493
680.341491699,96.9677505493
680.337097168,96.9696273804
