1647.30456543,601.904785156
1647.31640625,601.908996582
1647.34020996,601.920043945
1647.36242676,601.924682617
1647.36242676,601.924682617
1647.36315918,601.92779541
1647.24780273,601.888671875
1647.42102051,601.947631836
1647.2130127,601.876647949
1647.17834473,601.864990234
1647.44421387,601.955444336
1647.10900879,601.841308594
1647.0970459,601.837341309
1647.63989258,602.019226074
1647.62878418,602.018493652
1647.6862793,602.034851074
1647.57141113,601.998840332
1647.7097168,602.046020508
1647.72070312,602.04675293
1647.77844238,602.06640625
1647.81347656,602.078125
1645.54248047,601.362731934
1645.56555176,601.370483398
1645.54638672,601.379272461
1645.51147461,601.367614746
1645.50024414,601.363525391
1645.56054688,601.396484375
1645.55041504,601.395935059
1645.48864746,601.359619141
1645.5838623,601.40435791
1645.5838623,601.40435791
1645.57299805,601.403625488
1645.51635742,601.387268066
1645.43078613,601.33996582
1645.49304199,601.379577637
1645.61547852,601.402770996
1645.61547852,601.402770996
1645.64001465,601.417358398
1645.44812012,601.3671875
1645.38525391,601.327453613
1645.39355469,601.318237305
1645.36181641,601.316345215
1645.36279297,601.319641113
1645.35095215,601.315734863
1645.68615723,601.433044434
1645.69689941,601.433837891
1645.35583496,601.335754395
1645.30432129,601.29675293
1645.35656738,601.339111328
1645.34509277,601.335144043
1645.26904297,601.281494141
1645.22363281,601.269226074
1644.44921875,600.992980957
1644.45031738,600.999572754
1645.17321777,601.279541016
1645.20800781,601.294677734
1645.23059082,601.299316406
1645.05895996,601.247009277
1645.00280762,601.233886719
1644.8079834,601.170532227
1644.80871582,601.17401123
1644.84350586,601.18572998
1640.49536133,599.819641113
1640.49597168,599.823059082
1640.50756836,599.827026367
1640.50817871,599.830200195
1640.5222168,599.844238281
1640.51135254,599.84362793
1640.52270508,599.847351074
1640.51220703,599.846984863
1640.51220703,599.846984863
1643.42016602,600.853637695
1643.38659668,600.845275879
1643.38708496,600.848632812
1643.37573242,600.844665527
1643.47802734,600.873291016
1643.50061035,600.881103516
1643.34082031,600.829650879
1643.34118652,600.832885742
1643.34118652,600.832885742
1643.32897949,600.825683594
1643.31848145,600.825073242
1643.28356934,600.813354492
1639.11694336,599.468994141
1639.10681152,599.471557617
1647.97912598,602.791625977
1647.90002441,602.816772461
1647.90002441,602.816772461
1647.8548584,602.804321289
1647.83215332,602.799743652
1647.58276367,602.733093262
1647.41223145,602.687255859
1647.30895996,602.609008789
1647.29736328,602.605285645
1647.21813965,602.584106445
1647.29980469,602.661132812
1647.18334961,602.572509766
1647.1619873,602.571166992
1647.17163086,602.61126709
1647.16113281,602.613708496
1647.0826416,602.550231934
1647.07250977,602.552856445
1647.09521484,602.603515625
1647.03723145,602.58380127
1647.03796387,602.587158203
1647.05041504,602.594482422
1647.02819824,602.589904785
1646.96862793,602.517456055
1646.97070312,602.573425293
1646.94873047,602.569030762
1646.93786621,602.56829834
1646.86022949,602.554077148
1646.84436035,602.487365723
1646.84802246,602.546813965
1646.80334473,602.537597656
1646.61315918,602.497436523
1646.50585938,602.402587891
1646.48522949,602.404724121
1646.4564209,602.462158203
1646.43237305,602.451049805
1646.38415527,602.379333496
1646.33972168,602.373413086
1646.28320312,602.357055664
1646.25927734,602.34588623
1646.32141113,602.43157959
1646.22692871,602.344116211
1646.28857422,602.426391602
1646.28918457,602.429748535
1646.15930176,602.327087402
1646.1361084,602.319335938
1646.12561035,602.318786621
1646.05883789,602.305114746
1646.13366699,602.401367188
1645.91333008,602.273864746
1645.89086914,602.26940918
1645.84643555,602.260314941
1645.71228027,602.232910156
1645.76818848,602.334655762
1645.52368164,602.195983887
1645.73571777,602.332885742
1645.66796875,602.315979004
1645.65869141,602.321960449
1645.42504883,602.184143066
1645.40405273,602.182739258
1645.55053711,602.31262207
1645.52819824,602.308044434
1645.4407959,602.296447754
1645.44140625,602.299804688
1645.39465332,602.280822754
1645.4185791,602.291931152
1645.38513184,602.286804199
1645.33081055,602.280456543
1645.30810547,602.275878906
1645.3326416,602.287109375
1645.27832031,602.284179688
1645.26708984,602.280151367
1645.09558105,602.135742188
1645.06201172,602.130615234
1645.27941895,602.287414551
1645.0411377,602.129516602
1645.01818848,602.121582031
1644.97424316,602.115905762
1644.94189453,602.114135742
1644.89892578,602.11151123
1645.00964355,602.268859863
1644.99902344,602.268371582
1644.73742676,602.099121094
1644.71472168,602.094787598
1644.69177246,602.086730957
1644.9263916,602.274108887
1644.65026855,602.091003418
1644.62963867,602.093017578
1644.59423828,602.077941895
1644.87329102,602.274353027
1644.54211426,602.081787109
1644.54211426,602.081787109
1644.82092285,602.278076172
1644.49853516,602.07598877
1644.77746582,602.272399902
1644.46679688,602.077453613
1644.45605469,602.076843262
1644.74804688,602.283630371
1644.69580078,602.287414551
1644.1048584,602.070251465
1644.00268555,602.087463379
1643.95996094,602.085083008
