683.393432617,-137.925735474
683.402709961,-137.916046143
683.36932373,-137.909301758
683.358215332,-137.907485962
683.431213379,-137.932144165
683.348999023,-137.91583252
683.346862793,-137.914215088
683.340332031,-137.914306641
683.335693359,-137.912277222
683.333496094,-137.91192627
683.333740234,-137.902023315
683.467224121,-137.92829895
683.467041016,-137.929504395
683.320495605,-137.899734497
683.473327637,-137.938095093
683.473327637,-137.93927002
683.304626465,-137.907073975
683.307128906,-137.89630127
683.491210938,-137.941055298
683.491210938,-137.941055298
683.491210938,-137.941055298
683.28515625,-137.890106201
683.28515625,-137.890106201
683.284790039,-137.902450562
683.282409668,-137.900817871
683.267333984,-137.887084961
683.265136719,-137.886657715
683.520080566,-137.94354248
683.526733398,-137.94593811
683.526855469,-137.943374634
683.262573242,-137.897399902
683.260192871,-137.895874023
683.260192871,-137.895874023
683.25592041,-137.896347046
683.253723145,-137.895904541
683.537963867,-137.949005127
683.540100098,-137.950576782
683.251342773,-137.894363403
683.244567871,-137.893264771
683.242492676,-137.892791748
683.549255371,-137.949615479
683.551391602,-137.951217651
683.560180664,-137.952682495
683.220397949,-137.887817383
683.214233398,-137.874389648
683.216369629,-137.873443604
683.212036133,-137.871505737
683.207336426,-137.871932983
683.207641602,-137.870727539
683.203125,-137.869934082
683.194458008,-137.865921021
683.194458008,-137.865921021
683.185058594,-137.878112793
683.17388916,-137.875
683.180969238,-137.862426758
683.167358398,-137.873855591
683.16784668,-137.859008789
683.16784668,-137.859008789
683.154541016,-137.855529785
683.15447998,-137.854248047
683.147827148,-137.853225708
683.132324219,-137.848068237
683.130187988,-137.848953247
683.130126953,-137.847640991
683.130249023,-137.846435547
683.111877441,-137.85824585
683.10760498,-137.856307983
683.10760498,-137.856307983
683.107543945,-137.855102539
683.116943359,-137.842987061
683.103759766,-137.839447021
683.094360352,-137.852798462
683.092102051,-137.852386475
683.089904785,-137.852005005
683.097229004,-137.835876465
683.083374023,-137.849700928
683.081054688,-137.848098755
683.088256836,-137.834335327
683.088256836,-137.833068848
683.074462891,-137.846954346
683.07220459,-137.845367432
683.072814941,-137.829299927
683.034729004,-137.833938599
683.037536621,-137.814620972
683.025878906,-137.831237793
683.03314209,-137.813812256
683.028686523,-137.813064575
683.013366699,-137.80796814
683.01348877,-137.805511475
683.006774902,-137.803161621
682.98840332,-137.817428589
682.981750488,-137.815124512
682.981750488,-137.815124512
682.966308594,-137.808761597
682.961791992,-137.808013916
682.938598633,-137.772888184
682.91998291,-137.791015625
682.92956543,-137.768890381
682.927612305,-137.768585205
682.923156738,-137.765350342
682.898071289,-137.781021118
682.895874023,-137.779403687
682.893432617,-137.780273438
682.889282227,-137.778289795
682.88482666,-137.776321411
682.882629395,-137.774673462
682.896911621,-137.750946045
682.896911621,-137.750946045
682.867248535,-137.768325806
682.860778809,-137.763519287
682.853942871,-137.761169434
682.843383789,-137.755554199
682.838867188,-137.753509521
682.85760498,-137.726776123
682.848815918,-137.721694946
682.844604492,-137.719589233
682.810424805,-137.738800049
682.810424805,-137.737548828
682.83795166,-137.714797974
682.808166504,-137.737167358
682.829345703,-137.708343506
682.826965332,-137.70803833
682.824768066,-137.706375122
682.820495605,-137.703170776
682.786193848,-137.724822998
682.781799316,-137.721572876
682.781799316,-137.721572876
682.81829834,-137.701507568
682.773376465,-137.716262817
682.760131836,-137.709091187
682.792175293,-137.680999756
682.746826172,-137.699554443
682.747070312,-137.698226929
682.781433105,-137.671554565
682.738220215,-137.694259644
682.723083496,-137.683013916
682.723083496,-137.683013916
682.72088623,-137.678878784
682.718688965,-137.678543091
682.761901855,-137.653366089
682.709960938,-137.673248291
682.707641602,-137.672836304
682.751281738,-137.640396118
682.749023438,-137.638885498
682.686096191,-137.656738281
682.73828125,-137.626998901
682.670898438,-137.644241333
682.657897949,-137.632125854
682.653686523,-137.627593994
682.719238281,-137.601272583
682.647094727,-137.621536255
682.644958496,-137.617462158
682.644958496,-137.61869812
682.712768555,-137.593963623
682.712890625,-137.592788696
682.640625,-137.614242554
682.704162598,-137.583892822
682.702331543,-137.574829102
682.697937012,-137.571655273
682.623779297,-137.588897705
682.621643066,-137.587310791
682.689575195,-137.551589966
682.685546875,-137.544677734
682.68572998,-137.53843689
682.68347168,-137.535568237
682.68347168,-137.535568237
682.589599609,-137.545806885
682.585205078,-137.543777466
682.585021973,-137.542633057
682.675292969,-137.519210815
682.585327148,-137.536437988
682.583190918,-137.536026001
682.67980957,-137.518692017
682.679870605,-137.51133728
682.574645996,-137.5234375
682.572509766,-137.519363403
682.56854248,-137.506195068
682.564147949,-137.503082275
682.566650391,-137.500854492
682.564453125,-137.495513916
682.674072266,-137.486709595
682.674438477,-137.480514526
682.558288574,-137.485748291
682.676940918,-137.469726562
682.675537109,-137.45072937
682.678344727,-137.431350708
682.548522949,-137.441802979
682.544433594,-137.429916382
682.685302734,-137.425003052
682.685241699,-137.423751831
682.549133301,-137.422058105
682.553894043,-137.421417236
682.549499512,-137.418289185
682.542785645,-137.413452148
682.551879883,-137.406356812
682.543823242,-137.39112854
682.543640137,-137.389907837
682.539550781,-137.378082275
682.537536621,-137.372787476
682.707275391,-137.369018555
682.702941895,-137.366943359
682.705078125,-137.367431641
682.548034668,-137.328430176
682.756225586,-137.373458862
682.769592285,-137.374526978
682.771728516,-137.377319336
682.773925781,-137.377746582
682.778381348,-137.379653931
682.782775879,-137.380401611
682.80267334,-137.387573242
682.804870605,-137.386642456
682.80480957,-137.389144897
682.829406738,-137.394515991
682.506958008,-137.292861938
682.752380371,-137.295654297
682.840087891,-137.400039673
682.757141113,-137.285140991
682.833618164,-137.334243774
682.564453125,-137.245239258
682.76385498,-137.280181885
682.546813965,-137.23866272
682.544555664,-137.238265991
682.460632324,-137.27885437
682.454101562,-137.276443481
682.77331543,-137.269256592
682.773254395,-137.268051147
682.542541504,-137.237792969
682.442932129,-137.273391724
682.431945801,-137.26902771
682.43182373,-137.267852783
682.895263672,-137.416900635
682.890808105,-137.355041504
682.897583008,-137.356140137
682.90411377,-137.357345581
682.432128906,-137.266571045
682.603027344,-137.225723267
682.902038574,-137.417938232
682.901977539,-137.4190979
682.912902832,-137.421112061
682.92401123,-137.365600586
682.494018555,-137.222137451
682.471923828,-137.215927124
682.392272949,-137.257354736
682.467529297,-137.212768555
682.458679199,-137.210021973
682.452026367,-137.208938599
682.619567871,-137.199829102
682.619567871,-137.194900513
682.932800293,-137.428146362
682.934936523,-137.428573608
682.963439941,-137.380935669
682.965759277,-137.38381958
682.970092773,-137.383361816
682.449829102,-137.206085205
682.803466797,-137.234527588
682.622009277,-137.191513062
682.94140625,-137.434692383
682.983398438,-137.388153076
682.427734375,-137.199890137
682.418884277,-137.195968628
682.626831055,-137.18359375
682.810424805,-137.230712891
682.812438965,-137.234725952
682.629089355,-137.181488037
682.972412109,-137.444778442
682.399108887,-137.188812256
682.977050781,-137.445510864
682.983520508,-137.447860718
682.826477051,-137.219650269
682.828674316,-137.216339111
682.34173584,-137.170455933
682.83581543,-137.206298828
682.840087891,-137.208267212
682.840087891,-137.208267212
683.056335449,-137.4115448
683.043151855,-137.462921143
683.045410156,-137.463348389
683.045410156,-137.46585083
683.049926758,-137.46522522
683.082702637,-137.422317505
683.060668945,-137.472137451
683.091918945,-137.481048584
683.111450195,-137.429611206
683.094055176,-137.481414795
683.091918945,-137.481048584
683.104919434,-137.484619141
683.111755371,-137.485702515
683.111755371,-137.485702515
683.137878418,-137.43901062
683.127075195,-137.492004395
683.144836426,-137.4974823
683.151184082,-137.443771362
683.171081543,-137.506988525
683.21295166,-137.464157104
683.206665039,-137.517883301
683.254882812,-137.47996521
683.270080566,-137.485076904
683.255310059,-137.534790039
683.28137207,-137.486938477
683.290283203,-137.490875244
683.294616699,-137.491592407
683.29901123,-137.493621826
683.321105957,-137.501113892
683.336486816,-137.508621216
683.330322266,-137.557510376
683.339111328,-137.561401367
683.382873535,-137.523956299
683.385253906,-137.521865845
683.385192871,-137.525634766
683.407165527,-137.533035278
683.422607422,-137.536865234
683.424804688,-137.53729248
683.407348633,-137.529266357
683.427062988,-137.537643433
683.396362305,-137.583557129
683.398681641,-137.582763672
683.45123291,-137.549194336
683.453491211,-137.549591064
683.462280273,-137.553588867
683.480163574,-137.556564331
683.447387695,-137.597106934
683.447387695,-137.597106934
683.460510254,-137.60307312
683.493408203,-137.558746338
683.557495117,-137.582000732
683.557495117,-137.582000732
683.561950684,-137.583984375
683.568359375,-137.586410522
683.533630371,-137.62538147
683.53137207,-137.626312256
683.54473877,-137.627212524
683.579467773,-137.590759277
683.544616699,-137.62852478
683.540222168,-137.628982544
683.557983398,-137.634460449
683.560119629,-137.633636475
683.58807373,-137.593475342
683.566711426,-137.637115479
683.612670898,-137.601333618
683.616821289,-137.60333252
683.599975586,-137.644088745
683.641418457,-137.611114502
683.612976074,-137.651290894
683.624084473,-137.655578613
683.624084473,-137.655578613
683.633117676,-137.658340454
683.661254883,-137.619506836
683.661193848,-137.61819458
683.665649414,-137.618942261
683.676879883,-137.622055054
683.646179199,-137.661911011
683.652893066,-137.664230347
683.657348633,-137.664962769
683.698852539,-137.629592896
683.703369141,-137.630401611
683.707702637,-137.633468628
683.679382324,-137.674880981
683.679382324,-137.674880981
683.688293457,-137.677627563
683.690551758,-137.67678833
683.71270752,-137.682937622
683.716918945,-137.684967041
683.725952148,-137.686508179
683.728027344,-137.68812561
683.809387207,-137.668136597
683.811645508,-137.668518066
683.829162598,-137.67527771
683.818847656,-137.718383789
683.829833984,-137.721496582
683.853515625,-137.684326172
683.855529785,-137.685958862
683.836425781,-137.723861694
683.843017578,-137.724945068
683.84967041,-137.726135254
683.854248047,-137.728134155
683.886779785,-137.69493103
683.871948242,-137.733566284
683.928710938,-137.709518433
683.935913086,-137.754348755
683.94934082,-137.757904053
683.947021484,-137.758743286
683.953796387,-137.759841919
683.958129883,-137.761947632
683.966918945,-137.765853882
684.010437012,-137.73828125
684.017211914,-137.739379883
684.004089355,-137.790847778
684.004150391,-137.792053223
684.001953125,-137.794158936
683.999572754,-137.792617798
683.997558594,-137.789642334
684.026000977,-137.802062988
684.026123047,-137.803207397
684.044006348,-137.807418823
684.050537109,-137.811096191
684.084228516,-137.804397583
684.073059082,-137.807434082
684.075134277,-137.807830811
684.077453613,-137.807006836
684.091064453,-137.805450439
684.091064453,-137.805450439
683.582275391,-137.956481934
683.584411621,-137.956939697
683.586669922,-137.956039429
683.577880859,-137.953201294
683.584594727,-137.953140259
683.589111328,-137.953842163
683.59576416,-137.957443237
683.582580566,-137.947845459
683.600524902,-137.948318481
683.602600098,-137.949951172
683.602661133,-137.948730469
683.606689453,-137.960632324
683.608947754,-137.960968018
683.602661133,-137.947463989
683.605102539,-137.945343018
683.607421875,-137.943252563
683.622558594,-137.957046509
683.629150391,-137.960662842
683.631225586,-137.963516235
683.633605957,-137.955184937
683.640441895,-137.957580566
683.64465332,-137.959564209
683.644897461,-137.958374023
683.646850586,-137.961257935
683.704956055,-137.963470459
683.715820312,-137.974060059
683.745117188,-137.967819214
683.745117188,-137.967819214
683.767089844,-137.977783203
683.776245117,-137.975570679
683.776245117,-137.975570679
683.776306152,-137.971847534
683.778381348,-137.979629517
683.778381348,-137.972198486
683.782836914,-137.979187012
683.78503418,-137.980712891
683.794067383,-137.978561401
683.798461914,-137.979309082
683.796325684,-137.974029541
683.80291748,-137.978820801
683.805236816,-137.979187012
683.807312012,-137.97833252
683.809814453,-137.974960327
683.820861816,-137.981826782
683.825134277,-137.983856201
683.825317383,-137.981338501
683.827392578,-137.984191895
683.836547852,-137.977005005
683.838806152,-137.978622437
683.838684082,-137.977416992
683.849975586,-137.978012085
683.856567383,-137.979187012
683.863098145,-137.98765564
683.865234375,-137.988082886
683.871948242,-137.988052368
683.872192383,-137.980514526
683.874511719,-137.980941772
683.900939941,-137.989135742
683.91217041,-137.992324829
683.925720215,-137.984573364
683.934631348,-137.98614502
683.943359375,-137.993804932
683.939147949,-137.985610962
683.970153809,-137.995803833
683.99041748,-137.995498657
683.990600586,-137.991714478
683.990539551,-137.989349365
683.990478516,-137.988113403
683.990478516,-137.988113403
684.003662109,-137.99772644
684.00189209,-137.988723755
684.006164551,-137.995651245
684.006103516,-137.992004395
684.017456055,-137.990081787
684.019714355,-137.989196777
684.030517578,-137.997344971
684.030517578,-137.997344971
684.032836914,-137.99029541
684.043945312,-137.998306274
684.03527832,-137.990646362
684.053100586,-137.993682861
684.057617188,-137.991912842
684.075134277,-138.001205444
684.066650391,-137.9921875
684.081970215,-137.999816895
684.073242188,-137.992034912
684.083984375,-138.001403809
684.075439453,-137.992462158
684.077880859,-137.991577148
684.090881348,-138.000061035
684.093139648,-138.000457764
684.091125488,-137.993804932
684.095336914,-138.000747681
684.095581055,-137.994644165
684.093505859,-137.992996216
