1640.20751953,601.218139648
1640.19689941,601.217651367
1640.16345215,601.209289551
1640.2557373,601.243713379
1640.29296875,601.268798828
1640.30554199,601.276184082
1640.30615234,601.279418945
1640.17004395,601.239135742
1640.15917969,601.235168457
1640.15917969,601.235168457
1640.26269531,601.273742676
1639.0177002,600.857543945
1639.00646973,600.857055664
1639.01977539,600.867614746
1639.02160645,600.874267578
1638.43713379,600.67175293
1638.44128418,600.688476562
1638.45288086,600.692321777
1638.45617676,600.705627441
1638.58166504,600.748657227
1638.58227539,600.751953125
1638.58557129,600.765197754
1638.09082031,600.583984375
1638.08093262,600.586853027
1638.08154297,600.590148926
1638.10534668,600.601318359
1638.09484863,600.600585938
1638.09484863,600.600585938
1638.09082031,600.583984375
1641.39648438,601.789306641
1641.40881348,601.796630859
1641.45373535,601.808898926
1641.5111084,601.828613281
1641.5111084,601.828613281
1641.52270508,601.832458496
1641.57995605,601.852111816
1638.6385498,600.856628418
1638.64208984,600.869873047
1638.6385498,600.856628418
1638.6484375,600.896484375
1638.66125488,600.907165527
1638.66503906,600.923706055
1639.86193848,601.314147949
1639.86279297,601.317321777
1639.87353516,601.318054199
1639.88500977,601.322021484
1639.79504395,601.297363281
1639.68115234,601.261474609
1639.70397949,601.269348145
1639.66113281,601.266967773
1639.63928223,601.262512207
1639.61572266,601.251403809
1639.59338379,601.246826172
1639.57983398,601.232971191
1639.60961914,601.270812988
1639.5982666,601.266906738
1639.57507324,601.258911133
1639.51342773,601.219421387
1639.51342773,601.219421387
1639.57617188,601.262268066
1639.55334473,601.254394531
1639.54174805,601.250549316
1639.53051758,601.246765137
1639.48950195,601.208374023
1639.46679688,601.200561523
1639.45458984,601.193237305
1639.44360352,601.192687988
1639.49560547,601.234924316
1639.43225098,601.188842773
1639.90270996,601.352478027
1639.91455078,601.359741211
1639.92565918,601.360168457
1639.88110352,601.351257324
1639.94848633,601.368103027
1639.85852051,601.343383789
1639.82507324,601.335021973
1639.80029297,601.32043457
1639.78979492,601.320007324
1639.39379883,601.20324707
1639.39416504,601.206298828
1639.39416504,601.206298828
1639.33752441,601.186889648
1639.32617188,601.186279297
1639.3026123,601.175109863
1639.30407715,601.178588867
1639.29248047,601.174560547
1639.24658203,601.158935547
1639.22460938,601.15435791
1639.21374512,601.153808594
1639.20239258,601.149902344
1639.19104004,601.146179199
1638.5567627,600.953796387
1638.56872559,600.961120605
1638.50012207,600.937683105
1638.46594238,600.925842285
1638.2512207,600.861694336
1638.27416992,600.869445801
1638.20617676,600.849487305
1638.05908203,600.805297852
1638.07080078,600.809204102
1638.08239746,600.813110352
1637.96850586,600.77734375
1637.92370605,600.765075684
1637.86743164,600.748962402
1637.86743164,600.748962402
1637.76525879,600.717041016
1637.78820801,600.724914551
1637.72045898,600.704833984
1637.63012695,600.676940918
1637.5625,600.656860352
1637.50598145,600.640625
1637.39343262,600.608154297
1637.32543945,600.588134766
1637.32543945,600.588134766
1637.31420898,600.584350586
1637.25805664,600.568054199
1637.2121582,600.552429199
1637.20153809,600.551879883
1636.6706543,600.391906738
1636.66003418,600.391357422
1636.6706543,600.391906738
1636.03894043,600.203552246
1636.02844238,600.20300293
1636.00610352,600.1953125
1636.09619141,600.223144531
1635.68969727,600.099609375
1635.74658203,600.119018555
1637.66577148,600.783691406
1637.59863281,600.767028809
1637.57507324,600.755859375
1637.50756836,600.735839844
1637.49572754,600.731872559
1633.58728027,599.435913086
1633.578125,599.441894531
1633.63415527,599.458007812
1633.53405762,599.432800293
1633.49963379,599.421325684
1633.49963379,599.421325684
1633.4901123,599.42388916
1633.4798584,599.423400879
1633.45837402,599.422302246
1633.33581543,599.389587402
1633.35876465,599.397338867
1633.35900879,599.400512695
1633.36975098,599.401123047
1633.37084961,599.404418945
1642.1282959,602.694458008
1641.99267578,602.657226562
1641.9362793,602.640808105
1641.9362793,602.640808105
1641.96044922,602.698059082
1641.88122559,602.631347656
1641.84741211,602.62286377
1641.76818848,602.598754883
1641.76818848,602.598754883
1641.72399902,602.589599609
1641.68762207,602.571228027
1641.59838867,602.549865723
1641.56445312,602.541320801
1641.50915527,602.528442383
1641.40710449,602.499755859
1641.38427734,602.492004395
1641.43225098,602.560302734
1641.39831543,602.551940918
1641.36486816,602.543457031
1641.15063477,602.485595703
1641.12695312,602.474304199
1641.11730957,602.477233887
1641.06286621,602.470825195
1641.06286621,602.470825195
1641.04016113,602.46307373
1640.88439941,602.428161621
1640.63330078,602.30255127
1640.73962402,602.397033691
1640.70678711,602.391967773
1640.38879395,602.249511719
1640.30041504,602.231445312
1640.48596191,602.346984863
1640.43017578,602.33392334
1640.21203613,602.213439941
1640.3605957,602.307006836
1640.14477539,602.196533203
1640.2980957,602.310180664
1640.07885742,602.183105469
1639.9786377,602.161071777
1639.95678711,602.156616211
1640.10070801,602.276123047
1639.9119873,602.147644043
1639.88024902,602.145874023
1639.71728516,602.123535156
1639.71533203,602.116943359
1639.85974121,602.236694336
1639.84985352,602.239501953
1639.82775879,602.234985352
1639.82775879,602.234985352
1639.61645508,602.098266602
1639.52893066,602.083679199
1639.44213867,602.072265625
1639.65588379,602.218933105
1639.14868164,602.033081055
1639.07519531,602.032226562
1639.0769043,602.039001465
1639.06347656,602.028442383
1639.05517578,602.037658691
1639.44104004,602.200256348
1638.98828125,602.021057129
1639.35595703,602.198730469
1638.96594238,602.016479492
1639.3137207,602.196472168
1638.90234375,602.013000488
1639.27111816,602.194274902
1638.82910156,602.015563965
1639.15307617,602.184326172
1639.06140137,602.195739746
1639.0723877,602.199584961
1638.62426758,601.994262695
1638.94714355,602.202453613
1638.50891113,601.994384766
1638.49890137,601.997070312
1638.4876709,601.993347168
1638.43615723,601.997009277
1638.87585449,602.214782715
1638.38269043,601.994018555
1638.34155273,601.998291016
1638.32421875,602.013793945
1638.32421875,602.013793945
1638.31396484,602.013305664
1638.2722168,602.014160156
1638.25671387,602.039550781
1638.22851562,602.008544922
1638.21887207,602.011169434
1638.20983887,602.01739502
1638.21191406,602.02722168
