1636.9901123,597.319091797
1636.99328613,597.332336426
1637.00610352,597.342773438
1637.00769043,597.34942627
1637.01220703,597.36932373
1637.01220703,597.36932373
1637.43493652,597.470275879
1637.42541504,597.476196289
1637.4420166,597.5
1637.45654297,597.517272949
1635.1184082,596.716674805
1635.08508301,596.708312988
1635.0859375,596.711730957
1635.07507324,596.707885742
1635.06347656,596.703857422
1635.1184082,596.716674805
1635.04052734,596.696166992
1635.04052734,596.696166992
1635.02893066,596.692199707
1636.53540039,597.216369629
1636.52624512,597.219421387
1632.84448242,596.071411133
1632.83654785,596.084106445
1632.84448242,596.071411133
1639.64697266,598.383911133
1639.65881348,598.387817383
1639.90002441,598.472900391
1639.91223145,598.480041504
1639.88916016,598.472167969
1640.01416016,598.51171875
1640.01513672,598.515014648
1639.9921875,598.507263184
1640.14111328,598.557800293
1640.2097168,598.581359863
1640.24511719,598.596191406
1640.3137207,598.619567871
1640.41577148,598.651245117
1640.39355469,598.646789551
1640.43908691,598.662353516
1640.46228027,598.670043945
1640.47351074,598.674072266
1640.4855957,598.677978516
1640.48474121,598.674682617
1640.56530762,598.70513916
1638.43164062,598.001159668
1638.44348145,598.005187988
1638.26196289,597.949707031
1638.26757812,597.972900391
1638.34179688,597.976745605
1638.25610352,597.968933105
1638.2565918,597.972351074
1638.28125,597.986694336
1638.22192383,597.957458496
1638.22192383,597.957458496
1638.22412109,597.967346191
1638.32641602,597.998840332
1638.20153809,597.959533691
1638.14501953,597.943237305
1638.09997559,597.931213379
1638.08789062,597.924072266
1638.09631348,597.914611816
1638.07678223,597.920043945
1638.04309082,597.911804199
1638.06115723,597.899536133
1637.92272949,597.846374512
1637.91271973,597.849304199
1637.92956543,597.876342773
1637.91931152,597.875793457
1637.95239258,597.884033203
1637.63525391,597.78527832
1637.63586426,597.788513184
1637.60180664,597.777038574
1637.5567627,597.764770508
1637.54455566,597.757446289
1637.54455566,597.757446289
1637.40917969,597.717773438
1637.39868164,597.717041016
1637.37585449,597.709350586
1637.46630859,597.736999512
1637.46630859,597.736999512
1637.3190918,597.689941406
1637.27380371,597.67767334
1636.7644043,597.519775391
1636.79870605,597.531311035
1636.84436035,597.546936035
1636.69714355,597.49987793
1636.30102539,597.377502441
1636.32385254,597.385192871
1633.01623535,596.315429688
1633.03271484,596.339233398
1633.02160645,596.338562012
1633.11328125,596.372741699
1634.33813477,596.780151367
1634.36096191,596.787841797
1634.30505371,596.771850586
1634.2376709,596.75189209
1633.51538086,596.527526855
1633.4831543,596.522766113
1633.59509277,596.55480957
1633.61791992,596.562438965
1633.64050293,596.57019043
1636.06494141,597.397583008
1636.06542969,597.400878906
1636.06591797,597.40423584
1636.0892334,597.411987305
1636.10021973,597.41583252
1636.11193848,597.41986084
1636.00891113,597.381652832
1636.02246094,597.395385742
1636.01025391,597.388122559
1636.13378906,597.424133301
1636.15649414,597.43182373
1636.15649414,597.43182373
1635.98693848,597.377258301
1635.98693848,597.377258301
1635.97619629,597.376586914
1635.94287109,597.368286133
1633.33544922,596.472412109
1633.39221191,596.491882324
1633.24633789,596.448364258
1633.25756836,596.452087402
1633.25756836,596.452087402
1632.61547852,596.25201416
1632.61584473,596.255126953
1632.61584473,596.255126953
1632.63867188,596.263000488
1632.63867188,596.263000488
1632.69470215,596.279052734
1632.72851562,596.290405273
1632.46899414,596.208374023
1632.4588623,596.207885742
1641.4810791,599.591003418
1641.5045166,599.598815918
1641.50622559,599.605651855
1641.43640137,599.578918457
1641.41430664,599.574401855
1641.3692627,599.562194824
1641.17431641,599.495788574
1641.0012207,599.47668457
1640.99243164,599.440124512
1640.96691895,599.465026855
1640.94812012,599.431030273
1640.95532227,599.4609375
1640.93395996,599.459960938
1640.93457031,599.463134766
1640.92163086,599.452575684
1640.90246582,599.415527344
1640.83227539,599.431274414
1640.80932617,599.423583984
1640.78845215,599.379821777
1640.78845215,599.379821777
1640.73083496,599.403015137
1640.71923828,599.399169922
1640.57312012,599.315673828
1640.62927246,599.374328613
1640.49353027,599.291687012
1640.5390625,599.349914551
1640.51635742,599.342163086
1640.4498291,599.282775879
1640.43774414,599.275512695
1640.43774414,599.275512695
1640.26782227,599.227050781
1640.14501953,599.197509766
1640.14501953,599.197509766
1640.05432129,599.169494629
1639.96447754,599.145202637
1639.87573242,599.127380371
1639.86474609,599.123352051
1639.83068848,599.114929199
1639.84179688,599.161499023
1639.81750488,599.147216797
1639.78442383,599.096191406
1639.70556641,599.075439453
1639.70556641,599.075439453
1639.66381836,599.11907959
1639.52941895,599.085693359
1639.50646973,599.077880859
1639.38452148,599.051635742
1639.3614502,599.043762207
1639.29272461,599.020446777
1639.29541016,599.030456543
1639.26257324,599.025390625
1639.11694336,598.988037109
1639.00134277,598.899902344
1639.0513916,598.977966309
1638.86901855,598.873168945
1638.83862305,598.878051758
1638.81591797,598.870361328
1638.72631836,598.845825195
1638.72521973,598.842529297
1638.66967773,598.829772949
1638.59814453,598.881469727
1638.61181641,598.895446777
1638.54602051,598.885375977
1638.42858887,598.78717041
1638.41516113,598.7734375
1638.31567383,598.755004883
1638.31665039,598.758300781
1638.30432129,598.751098633
1638.2935791,598.750549316
1638.28271484,598.749816895
1638.18579102,598.738342285
1638.11804199,598.718200684
1638.18481445,598.823364258
1638.17346191,598.819396973
1638.05395508,598.714660645
1638.02062988,598.706298828
1637.99865723,598.702026367
1638.15136719,598.814941406
1637.96484375,598.693481445
1638.11108398,598.822570801
1637.90063477,598.686889648
1637.77038574,598.670043945
1637.78063965,598.667419434
1637.76989746,598.666748047
1637.65197754,598.657226562
1637.62927246,598.649414062
1637.62939453,598.652648926
1637.81079102,598.796691895
1637.55541992,598.648681641
1637.7701416,598.801086426
1637.71679688,598.798217773
1637.69494629,598.793762207
1637.65270996,598.794677734
1637.62023926,598.789672852
1637.39208984,598.623657227
1637.37072754,598.622375488
1637.59802246,598.78527832
1637.58764648,598.784729004
1637.57788086,598.787536621
1637.31774902,598.619567871
1637.29553223,598.615112305
1637.51525879,598.790527344
1637.50634766,598.796691895
1637.48461914,598.792358398
1637.09399414,598.60760498
1637.08288574,598.60369873
1637.3614502,598.805236816
1637.28955078,598.811218262
1636.93566895,598.602478027
1636.9161377,598.607788086
1636.91723633,598.611206055
1636.87280273,598.602172852
1636.8737793,598.605651855
1636.8737793,598.605651855
1636.82092285,598.602661133
1637.12756348,598.835327148
1636.75744629,598.602661133
1636.7286377,598.614135742
1636.7286377,598.614135742
1636.54162598,598.620483398
1636.53393555,598.633117676
1636.4979248,598.657409668
1636.45996094,598.629272461
1636.42956543,598.634155273
