667.49395752,-153.533447266
667.49609375,-153.533905029
667.498413086,-153.534255981
667.500427246,-153.534759521
667.494812012,-153.523666382
667.492797852,-153.521987915
667.494873047,-153.522491455
667.514099121,-153.52885437
667.519897461,-153.538635254
667.522827148,-153.529342651
667.533630371,-153.532821655
667.533630371,-153.532821655
667.53717041,-153.541015625
667.537353516,-153.542098999
667.544494629,-153.533737183
667.54876709,-153.534637451
667.558837891,-153.546615601
667.561706543,-153.537307739
667.565979004,-153.538192749
667.56817627,-153.538696289
667.581237793,-153.541213989
667.410888672,-153.503005981
667.399291992,-153.510482788
667.583435059,-153.541687012
667.395690918,-153.501098633
667.390808105,-153.507522583
667.602722168,-153.545654297
667.391418457,-153.499023438
667.389282227,-153.498550415
667.386413574,-153.506713867
667.384277344,-153.505065918
667.384277344,-153.505065918
667.615783691,-153.548202515
667.377502441,-153.506134033
667.374145508,-153.494293213
667.617858887,-153.548660278
667.364868164,-153.501083374
667.635070801,-153.553405762
667.354064941,-153.49887085
667.349731445,-153.498031616
667.658508301,-153.564346313
667.65826416,-153.565567017
667.663085938,-153.565155029
667.667724609,-153.55758667
667.323852539,-153.491455078
667.319702148,-153.4894104
667.676513672,-153.559326172
667.31640625,-153.47756958
667.313171387,-153.486862183
667.677856445,-153.568237305
667.693786621,-153.562850952
667.695251465,-153.571807861
667.695739746,-153.563262939
667.706665039,-153.565414429
667.712646484,-153.575256348
667.715454102,-153.567199707
667.715454102,-153.566055298
667.719665527,-153.568099976
667.268127441,-153.476486206
667.259399414,-153.474700928
667.233825684,-153.465805054
667.205078125,-153.443862915
667.20300293,-153.443389893
667.188903809,-153.452926636
667.190002441,-153.439559937
667.18359375,-153.43711853
667.169494629,-153.447845459
667.161132812,-153.443664551
667.158752441,-153.44442749
667.16015625,-153.429779053
667.157958984,-153.429351807
667.155944824,-153.428863525
667.155883789,-153.427734375
667.155883789,-153.427734375
667.153686523,-153.427261353
667.139587402,-153.438049316
667.135375977,-153.435928345
667.135375977,-153.435928345
667.143066406,-153.422637939
667.124816895,-153.432449341
667.124816895,-153.432449341
667.122802734,-153.430831909
667.098144531,-153.408615112
667.090515137,-153.421859741
667.08203125,-153.418945312
667.094055176,-153.405334473
667.08972168,-153.404464722
667.081542969,-153.400222778
667.052429199,-153.405441284
667.052246094,-153.406692505
667.001281738,-153.387695312
666.956726074,-153.36756897
666.952514648,-153.366714478
666.956604004,-153.345275879
666.931213379,-153.357513428
666.931213379,-153.357513428
666.933410645,-153.333190918
666.916503906,-153.350814819
666.906005859,-153.34487915
666.920898438,-153.325653076
666.901855469,-153.342834473
666.878662109,-153.331985474
666.872619629,-153.326965332
666.872375488,-153.328201294
666.893676758,-153.310241699
666.891723633,-153.30859375
666.859619141,-153.321884155
666.881408691,-153.301574707
666.87286377,-153.297332764
666.868591309,-153.296524048
666.868774414,-153.294036865
666.864501953,-153.293136597
666.834838867,-153.306945801
666.833007812,-153.302856445
666.830566406,-153.303619385
666.828552246,-153.30430603
666.817993164,-153.297393799
666.850219727,-153.281661987
666.850219727,-153.280395508
666.811706543,-153.294845581
666.823120117,-153.263778687
666.782409668,-153.276550293
666.813049316,-153.254257202
666.813049316,-153.254257202
666.813049316,-153.253097534
666.774536133,-153.268737793
666.767944336,-153.266235352
666.767944336,-153.266235352
666.796569824,-153.241073608
666.798828125,-153.241485596
666.792419434,-153.236587524
666.788513184,-153.234375
666.792602539,-153.23538208
666.788574219,-153.232009888
666.741149902,-153.247192383
666.784484863,-153.228744507
666.780273438,-153.22668457
666.771972656,-153.221252441
666.770080566,-153.217147827
666.770263672,-153.215881348
666.768066406,-153.215499878
666.75390625,-153.200332642
666.695922852,-153.211990356
666.695922852,-153.213180542
666.75213623,-153.197418213
666.749816895,-153.197006226
666.75,-153.195755005
666.691772461,-153.208694458
666.687805176,-153.205383301
666.735900879,-153.18182373
666.734069824,-153.178909302
666.683654785,-153.202102661
666.681945801,-153.195617676
666.726013184,-153.168685913
666.673706055,-153.190200806
666.67175293,-153.18977356
666.718261719,-153.157150269
666.716308594,-153.154312134
666.667480469,-153.186462402
666.667419434,-153.187698364
666.708618164,-153.142837524
666.704345703,-153.140762329
666.700500488,-153.133865356
666.70098877,-153.128967285
666.694641113,-153.126449585
666.692993164,-153.121139526
666.635375977,-153.151519775
666.693359375,-153.117385864
666.689086914,-153.11416626
666.689086914,-153.11416626
666.689208984,-153.112915039
666.614074707,-153.11882019
666.608398438,-153.108947754
666.604370117,-153.104446411
666.682739258,-153.086959839
666.600830078,-153.095031738
666.680847168,-153.082901001
666.679626465,-153.073944092
666.591186523,-153.079498291
666.574401855,-153.046386719
666.67364502,-153.036972046
666.570800781,-153.037078857
666.570861816,-153.035766602
666.570861816,-153.035766602
666.66998291,-153.029998779
666.567260742,-153.025253296
666.563232422,-153.023101807
666.673461914,-153.017059326
666.677062988,-153.00050354
666.556762695,-152.997116089
666.553466797,-152.985351562
666.552307129,-152.972671509
666.552307129,-152.972671509
666.553222656,-152.962982178
666.551086426,-152.96131897
666.547790527,-152.949569702
666.552490234,-152.944366455
666.551391602,-152.931793213
666.549682617,-152.926483154
666.716918945,-152.945404053
666.729736328,-152.949279785
666.734069824,-152.950210571
666.742614746,-152.954345703
666.53137207,-152.88444519
666.746765137,-152.955276489
666.514221191,-152.879730225
666.763977051,-152.960006714
666.734802246,-152.891036987
666.747558594,-152.896011353
666.787475586,-152.968414307
666.787475586,-152.968414307
666.751831055,-152.89692688
666.753967285,-152.897354126
666.758361816,-152.898223877
666.775268555,-152.906524658
666.475952148,-152.866989136
666.471496582,-152.866165161
666.796142578,-152.970184326
666.79901123,-152.911392212
666.728820801,-152.861297607
666.456726074,-152.860641479
666.542907715,-152.828689575
666.529907227,-152.824890137
666.536376953,-152.826171875
666.530090332,-152.823608398
666.519348145,-152.821456909
666.819580078,-152.976165771
666.825805664,-152.979888916
666.733459473,-152.854904175
666.445983887,-152.857254028
666.506225586,-152.818832397
666.506225586,-152.818832397
666.504089355,-152.818405151
666.506652832,-152.81640625
666.838623047,-152.984909058
666.840881348,-152.984222412
666.736572266,-152.846801758
666.420349121,-152.848464966
666.420349121,-152.848464966
666.845336914,-152.985122681
666.845336914,-152.985122681
666.858032227,-152.990036011
666.577270508,-152.809707642
666.577636719,-152.807296753
666.407714844,-152.844619751
666.403503418,-152.841293335
666.864562988,-152.989044189
666.87310791,-152.99319458
666.869384766,-152.935546875
666.577880859,-152.803634644
666.582214355,-152.80329895
666.587036133,-152.798034668
666.591674805,-152.796524048
666.455566406,-152.79864502
666.880126953,-152.938858032
666.888244629,-152.996170044
666.892700195,-152.943908691
666.896789551,-152.997955322
666.758666992,-152.819198608
666.752441406,-152.815444946
666.761108398,-152.818328857
666.759460449,-152.81187439
666.598388672,-152.769439697
666.911193848,-153.008255005
666.374633789,-152.771148682
666.780517578,-152.795181274
666.363830566,-152.766571045
666.311767578,-152.812759399
666.303466797,-152.808609009
666.951660156,-153.022689819
666.951660156,-153.022689819
666.953857422,-153.023147583
666.956115723,-153.022369385
666.78527832,-152.789916992
666.785583496,-152.788742065
666.783691406,-152.784591675
666.347045898,-152.761871338
666.303344727,-152.809844971
666.968994141,-153.026153564
666.785949707,-152.78263855
666.792541504,-152.782684326
666.33001709,-152.755935669
666.327636719,-152.756729126
666.98223877,-152.974456787
666.973144531,-153.028244019
666.325500488,-152.756271362
666.321228027,-152.754196167
666.268981934,-152.799255371
666.258483887,-152.794692993
666.304138184,-152.74836731
666.302062988,-152.747787476
666.299987793,-152.747344971
667.024719238,-152.989242554
667.015991211,-153.041870117
666.213928223,-152.778244019
666.211669922,-152.777832031
667.039245605,-153.050292969
666.196533203,-152.7759552
667.05480957,-152.999023438
667.057006836,-152.999435425
667.061340332,-153.000320435
667.063415527,-153.001953125
667.058776855,-153.054275513
667.080444336,-153.007888794
667.086853027,-153.009277344
667.091125488,-153.01133728
666.206298828,-152.714874268
666.204101562,-152.714431763
667.131591797,-153.025588989
667.131530762,-153.026870728
667.135620117,-153.028991699
667.14642334,-153.030029297
667.122680664,-153.075881958
667.12677002,-153.07913208
667.133483887,-153.08052063
666.104980469,-152.746261597
667.15045166,-153.086364746
666.079223633,-152.738555908
667.187011719,-153.043106079
667.189208984,-153.044723511
667.176452637,-153.091629028
667.180480957,-153.093734741
666.099853516,-152.679763794
667.204040527,-153.049102783
667.204040527,-153.050231934
667.182617188,-153.094223022
667.184692383,-153.097061157
666.082702637,-152.673782349
666.072021484,-152.671646118
666.067626953,-152.670761108
667.199645996,-153.10256958
667.225524902,-153.058242798
667.231628418,-153.06199646
667.22088623,-153.110534668
667.225036621,-153.111434937
667.227416992,-153.110656738
667.227172852,-153.111846924
667.249206543,-153.063064575
667.255493164,-153.065612793
667.261962891,-153.118789673
667.266052246,-153.12210083
667.268005371,-153.122634888
667.272338867,-153.125915527
667.278930664,-153.075271606
667.296081543,-153.079956055
667.321289062,-153.143157959
667.325744629,-153.142944336
667.338256836,-153.149124146
667.342956543,-153.146392822
667.342834473,-153.148834229
667.345031738,-153.149215698
667.347229004,-153.14730835
667.342468262,-153.151275635
667.364257812,-153.102539062
667.370849609,-153.104995728
667.364013672,-153.156906128
667.368286133,-153.158966064
667.374755859,-153.160293579
667.374755859,-153.160293579
667.383300781,-153.16317749
667.385437012,-153.163650513
667.387634277,-153.164093018
667.424072266,-153.175170898
667.434692383,-153.178573608
667.432434082,-153.179397583
667.43927002,-153.175872803
667.462585449,-153.185501099
667.49005127,-153.14894104
667.466674805,-153.188781738
667.494445801,-153.147354126
667.473022461,-153.191375732
667.500854492,-153.201843262
667.500854492,-153.201843262
667.526489258,-153.209518433
667.526489258,-153.209518433
667.543395996,-153.216751099
667.545654297,-153.217102051
667.573608398,-153.173217773
667.560791016,-153.221328735
667.573486328,-153.225296021
667.597167969,-153.180541992
667.586181641,-153.230392456
667.599121094,-153.234191895
667.635620117,-153.194473267
667.635620117,-153.194473267
667.637695312,-153.194976807
667.6484375,-153.198364258
667.652648926,-153.199264526
667.665649414,-153.203079224
667.680603027,-153.208496094
667.641845703,-153.24899292
667.661132812,-153.255355835
667.682861328,-153.259735107
667.700134277,-153.263198853
667.699890137,-153.264404297
667.74029541,-153.229324341
667.742370605,-153.229736328
667.733947754,-153.276397705
667.734008789,-153.277542114
667.74041748,-153.27885437
667.744934082,-153.277313232
667.744689941,-153.280960083
667.450073242,-153.456466675
667.454284668,-153.457366943
667.456542969,-153.457778931
667.465454102,-153.458343506
667.471801758,-153.459564209
667.471740723,-153.458374023
667.47845459,-153.459701538
667.485107422,-153.459777832
667.489318848,-153.460693359
667.491394043,-153.462356567
667.493896484,-153.459121704
667.493896484,-153.459121704
667.495849609,-153.461990356
667.491882324,-153.45614624
667.49420166,-153.455444336
667.498352051,-153.45753479
667.504760742,-153.460113525
667.506958008,-153.459365845
667.509277344,-153.459747314
667.509277344,-153.459747314
667.515991211,-153.455001831
667.522766113,-153.455062866
667.512268066,-153.449310303
