703.777587891,-111.257247925
703.777709961,-111.25605011
703.786682129,-111.258552551
703.788879395,-111.258956909
703.759521484,-111.250961304
703.777587891,-111.257247925
703.777587891,-111.257247925
703.757141113,-111.250732422
703.754577637,-111.251678467
703.752563477,-111.251228333
703.750366211,-111.249771118
703.743469238,-111.247520447
703.736633301,-111.245391846
703.729736328,-111.243202209
703.727600098,-111.242790222
703.72052002,-111.241905212
703.72088623,-111.240539551
703.812011719,-111.260780334
703.832519531,-111.263771057
703.851135254,-111.265022278
703.890014648,-111.269187927
703.892333984,-111.269477844
703.917419434,-111.273078918
703.917358398,-111.271812439
703.93347168,-111.275299072
703.949462891,-111.276298523
703.968017578,-111.277557373
703.983886719,-111.27986145
704.167419434,-111.300392151
704.167480469,-111.299194336
704.174377441,-111.300132751
704.176635742,-111.301643372
703.668273926,-111.228233337
703.652709961,-111.222373962
703.652709961,-111.222373962
703.645690918,-111.221405029
703.63885498,-111.219146729
703.636657715,-111.220031738
703.622802734,-111.21572113
703.613647461,-111.214431763
703.600036621,-111.210037231
703.597961426,-111.20841217
703.588806152,-111.205917358
704.224853516,-111.305801392
704.238586426,-111.307723999
704.243347168,-111.307167053
704.25,-111.309356689
704.243530273,-111.299690247
704.243530273,-111.299690247
704.236938477,-111.297492981
704.264038086,-111.305007935
704.236999512,-111.293777466
704.232299805,-111.293212891
704.223083496,-111.294342041
704.221008301,-111.292770386
704.223449707,-111.289276123
704.268554688,-111.308235168
704.268676758,-111.306976318
704.273193359,-111.307609558
704.27545166,-111.310386658
704.277893066,-111.309463501
704.221130371,-111.289047241
704.209533691,-111.289985657
704.226257324,-111.282180786
704.217041016,-111.28087616
704.200500488,-111.284957886
704.195922852,-111.284263611
704.205322266,-111.279418945
704.196228027,-111.280578613
704.191589355,-111.282341003
703.556945801,-111.200126648
703.552368164,-111.197151184
703.547973633,-111.195175171
703.545593262,-111.196144104
703.54107666,-111.195449829
703.538635254,-111.193901062
703.531921387,-111.19418335
703.531921387,-111.19418335
703.527160645,-111.192359924
703.527404785,-111.189857483
703.520629883,-111.188903809
703.511413574,-111.187667847
703.495544434,-111.181655884
703.479553223,-111.180664062
703.479553223,-111.180664062
703.475036621,-111.177581787
703.472717285,-111.17716217
703.468261719,-111.175354004
703.463867188,-111.174682617
703.461364746,-111.175605774
703.459289551,-111.172767639
703.450073242,-111.171562195
703.445373535,-111.169692993
703.445373535,-111.169692993
703.436279297,-111.168395996
703.434143066,-111.168067932
703.431640625,-111.167770386
703.429443359,-111.167434692
704.253723145,-111.284797668
704.25604248,-111.283866882
704.299499512,-111.288764954
704.313354492,-111.289382935
704.327026367,-111.29258728
704.340942383,-111.293144226
703.408935547,-111.16204834
703.393249512,-111.157402039
703.381713867,-111.155731201
703.370300293,-111.152938843
703.365905762,-111.14981842
703.36114502,-111.149230957
703.359130859,-111.147644043
703.354553223,-111.146965027
703.350097656,-111.145141602
703.338623047,-111.144706726
703.327270508,-111.140617371
703.31817627,-111.139404297
703.31817627,-111.136909485
703.315856934,-111.136535645
703.313598633,-111.136238098
703.313720703,-111.135009766
704.356811523,-111.294273376
704.370788574,-111.296051025
704.382324219,-111.297698975
704.389099121,-111.297439575
704.389160156,-111.296173096
704.391540527,-111.298988342
704.393737793,-111.298057556
704.398376465,-111.298721313
704.40045166,-111.299064636
704.400634766,-111.297767639
704.407592773,-111.298728943
704.416687012,-111.298728943
704.42376709,-111.300949097
704.426025391,-111.301254272
704.42590332,-111.300056458
704.485412598,-111.307136536
704.483398438,-111.305473328
704.4765625,-111.304573059
704.462768555,-111.302604675
704.460449219,-111.302375793
703.295227051,-111.132522583
703.288574219,-111.130264282
703.281738281,-111.12676239
703.277038574,-111.128662109
703.27722168,-111.126213074
703.275024414,-111.125869751
703.272583008,-111.127929688
703.268127441,-111.124908447
703.26574707,-111.124542236
703.26361084,-111.124237061
703.261169434,-111.123947144
703.261352539,-111.122673035
703.258972168,-111.123672485
703.256408691,-111.123382568
703.25201416,-111.122688293
703.247802734,-111.119529724
703.238464355,-111.115844727
703.231689453,-111.114738464
703.220336914,-111.113250732
703.218078613,-111.112876892
703.215576172,-111.112625122
703.213439941,-111.112319946
703.204406738,-111.10849762
703.199890137,-111.109130859
703.179443359,-111.103736877
703.165771484,-111.098152161
703.159057617,-111.095932007
703.152282715,-111.093673706
703.149963379,-111.093406677
703.147460938,-111.09564209
703.143188477,-111.091194153
703.129455566,-111.08807373
703.120361328,-111.086799622
703.120483398,-111.085502625
703.115722656,-111.087371826
703.106567383,-111.082458496
703.106811523,-111.081161499
703.104492188,-111.083312988
703.095458984,-111.079605103
703.090759277,-111.077682495
703.088623047,-111.079780579
703.086242676,-111.078224182
703.086181641,-111.079566956
703.086181641,-111.079566956
703.079406738,-111.077339172
703.077148438,-111.075767517
703.077331543,-111.073287964
703.065856934,-111.0729599
703.065673828,-111.071792603
703.063537598,-111.072639465
703.033996582,-111.065948486
703.031799316,-111.063186646
703.040893555,-111.065742493
703.024841309,-111.063522339
703.024780273,-111.062255859
703.020263672,-111.061630249
703.047668457,-111.06791687
703.049926758,-111.067047119
703.015930176,-111.05846405
703.01361084,-111.056938171
703.009033203,-111.05872345
702.99987793,-111.056274414
702.99987793,-111.056274414
702.997619629,-111.054725647
702.997558594,-111.053405762
702.995544434,-111.05304718
702.98425293,-111.050323486
702.974975586,-111.049041748
702.975158691,-111.047698975
702.970397949,-111.048377991
702.965881348,-111.047737122
702.961303711,-111.044654846
702.933959961,-111.039535522
702.936096191,-111.039901733
702.938842773,-111.037773132
702.927307129,-111.037384033
702.909240723,-111.033508301
702.911376953,-111.033966064
702.909057617,-111.032333374
702.911560059,-111.03263092
702.909179688,-111.031089783
702.909179688,-111.031089783
702.911437988,-111.031356812
702.897644043,-111.029541016
702.895446777,-111.029136658
702.895446777,-111.027908325
702.895507812,-111.026679993
702.888793945,-111.025779724
702.884155273,-111.025093079
702.870483398,-111.021972656
702.865966797,-111.021270752
702.863769531,-111.020927429
702.852416992,-111.015724182
702.843139648,-111.015655518
702.838684082,-111.015098572
702.83392334,-111.014396667
702.83190918,-111.011543274
702.83190918,-111.011543274
702.825134277,-111.009376526
702.811462402,-111.006225586
702.811523438,-111.004981995
702.809204102,-111.007141113
702.80682373,-111.005592346
702.80682373,-111.005592346
702.804504395,-111.006484985
702.802490234,-111.004951477
702.799987793,-111.003509521
702.793212891,-111.002441406
702.791015625,-111.000839233
