1646.85021973,601.215332031
1646.83935547,601.21496582
1646.84008789,601.218200684
1646.80554199,601.206237793
1646.85021973,601.215332031
1646.78405762,601.20513916
1646.93395996,601.256225586
1646.77246094,601.201171875
1646.7746582,601.211242676
1646.76428223,601.210693359
1646.90380859,601.264587402
1646.89343262,601.263793945
1646.91625977,601.271789551
1646.77770996,601.224487305
1646.93811035,601.272888184
1646.93884277,601.276306152
1646.92773438,601.27557373
1646.91699219,601.275085449
1646.81433105,601.243103027
1646.81433105,601.243103027
1646.83740234,601.250915527
1644.91015625,600.585510254
1645.20117188,600.743041992
1645.20324707,600.752746582
1645.20422363,600.75604248
1645.24072266,600.820617676
1645.22973633,600.820007324
1645.23046875,600.823303223
1645.24377441,600.833984375
1648.03552246,601.784545898
1648.01293945,601.779968262
1648.01293945,601.779968262
1648.39367676,601.906555176
1648.39453125,601.909973145
1648.50952148,601.945983887
1648.53259277,601.953857422
1648.48718262,601.941345215
1648.56738281,601.965820312
1646.61560059,601.347106934
1646.56982422,601.334594727
1646.53686523,601.326293945
1645.26745605,600.890930176
1645.28405762,600.915039062
1645.28405762,600.915039062
1645.2845459,600.918273926
1645.2845459,600.918273926
1645.29919434,600.935546875
1646.46813965,601.305908203
1646.47241211,601.325927734
1646.4732666,601.329284668
1646.4387207,601.317504883
1646.50756836,601.341064453
1646.51879883,601.34161377
1646.41467285,601.30645752
1646.42956543,601.323547363
1646.36950684,601.293884277
1646.57788086,601.368041992
1646.33496094,601.282165527
1646.33496094,601.282165527
1646.34851074,601.296081543
1646.3223877,601.274902344
1646.29199219,601.279663086
1646.29199219,601.279663086
1646.26489258,601.255310059
1646.2701416,601.275268555
1646.2355957,601.266723633
1646.24182129,601.247375488
1646.24121094,601.244140625
1646.2121582,601.255737305
1646.21252441,601.258850098
1646.17272949,601.223815918
1646.13256836,601.234863281
1646.13647461,601.205444336
1646.10974121,601.226867676
1646.10974121,601.226867676
1646.06799316,601.185119629
1646.06884766,601.188415527
1645.99499512,601.190979004
1645.99645996,601.194396973
1646.00793457,601.198242188
1645.9732666,601.186584473
1645.89318848,601.162353516
1645.83630371,601.146179199
1645.7677002,601.125793457
1645.72277832,601.113525391
1645.69934082,601.105529785
1645.15185547,600.940612793
1645.11804199,600.932006836
1645.10668945,600.928100586
1645.10668945,600.928100586
1641.32873535,599.742248535
1641.35241699,599.753295898
1641.36901855,599.77722168
1644.25219727,600.762573242
1644.21862793,600.754272461
1644.17480469,600.748535156
1644.12915039,600.732788086
1644.1282959,600.729553223
1640.16894531,599.426513672
1640.18066406,599.43359375
1640.12341309,599.414123535
1640.16894531,599.426513672
1640.05786133,599.403869629
1640.02624512,599.402160645
1640.01647949,599.405029297
1639.99169922,599.390441895
1639.99328613,599.397216797
1648.8614502,602.719848633
1648.82739258,602.711242676
1648.82751465,602.757324219
1648.70263672,602.723937988
1648.5546875,602.63671875
1648.53234863,602.678222656
1648.41796875,602.645446777
1648.39501953,602.637451172
1648.31591797,602.616577148
1648.21264648,602.541748047
1648.15698242,602.528686523
1648.14526367,602.524841309
1648.12365723,602.5234375
1648.08911133,602.511657715
1647.90637207,602.458618164
1647.89782715,602.510864258
1647.86523438,602.509094238
1647.84106445,602.497802734
1647.79309082,602.429260254
1647.78173828,602.425354004
1647.65063477,602.454223633
1647.54931641,602.432128906
1647.53771973,602.428100586
1647.53894043,602.431518555
1647.47070312,602.414489746
1647.34289551,602.321777344
1647.4041748,602.400878906
1647.28100586,602.374328613
1647.140625,602.274108887
1647.203125,602.359985352
1647.09521484,602.26171875
1647.08605957,602.267883301
1647.07287598,602.257263184
1647.06091309,602.253295898
1647.13464355,602.33972168
1647.05212402,602.259460449
1646.94812012,602.312683105
1646.78198242,602.194885254
1646.83654785,602.290161133
1646.7590332,602.186889648
1646.71447754,602.177978516
1646.59240723,602.154724121
1646.59436035,602.253417969
1646.46032715,602.134094238
1646.41455078,602.121582031
1646.38269043,602.119873047
1646.33728027,602.10748291
1646.32592773,602.106872559
1646.40808105,602.229919434
1646.23815918,602.092163086
1646.23876953,602.095397949
1646.23876953,602.095397949
1646.34228516,602.219604492
1646.16088867,602.081237793
1646.16088867,602.081237793
1646.1394043,602.076782227
1646.10620117,602.074829102
1646.02905273,602.060668945
1646.02905273,602.060668945
1646.01855469,602.060119629
1645.97363281,602.051025391
1645.9630127,602.050415039
1645.89685059,602.040100098
1645.8861084,602.039550781
1646.01696777,602.191589355
1646.00537109,602.187683105
1646.01794434,602.194763184
1646.02941895,602.198791504
1645.75476074,602.022338867
1645.71166992,602.019897461
1645.81518555,602.190124512
1645.46472168,602.006164551
1645.45202637,601.998840332
1645.44165039,601.998291016
1645.41943359,601.993591309
1645.66760254,602.194824219
1645.6138916,602.191955566
1645.6151123,602.1953125
1645.55126953,602.194946289
1645.23901367,601.993469238
1645.20532227,601.984924316
1645.21862793,601.995605469
1645.19519043,601.987670898
1645.17346191,601.983276367
1645.43920898,602.21496582
1644.84863281,602.001281738
1644.86291504,602.015136719
1644.85424805,602.024536133
