1650.27209473,601.851013184
1650.3302002,601.870849609
1650.21484375,601.834594727
1650.1817627,601.829589844
1650.33813477,601.904296875
1650.31542969,601.899658203
1650.31665039,601.903015137
1651.67675781,602.334472656
1651.68994141,602.345214844
1651.68994141,602.345214844
1651.70129395,602.349060059
1651.7121582,602.34967041
1651.71325684,602.353027344
1651.71325684,602.353027344
1651.70300293,602.355773926
1651.69226074,602.355285645
1649.90771484,601.751831055
1649.90856934,601.755187988
1651.86962891,602.427856445
1651.87121582,602.434448242
1651.87121582,602.434448242
1651.89562988,602.445922852
1651.89587402,602.449035645
1651.70849609,602.379272461
1651.73217773,602.387145996
1651.69848633,602.381958008
1651.73352051,602.393737793
1651.69934082,602.385192871
1651.70849609,602.379272461
1651.72521973,602.403137207
1651.73754883,602.410522461
1651.71557617,602.406066895
1651.72680664,602.409912109
1651.74023438,602.420593262
1651.74023438,602.420593262
1651.91259766,602.473144531
1648.46142578,601.303222656
1648.46228027,601.30657959
1648.59265137,601.36315918
1648.59362793,601.369689941
1648.60522461,601.373596191
1648.60620117,601.376953125
1648.60839844,601.387023926
1646.69921875,600.72253418
1646.67773438,600.721374512
1646.64196777,600.706420898
1646.64282227,600.709594727
1652.06616211,602.623718262
1652.06665039,602.627075195
1652.03186035,602.61505127
1651.97436523,602.59552002
1651.93933105,602.583618164
1651.89245605,602.567871094
1651.82299805,602.544067383
1651.55627441,602.453430176
1651.56774902,602.457275391
1651.61413574,602.473083496
1651.61413574,602.473083496
1648.65087891,601.474975586
1648.66467285,601.488952637
1643.97839355,599.923461914
1644.00463867,599.944580078
1645.62719727,600.493103027
1645.62890625,600.499633789
1645.59411621,600.487976074
1644.55725098,600.132324219
1644.56945801,600.139648438
1644.5637207,600.159057617
1644.56518555,600.165649414
1644.57800293,600.176147461
1644.59362793,600.196716309
1644.59436035,600.200195312
1644.5949707,600.203491211
1648.68798828,601.539611816
1648.68908691,601.546325684
1645.23876953,600.37322998
1645.24108887,600.383422852
1645.2298584,600.379394531
1645.2298584,600.379394531
1649.56896973,601.845458984
1649.54699707,601.844116211
1649.60510254,601.863891602
1649.51184082,601.829040527
1649.67468262,601.887573242
1649.67333984,601.884155273
1649.46643066,601.816589355
1649.73254395,601.907104492
1649.74401855,601.911132812
1649.75561523,601.915039062
1649.79040527,601.926757812
1649.81274414,601.931335449
1649.80493164,601.944152832
1649.82824707,601.952087402
1649.82824707,601.952087402
1649.85974121,601.950439453
1649.85974121,601.950439453
1649.88476562,601.965026855
1649.93078613,601.980773926
1649.94067383,601.977966309
1649.94165039,601.981384277
1649.32836914,601.772888184
1649.33984375,601.776733398
1643.95361328,599.951843262
1643.98913574,599.966796875
1644.00036621,599.97076416
1643.95361328,599.951843262
1649.50634766,601.851806641
1649.47351074,601.846740723
1649.43762207,601.831481934
1649.41564941,601.827087402
1649.38098145,601.815246582
1648.8013916,601.61529541
1648.81311035,601.61920166
1648.60632324,601.555114746
1648.58374023,601.550476074
1649.23205566,601.770812988
1649.30090332,601.794250488
1649.1060791,601.73425293
1649.04956055,601.718017578
1649.01464844,601.706176758
1648.90026855,601.673339844
1648.9119873,601.677429199
1648.90087891,601.676635742
1648.87768555,601.668762207
1648.72827148,601.62097168
1648.66064453,601.604309082
1648.63781738,601.596374512
1648.55725098,601.572265625
1648.50024414,601.555786133
1648.43115234,601.532226562
1648.16845703,601.455078125
1648.19104004,601.463012695
1644.65197754,600.26574707
1644.65576172,600.279174805
1644.65576172,600.279174805
1644.67102051,600.299621582
1644.68554688,600.316955566
1647.98510742,601.399169922
1647.94006348,601.386657715
1647.59692383,601.285461426
1647.52868652,601.265258789
1644.70361328,600.34753418
1644.71826172,600.364624023
1644.71911621,600.368103027
1644.73059082,600.371948242
1644.73120117,600.375244141
1644.74536133,600.389221191
1644.73425293,600.38873291
1644.74597168,600.392456055
1644.73535156,600.391906738
1644.73535156,600.391906738
1646.17053223,600.861755371
1646.19311523,600.869567871
1646.14807129,600.857055664
1646.1138916,600.845458984
1646.10290527,600.844787598
1647.68945312,601.405883789
1647.71411133,601.420471191
1647.65649414,601.400878906
1647.75842285,601.429504395
1647.62231445,601.392333984
1647.57666016,601.376586914
1647.56469727,601.372619629
1647.55163574,601.362182617
1647.51953125,601.360290527
1645.23596191,600.583740234
1645.19091797,600.571411133
1645.17907715,600.567321777
1645.09924316,600.543334961
1645.07629395,600.535522461
1645.06555176,600.534912109
1645.05395508,600.531005859
1645.02050781,600.522460938
1643.59912109,600.060668945
1643.57714844,600.056030273
1643.53381348,600.053771973
1643.50866699,600.036010742
1643.52355957,600.053344727
1643.49951172,600.041992188
1643.50036621,600.045410156
1643.50146484,600.04888916
1643.48706055,600.034912109
1643.4654541,600.030395508
1643.45666504,600.039794922
1643.44506836,600.036010742
1643.42175293,600.024841309
1643.42175293,600.024841309
1643.41040039,600.024169922
1643.41040039,600.024169922
1644.34741211,600.318237305
1644.35900879,600.322143555
1644.23388672,600.285705566
1644.1541748,600.261779785
1644.12097168,600.253356934
1643.91516113,600.189575195
1643.93823242,600.19732666
1643.93823242,600.19732666
1643.8013916,600.157043457
1643.71032715,600.129150391
1643.68737793,600.121337891
1643.33435059,600.013549805
1643.2890625,600.001098633
1643.2890625,600.001098633
1652.24987793,603.344360352
1652.20471191,603.378234863
1652.19335938,603.374328613
1652.1817627,603.370483398
1652.11413574,603.356689453
1651.78356934,603.265563965
1651.73815918,603.256408691
1651.63342285,603.174621582
1651.62194824,603.170776367
1651.67004395,603.239379883
1651.56628418,603.160888672
1651.55444336,603.157043457
1651.47558594,603.136108398
1651.44006348,603.124206543
1651.4185791,603.12298584
1651.42834473,603.163085938
1651.41821289,603.165893555
1651.33911133,603.102050781
1651.32910156,603.104919434
1651.35192871,603.155639648
1651.29382324,603.135864258
1651.2947998,603.139221191
1651.30688477,603.14654541
1651.28466797,603.142028809
1651.2244873,603.069335938
1651.22753906,603.125427246
1651.20495605,603.12097168
1651.19396973,603.120361328
1651.11376953,603.096069336
1651.10388184,603.098937988
1651.05908203,603.089782715
1651.04211426,603.019470215
1650.76013184,602.954223633
1650.77087402,602.954833984
1650.73962402,602.956481934
1650.80883789,603.022949219
1650.71081543,603.014160156
1650.68676758,603.002990723
1650.63781738,602.931030273
1650.57580566,602.983581543
1650.56420898,602.979797363
1650.50073242,602.893554688
1650.50073242,602.893554688
1650.54248047,602.97845459
1650.41223145,602.878845215
1650.38891602,602.87097168
1650.37817383,602.870361328
1650.31103516,602.856628418
1650.13037109,602.813598633
1650.04125977,602.795410156
1649.96252441,602.777832031
1650.0534668,602.891906738
1650.02026367,602.88671875
1649.77453613,602.747741699
1649.98791504,602.884887695
1649.92028809,602.867980957
1649.9107666,602.873962402
1649.66369629,602.728393555
1649.75524902,602.84564209
1649.72143555,602.837219238
1649.72143555,602.837219238
1649.69213867,602.848693848
1649.64587402,602.832946777
1649.66955566,602.844116211
1649.63647461,602.839050293
1649.58227539,602.832763672
1649.5592041,602.82800293
1649.58361816,602.839416504
1649.52978516,602.836425781
1649.50610352,602.825195312
1649.51806641,602.832580566
1649.3449707,602.687561035
1649.31005859,602.67565918
1649.48400879,602.823974609
1649.26721191,602.673339844
1649.17883301,602.658569336
1649.37792969,602.824584961
1649.37792969,602.824584961
1649.33581543,602.825622559
1649.26025391,602.821472168
1649.24975586,602.820922852
1648.99414062,602.641784668
1648.93994141,602.638671875
1649.17651367,602.826721191
1648.89880371,602.643127441
1648.87805176,602.645080566
1648.84216309,602.630004883
1649.12341309,602.827026367
1648.79040527,602.633789062
1648.79040527,602.633789062
1649.0715332,602.830749512
1648.74536133,602.624572754
1649.02722168,602.825134277
1648.70263672,602.622314453
1648.99816895,602.836547852
1648.35192871,602.622436523
1648.25012207,602.640075684
1648.20715332,602.637634277
