829.363769531,-107.116905212
829.369873047,-107.116226196
829.354370117,-107.114479065
829.357666016,-107.111839294
829.360717773,-107.110786438
829.345275879,-107.109016418
829.342468262,-107.107200623
829.339233398,-107.106880188
829.342651367,-107.105682373
829.339294434,-107.105415344
829.339477539,-107.103904724
829.336303711,-107.106506348
829.327331543,-107.099487305
829.281311035,-107.092628479
829.272033691,-107.090240479
829.281494141,-107.086898804
829.290649414,-107.089454651
829.29675293,-107.094482422
829.296813965,-107.093025208
829.265930176,-107.088027954
829.299804688,-107.092018127
829.247802734,-107.082954407
829.306213379,-107.08555603
830.449768066,-107.186424255
830.449707031,-107.184967041
830.449707031,-107.184967041
830.458984375,-107.187515259
830.458984375,-107.187515259
830.486877441,-107.18938446
830.502075195,-107.191238403
830.502075195,-107.191238403
830.569824219,-107.196334839
830.573181152,-107.196731567
830.678039551,-107.206260681
830.681213379,-107.205238342
830.687194824,-107.20589447
830.696716309,-107.207000732
830.844726562,-107.220230103
830.857177734,-107.220222473
830.881774902,-107.223197937
830.891052246,-107.224342346
830.894165039,-107.224571228
830.897094727,-107.225067139
830.931335449,-107.226165771
830.943847656,-107.227638245
830.968200684,-107.22908783
831.042480469,-107.235054016
831.057922363,-107.236801147
830.747192383,-107.12171936
830.747192383,-107.120292664
830.753295898,-107.122421265
830.750427246,-107.119186401
830.74395752,-107.117111206
830.753479004,-107.118095398
830.768676758,-107.124259949
830.775024414,-107.123535156
830.784484863,-107.117469788
830.784179688,-107.121757507
830.787414551,-107.120735168
830.787658691,-107.117874146
830.790405273,-107.122550964
830.787719727,-107.116340637
