829.306152344,-108.454223633
829.294189453,-108.445510864
829.281616211,-108.446968079
829.278808594,-108.442253113
829.275756836,-108.441947937
829.260375977,-108.440101624
829.263671875,-108.436096191
829.260498047,-108.437080383
829.245117188,-108.43674469
829.239074707,-108.433128357
829.235961914,-108.434242249
829.239196777,-108.430259705
829.23614502,-108.428443909
829.229980469,-108.427749634
829.226989746,-108.428726196
829.227050781,-108.427314758
829.233520508,-108.420837402
829.208496094,-108.426551819
829.202636719,-108.420082092
829.19317627,-108.421859741
829.199462891,-108.418273926
829.193237305,-108.420341492
829.190185547,-108.421447754
829.190307617,-108.417182922
829.184143066,-108.419250488
829.181152344,-108.416061401
830.253356934,-108.510101318
830.256652832,-108.510437012
830.41394043,-108.526390076
830.416931152,-108.526779175
830.392272949,-108.522392273
830.43548584,-108.527565002
830.444763184,-108.528694153
830.500305176,-108.533912659
830.512573242,-108.535362244
830.521911621,-108.535072327
830.53137207,-108.534645081
830.549743652,-108.53691864
830.562072754,-108.538414001
830.565185547,-108.538734436
830.571411133,-108.539505005
830.577453613,-108.540229797
830.577575684,-108.538795471
830.583679199,-108.539550781
830.58996582,-108.540214539
830.602172852,-108.541877747
830.608398438,-108.542533875
830.657775879,-108.545509338
830.676391602,-108.547782898
830.68560791,-108.548881531
830.694824219,-108.549957275
830.704162598,-108.549697876
830.707214355,-108.551460266
830.738037109,-108.552284241
830.756591797,-108.554519653
830.763000488,-108.553787231
830.765991211,-108.554161072
830.765991211,-108.554161072
830.768981934,-108.554641724
830.790405273,-108.55859375
830.79675293,-108.557861328
830.812255859,-108.559669495
830.815124512,-108.560127258
830.907958984,-108.566871643
830.911071777,-108.565849304
830.914245605,-108.566184998
830.920410156,-108.56690979
830.920410156,-108.56690979
830.92956543,-108.568069458
830.668212891,-108.456962585
830.665161133,-108.453765869
830.66217041,-108.454795837
830.671325684,-108.454421997
830.665405273,-108.450782776
830.656066895,-108.451187134
830.683837891,-108.455863953
830.649780273,-108.453277588
830.646789551,-108.452957153
830.684020996,-108.45438385
830.686767578,-108.459114075
830.687133789,-108.453437805
830.693115234,-108.455627441
830.69317627,-108.454162598
830.708679199,-108.455963135
830.714782715,-108.456710815
830.714538574,-108.459625244
830.717590332,-108.457168579
830.717834473,-108.458557129
830.720825195,-108.45753479
830.724304199,-108.45489502
830.739685059,-108.455421448
