1657.02722168,604.943786621
1657.0402832,604.954284668
1653.28356934,603.708618164
1653.28625488,603.71862793
1653.29870605,603.725830078
1653.28833008,603.728637695
1653.31591797,603.753417969
1653.32946777,603.767211914
1656.09680176,604.685241699
1655.17236328,604.450378418
1655.18530273,604.461181641
1655.18603516,604.464416504
1655.18859863,604.474487305
1658.15991211,605.551635742
1658.19555664,605.566833496
1650.91235352,603.122131348
1650.91418457,603.12878418
1651.10302734,603.205322266
1651.11547852,603.212768555
1651.10913086,603.231994629
1651.11083984,603.238830566
1651.12390137,603.249511719
1651.13952637,603.270080566
1651.15563965,603.294006348
1651.16955566,603.308105469
1655.26745605,604.627685547
1655.26904297,604.634399414
1656.15539551,604.936645508
1656.13366699,604.93536377
1656.1920166,604.955200195
1656.09790039,604.91998291
1656.26245117,604.979125977
1656.26159668,604.975830078
1656.05200195,604.907531738
1656.32067871,604.999084473
1656.33215332,605.002990723
1656.34362793,605.006958008
1656.37866211,605.018798828
1656.39404297,605.036193848
1656.41699219,605.044128418
1656.41699219,605.044128418
1656.44946289,605.042907715
1656.44946289,605.042907715
1656.47375488,605.057434082
1656.52075195,605.073364258
1656.53112793,605.070739746
1656.53173828,605.073913574
1650.49438477,603.022521973
1650.5300293,603.037902832
1650.54174805,603.041809082
1650.56481934,603.049560547
1650.49438477,603.022521973
1656.18603516,604.974609375
1655.38183594,604.703796387
1655.39294434,604.707641602
1656.0234375,604.922485352
1656.00097656,604.917785645
1656.05895996,604.93762207
1655.96569824,604.905944824
1655.81567383,604.860839844
1655.88574219,604.88470459
1655.68920898,604.823791504
1655.63122559,604.807189941
1655.59631348,604.795349121
1655.48168945,604.762390137
1655.49291992,604.766235352
1655.48217773,604.76574707
1655.45874023,604.757629395
1655.40136719,604.741149902
1655.3079834,604.709533691
1655.23974609,604.692199707
1655.21630859,604.684204102
1655.13574219,604.659912109
1655.07788086,604.643310547
1655.00817871,604.619445801
1654.74279785,604.541564941
1654.7668457,604.549499512
1654.55871582,604.484741211
1654.52526855,604.479492188
1654.51269531,604.472167969
1654.16699219,604.369873047
1654.09814453,604.349365234
1653.67175293,604.222595215
1653.6262207,604.210144043
1651.26513672,603.442077637
1651.27661133,603.446105957
1651.27734375,603.44934082
1651.29125977,603.463317871
1651.28027344,603.462646484
1651.2923584,603.466552734
1651.28112793,603.466064453
1651.28112793,603.466064453
1654.2598877,604.490844727
1654.2845459,604.505371094
1654.2265625,604.485595703
1654.32983398,604.514526367
1654.19262695,604.477050781
1654.14599609,604.46105957
1654.1340332,604.45703125
1654.08789062,604.444519043
1651.78637695,603.659606934
1651.7401123,603.647094727
1651.7409668,603.650390625
1651.7286377,603.643127441
1651.64855957,603.618896484
1651.61413574,603.610229492
1651.60217285,603.606262207
1651.56848145,603.597900391
1651.51037598,603.578063965
1650.13562012,603.130859375
1650.1484375,603.141296387
1650.11328125,603.126220703
1650.06970215,603.123718262
1650.04431152,603.105773926
1650.05932617,603.123168945
1650.03527832,603.111938477
1650.03613281,603.115234375
1650.02258301,603.104614258
1649.99291992,603.112792969
1649.98046875,603.10546875
1649.9564209,603.094421387
1649.9564209,603.094421387
1649.94592285,603.093566895
1649.94592285,603.093566895
1650.89001465,603.391174316
1650.9017334,603.394897461
1650.6953125,603.33380127
1650.66137695,603.325439453
1650.61560059,603.312866211
1650.58081055,603.30090332
1650.52392578,603.284606934
1650.47717285,603.268798828
1650.47717285,603.268798828
1650.45397949,603.260803223
1650.33972168,603.228088379
1650.2479248,603.199707031
1649.86865234,603.082702637
1649.82275391,603.070129395
1649.82275391,603.070129395
1658.84387207,606.445861816
1658.76428223,606.471130371
1658.76428223,606.471130371
1658.71838379,606.458679199
1658.44274902,606.386169434
1658.33874512,606.356811523
1658.23303223,606.274536133
1658.27026367,606.33972168
1658.16540527,606.260803223
1658.15380859,606.256835938
1658.07336426,606.235473633
1658.03796387,606.223510742
1658.01660156,606.222290039
1658.02600098,606.262695312
1658.015625,606.265258789
1657.93615723,606.20111084
1657.92590332,606.203796387
1657.94885254,606.254821777
1657.89038086,606.234863281
1657.89123535,606.238220215
1657.90368652,606.245483398
1657.8815918,606.241027832
1657.82092285,606.167785645
1657.82336426,606.224243164
1657.80078125,606.219726562
1657.79016113,606.218994141
1657.70861816,606.194458008
1657.69494629,606.137390137
1657.69873047,606.197265625
1657.65368652,606.188049316
1657.45458984,606.073791504
1657.46142578,606.147094727
1657.35302734,606.051330566
1657.36352539,606.051940918
1657.33166504,606.053405762
1657.30212402,606.11126709
1657.27783203,606.099853516
1657.22900391,606.027709961
1657.16577148,606.08026123
1657.09069824,605.989685059
1657.09069824,605.989685059
1657.13208008,606.074890137
1657.13305664,606.078186035
1657.00109863,605.97467041
1656.97766113,605.96661377
1656.96704102,605.966064453
1656.89941406,605.952270508
1656.71716309,605.908630371
1656.68444824,605.906738281
1656.54907227,605.87890625
1656.60510254,605.981445312
1656.35766602,605.841308594
1656.57287598,605.979492188
1656.50427246,605.962463379
1656.49462891,605.968444824
1656.22314453,605.817199707
1656.3626709,605.954040527
1656.27429199,605.942504883
1656.22705078,605.926513672
1656.25134277,605.937866211
1656.21838379,605.932434082
1656.16320801,605.926025391
1656.14038086,605.921508789
1656.16442871,605.932800293
1656.11035156,605.92956543
1656.09838867,605.925720215
1655.92443848,605.779785156
1655.88928223,605.767883301
1656.11096191,605.932861328
1656.06433105,605.917114258
1655.84594727,605.765380859
1655.81286621,605.760253906
1655.80175781,605.759521484
1655.95678711,605.917480469
1655.95678711,605.917480469
1655.91369629,605.918212891
1655.83789062,605.913757324
1655.8269043,605.913085938
1655.56164551,605.742370605
1655.5390625,605.737731934
1655.51550293,605.729797363
1655.75341797,605.918945312
1655.47412109,605.734008789
1655.453125,605.73614502
1655.41711426,605.72076416
1655.69921875,605.919006348
1655.36437988,605.724304199
1655.36437988,605.724304199
1655.64672852,605.922668457
1655.31884766,605.715087891
1655.6027832,605.916625977
1655.2755127,605.712585449
1655.57312012,605.928161621
1655.52050781,605.931884766
1654.92138672,605.711791992
1654.81848145,605.729125977
1654.77526855,605.726745605
