703.977539062,-118.344802856
703.98449707,-118.345840454
703.989135742,-118.345275879
703.993713379,-118.347198486
703.899719238,-118.330810547
703.902160645,-118.328765869
703.893066406,-118.327301025
703.872497559,-118.324279785
703.865661621,-118.323234558
703.854064941,-118.321578979
703.925048828,-118.334518433
703.92956543,-118.333992004
703.943359375,-118.336013794
703.945800781,-118.336334229
703.824279785,-118.317131042
703.831054688,-118.318260193
703.808227539,-118.312385559
703.806030273,-118.311943054
703.78515625,-118.310272217
703.769287109,-118.306526184
703.766967773,-118.307495117
703.760131836,-118.304008484
703.748779297,-118.302284241
703.679870605,-118.293334961
703.679931641,-118.290901184
703.67767334,-118.290557861
703.682434082,-118.29119873
703.675415039,-118.288986206
703.689025879,-118.292312622
703.668273926,-118.290496826
703.693786621,-118.292953491
703.664001465,-118.288452148
703.654785156,-118.288444519
703.714294434,-118.296020508
703.645629883,-118.28452301
703.716674805,-118.29624176
703.716308594,-118.29876709
703.565429688,-118.272712708
703.576721191,-118.274490356
703.588439941,-118.273612976
703.597595215,-118.276191711
703.620544434,-118.279579163
703.537780762,-118.267486572
703.540405273,-118.267814636
703.531188965,-118.265190125
703.519592285,-118.262298584
703.51751709,-118.261917114
703.501342773,-118.259521484
703.4921875,-118.259460449
703.476135254,-118.255851746
703.464660645,-118.254127502
703.464660645,-118.252960205
703.462280273,-118.25504303
703.462280273,-118.25504303
703.414306641,-118.245513916
703.414550781,-118.244239807
703.416748047,-118.244537354
703.423522949,-118.245613098
703.428161621,-118.24622345
703.347839355,-118.23449707
703.345947266,-118.232849121
703.343566895,-118.232513428
703.341186523,-118.232162476
703.334411621,-118.228713989
703.332092285,-118.229545593
703.327514648,-118.230140686
703.322814941,-118.229408264
704.222045898,-118.358200073
704.222045898,-118.357002258
704.238342285,-118.358085632
704.247436523,-118.358161926
704.430053711,-118.362495422
704.432434082,-118.362785339
704.441467285,-118.362930298
704.459960938,-118.363098145
704.469055176,-118.364494324
704.483764648,-118.350273132
704.481567383,-118.348716736
704.474731445,-118.347633362
704.468200684,-118.339103699
704.48449707,-118.336547852
704.47076416,-118.336975098
704.458740234,-118.344024658
704.451965332,-118.340446472
704.449951172,-118.336380005
704.44744873,-118.337356567
704.442749023,-118.33795929
704.442810059,-118.336647034
