1632.86279297,595.831298828
1632.80700684,595.815124512
1632.77453613,595.810302734
1632.92687988,595.883483887
1632.90576172,595.879272461
1632.90612793,595.882507324
1631.0880127,595.294128418
1631.08947754,595.297363281
1631.2166748,595.353149414
1631.22961426,595.363525391
1631.22998047,595.366760254
1631.23254395,595.376586914
1629.3392334,594.71685791
1629.3614502,594.724609375
1629.34082031,594.723449707
1629.31738281,594.712585449
1629.30627441,594.708740234
1629.30700684,594.711853027
1629.23901367,594.688903809
1629.21728516,594.684509277
1631.10888672,595.337463379
1631.10961914,595.340698242
1631.10888672,595.337463379
1632.89575195,595.976257324
1632.90673828,595.979980469
1634.1295166,596.426635742
1634.17504883,596.441955566
1634.17504883,596.441955566
1634.49365234,596.550598145
1634.52734375,596.562133789
1634.58422852,596.581420898
1634.61828613,596.592956543
1626.69555664,593.941162109
1626.72119141,593.961975098
1632.51818848,595.926635742
1632.54064941,595.934387207
1632.36035156,595.879150391
1632.35021973,595.878540039
1632.36035156,595.879150391
1632.35388184,595.895019531
1632.34204102,595.891052246
1632.33081055,595.887268066
1632.38781738,595.906555176
1632.40930176,595.910949707
1632.40209961,595.923583984
1632.27392578,595.867797852
1632.2734375,595.864624023
1632.42492676,595.931396484
1632.42492676,595.931396484
1632.45556641,595.9296875
1632.45556641,595.9296875
1632.26000977,595.850952148
1632.20605469,595.844665527
1632.47961426,595.944030762
1632.52514648,595.959411621
1632.53503418,595.956542969
1632.53613281,595.960083008
1632.17089844,595.826538086
1632.14941406,595.825378418
1632.11486816,595.810546875
1632.0703125,595.798461914
1627.27380371,594.153137207
1627.26745605,594.172424316
1627.26916504,594.178894043
1627.28198242,594.18927002
1627.296875,594.209594727
1627.29760742,594.212768555
1627.29858398,594.216064453
1627.31115723,594.226501465
1627.31115723,594.226501465
1627.3125,594.233032227
1627.32617188,594.246704102
1631.30810547,595.526672363
1631.30957031,595.53338623
1626.72680664,593.987976074
1626.71582031,593.987548828
1626.70532227,593.983764648
1632.10949707,595.833068848
1632.0769043,595.828063965
1632.04223633,595.813232422
1632.02038574,595.808776855
1631.9864502,595.797180176
1632.20031738,595.863952637
1631.41882324,595.600952148
1631.42993164,595.604614258
1631.8404541,595.753601074
1631.90856934,595.776672363
1631.71716309,595.717773438
1631.66149902,595.701660156
1631.62731934,595.690063477
1631.51574707,595.65802002
1631.52685547,595.661987305
1631.51660156,595.661437988
1631.4934082,595.653747559
1631.34667969,595.606750488
1631.28076172,595.590270996
1631.2578125,595.582519531
1631.17932129,595.558959961
1631.12341309,595.542907715
1631.05529785,595.51965332
1630.79797363,595.444213867
1630.8203125,595.451782227
1630.6184082,595.389038086
1630.5736084,595.376831055
1630.23791504,595.277709961
1630.17041016,595.25793457
1629.53295898,595.068054199
1629.53356934,595.071289062
1629.33154297,595.008666992
1629.27563477,594.992553711
1627.40283203,594.357727051
1627.40344238,594.361022949
1627.4173584,594.374816895
1627.42932129,594.381896973
1627.42993164,594.385070801
1627.4432373,594.398742676
1627.4329834,594.398193359
1627.4440918,594.401977539
1627.43371582,594.401550293
1627.43371582,594.401550293
1628.91809082,594.885925293
1628.92944336,594.889770508
1628.97473145,594.905090332
1628.86279297,594.870117188
1628.78405762,594.846435547
1628.77355957,594.845703125
1630.32763672,595.396240234
1630.35144043,595.410522461
1630.2947998,595.391174316
1630.39538574,595.419433594
1630.26159668,595.38293457
1630.21643066,595.367553711
1630.20507812,595.363708496
1630.19238281,595.35333252
1630.16064453,595.351501465
1627.92382812,594.58972168
1627.87963867,594.577636719
1627.86816406,594.573791504
1627.78979492,594.550048828
1627.76733398,594.542419434
1627.75671387,594.541992188
1627.74560547,594.538085938
1626.31970215,594.076721191
1626.29870605,594.07232666
1626.25610352,594.069946289
1626.23120117,594.052612305
1626.24584961,594.069519043
1626.22241211,594.05859375
1626.22302246,594.061645508
1626.21032715,594.051391602
1626.18103027,594.059570312
1626.16882324,594.052429199
1626.14611816,594.041625977
1626.14611816,594.041625977
1626.13537598,594.041137695
1626.13537598,594.041137695
1627.05322266,594.329345703
1627.06433105,594.333312988
1626.96325684,594.301879883
1626.94189453,594.297668457
1626.86352539,594.273925781
1626.8302002,594.265686035
1626.75219727,594.242126465
1626.69677734,594.226379395
1626.65161133,594.2109375
1626.65161133,594.2109375
1626.58435059,594.188049316
1626.58435059,594.188049316
1626.51806641,594.171447754
1626.42895508,594.144042969
1626.06030273,594.030700684
1626.01611328,594.018554688
1626.01611328,594.018554688
1634.7779541,597.29864502
1634.7434082,597.332519531
1634.73217773,597.328674316
1634.72106934,597.324829102
1634.65454102,597.311523438
1634.33056641,597.222106934
1634.28637695,597.213195801
1634.1842041,597.132873535
1634.1730957,597.12902832
1634.21960449,597.196533203
1634.11804199,597.11932373
1634.10681152,597.115600586
1634.02880859,597.095092773
1633.99475098,597.083374023
1633.97314453,597.082214355
1633.98266602,597.121704102
1633.97277832,597.124572754
1633.8951416,597.061767578
1633.88549805,597.06451416
1633.90734863,597.114624023
1633.85021973,597.095031738
1633.85119629,597.098449707
1633.86352539,597.10559082
1633.84106445,597.101074219
1633.7833252,597.029663086
1633.78527832,597.085144043
1633.7635498,597.080444336
1633.75244141,597.08001709
1633.67443848,597.056274414
1633.66381836,597.059020996
1633.61999512,597.049926758
1633.60412598,596.980773926
1633.328125,596.916992188
1633.33886719,596.917541504
1633.30773926,596.919006348
1633.37463379,596.984619141
1633.27832031,596.976135254
1633.25476074,596.965026855
1633.20751953,596.894287109
1633.14587402,596.946166992
1633.1348877,596.942321777
1633.07373047,596.857543945
1633.07373047,596.857543945
1633.11315918,596.941223145
1632.98669434,596.843078613
1632.96374512,596.835388184
1632.95263672,596.834838867
1632.88720703,596.821472168
1632.71032715,596.779418945
1632.62268066,596.76171875
1632.54492188,596.744262695
1632.60058594,596.85144043
1632.3815918,596.716064453
1632.36047363,596.71484375
1632.56921387,596.84967041
1632.50219727,596.833068848
1632.49291992,596.839050293
1632.22937012,596.69140625
1632.3404541,596.811218262
1632.30664062,596.802856445
1632.30664062,596.802856445
1632.27832031,596.81451416
1632.23266602,596.798950195
1632.25634766,596.810058594
1632.22363281,596.804931641
1632.16992188,596.79876709
1632.14794922,596.794311523
1632.17150879,596.805419922
1632.11865234,596.802490234
1632.09472656,596.791503906
1632.10717773,596.798522949
1631.93908691,596.656188965
1631.90515137,596.64453125
1632.07373047,596.790283203
1631.86254883,596.642272949
1631.83007812,596.637390137
1631.81933594,596.636657715
1631.96948242,596.791015625
1631.96948242,596.791015625
1631.92785645,596.792053223
1631.85375977,596.788085938
1631.84301758,596.787536621
1631.58557129,596.620727539
1631.56384277,596.616333008
1631.54138184,596.608642578
1631.77099609,596.793334961
1631.50061035,596.612976074
1631.47937012,596.614929199
1631.44458008,596.600158691
1631.71899414,596.793823242
1631.39331055,596.603881836
1631.39331055,596.603881836
1631.66711426,596.797546387
1631.34960938,596.594909668
1631.62451172,596.791870117
1631.30737305,596.592590332
1631.59558105,596.803283691
1630.96264648,596.593444824
1630.86157227,596.610778809
1630.8190918,596.608398438
