829.293701172,-108.452705383
829.306274414,-108.451316833
829.306274414,-108.451316833
829.300231934,-108.44770813
829.29107666,-108.445137024
829.288085938,-108.443359375
829.266479492,-108.442169189
829.260375977,-108.440101624
829.257446289,-108.436782837
829.251464844,-108.433158875
829.242248535,-108.430656433
829.267333984,-108.424972534
829.220703125,-108.428070068
829.22076416,-108.426582336
829.22076416,-108.425170898
829.288879395,-108.426086426
829.20892334,-108.41934967
829.205627441,-108.420516968
829.199462891,-108.419692993
829.196472168,-108.419319153
829.196655273,-108.417854309
829.193359375,-108.418937683
829.184143066,-108.417907715
830.40032959,-108.550857544
830.409606934,-108.552017212
830.037353516,-108.492805481
830.037597656,-108.491378784
830.037597656,-108.491378784
830.046936035,-108.49256897
830.065246582,-108.49471283
830.074707031,-108.495796204
830.093078613,-108.49659729
830.111755371,-108.498771667
830.111755371,-108.498771667
830.117675781,-108.499542236
830.120605469,-108.499969482
830.133178711,-108.499931335
830.20098877,-108.506706238
830.204101562,-108.506973267
830.21661377,-108.508514404
830.228881836,-108.509925842
830.231994629,-108.510375977
830.241088867,-108.510040283
830.256530762,-108.511878967
830.268920898,-108.513366699
830.287353516,-108.515586853
830.290466309,-108.515907288
830.293518066,-108.516304016
830.32434082,-108.518592834
830.345947266,-108.521064758
830.348937988,-108.521522522
830.348937988,-108.521522522
830.370727539,-108.522651672
830.37689209,-108.522003174
830.386291504,-108.52305603
830.392211914,-108.523849487
830.450927734,-108.530807495
830.453918457,-108.529838562
830.448059082,-108.52898407
830.475769043,-108.532295227
830.487915039,-108.533882141
830.490966797,-108.532745361
830.475769043,-108.532295227
830.561828613,-108.539855957
830.574462891,-108.539855957
830.61138916,-108.544311523
830.617553711,-108.543663025
830.636169434,-108.545799255
830.651428223,-108.547683716
830.654663086,-108.546630859
830.68560791,-108.548881531
830.694824219,-108.549957275
830.72869873,-108.553993225
830.731872559,-108.554412842
830.719421387,-108.551498413
830.741088867,-108.554122925
830.771911621,-108.557762146
830.784423828,-108.557792664
830.787475586,-108.558197021
830.799926758,-108.558288574
830.809265137,-108.559310913
830.821350098,-108.56086731
830.833862305,-108.56086731
830.843078613,-108.562026978
830.846252441,-108.562355042
830.846008301,-108.563804626
830.873901367,-108.565734863
830.870849609,-108.563934326
830.883117676,-108.566871643
830.886230469,-108.565803528
830.889465332,-108.566085815
830.898620605,-108.567237854
830.901672363,-108.567573547
830.910949707,-108.568733215
830.914123535,-108.567604065
830.917175293,-108.568016052
830.976013184,-108.573577881
830.985107422,-108.574699402
830.991333008,-108.575469971
830.671325684,-108.458808899
830.671325684,-108.454421997
830.684020996,-108.45438385
830.684020996,-108.45438385
830.687072754,-108.451957703
830.695922852,-108.461654663
830.542114258,-108.434646606
830.545227051,-108.435012817
