1652.90063477,608.551269531
1652.87854004,608.546630859
1652.87854004,608.546630859
1653.08679199,608.615234375
1653.12316895,608.630737305
1653.13354492,608.631103516
1653.13354492,608.631103516
1653.02978516,608.598571777
1653.02978516,608.598571777
1653.37805176,608.715026855
1653.40124512,608.723022461
1653.43579102,608.735046387
1653.46020508,608.746398926
1653.51867676,608.766479492
1650.11450195,607.64453125
1650.13061523,607.668579102
1650.13061523,607.668579102
1650.13171387,607.67199707
1650.13171387,607.67199707
1650.14660645,607.68927002
1650.14733887,607.692626953
1651.13879395,608.008361816
1651.11901855,608.01385498
1651.17724609,608.033752441
1651.09472656,608.002441406
1651.09570312,608.005859375
1651.14611816,608.038574219
1651.14611816,608.038574219
1651.18933105,608.04095459
1651.18933105,608.04095459
1651.22424316,608.052978516
1651.20336914,608.055114746
1651.02612305,607.981933594
1651.12365723,608.033996582
1651.08972168,608.025512695
1651.27001953,608.065673828
1650.98950195,607.963195801
1651.03100586,608.00213623
1651.03100586,608.00213623
1651.06591797,608.014038086
1651.06652832,608.017333984
1651.2935791,608.076843262
1651.28503418,608.083007812
1651.32800293,608.085510254
1651.32910156,608.088989258
1650.92077637,607.942810059
1650.92150879,607.946105957
1650.98608398,607.992797852
1650.96252441,607.984863281
1650.96252441,607.984863281
1651.3638916,608.100830078
1651.37426758,608.10144043
1651.43371582,608.128112793
1650.84716797,607.948364258
1650.84802246,607.951843262
1650.85986328,607.955810547
1650.82507324,607.943908691
1650.74475098,607.919250488
1650.68786621,607.902709961
1650.6184082,607.882080078
1650.5501709,607.861572266
1650.48034668,607.837646484
1650.4576416,607.833129883
1650.39978027,607.813232422
1649.09399414,607.512634277
1649.05993652,607.504150391
1648.96899414,607.479064941
1648.96936035,607.48223877
1644.98339844,606.156494141
1644.99560547,606.1640625
1644.93835449,606.144287109
1644.98339844,606.156494141
1644.87194824,606.133850098
1644.83959961,606.131958008
1644.83032227,606.134765625
1644.80566406,606.119995117
1644.80712891,606.12677002
1644.76000977,606.10760498
1653.73742676,609.495605469
1653.70349121,609.486999512
1653.70410156,609.533508301
1653.6348877,609.512756348
1653.4284668,609.411254883
1653.39453125,609.445617676
1653.2923584,609.41973877
1653.2689209,609.411743164
1653.18884277,609.390441895
1653.08483887,609.314697266
1652.98132324,609.282104492
1652.77685547,609.23034668
1652.76794434,609.282836914
1652.72241211,609.270263672
1652.71179199,609.26953125
1652.66271973,609.200439453
1652.65148926,609.196472168
1652.66674805,609.260375977
1652.51928711,609.225219727
1652.41809082,609.202880859
1652.40661621,609.198913574
1652.40722656,609.202148438
1652.33935547,609.184936523
1652.21020508,609.091247559
1652.27172852,609.170776367
1652.14782715,609.143737793
1652.00622559,609.042663574
1652.06982422,609.129394531
1651.96057129,609.030090332
1651.95129395,609.036132812
1651.93835449,609.025512695
1651.92675781,609.02154541
1652.00073242,609.108642578
1651.91723633,609.027587891
1651.77893066,609.072509766
1651.64575195,608.961975098
1651.7010498,609.058166504
1651.62255859,608.953979492
1651.57751465,608.944763184
1651.45471191,608.921020508
1651.46838379,609.021240234
1651.32189941,608.899902344
1651.27612305,608.887451172
1651.38928223,609.003234863
1651.24401855,608.885498047
1651.19824219,608.87286377
1651.18713379,608.872253418
1651.27038574,608.996337891
1651.09863281,608.857116699
1651.09936523,608.860412598
1651.09936523,608.860412598
1651.20385742,608.985839844
1651.02148438,608.846008301
1651.02148438,608.846008301
1650.99853516,608.841369629
1650.96643066,608.839538574
1650.8885498,608.825073242
1650.8885498,608.825073242
1650.87780762,608.82434082
1650.83276367,608.815124512
1650.82189941,608.814453125
1650.75561523,608.804016113
1650.74499512,608.803344727
1650.87756348,608.956726074
1650.86621094,608.952819824
1650.87866211,608.960205078
1650.61279297,608.785644531
1650.56982422,608.78314209
1650.8236084,608.953674316
1650.67492676,608.95489502
1650.32165527,608.768615723
1650.30908203,608.761352539
1650.29846191,608.760681152
1650.27539062,608.756103516
1650.52685547,608.959350586
1650.47302246,608.956237793
1650.47363281,608.959716797
1650.40979004,608.959228516
1650.06054688,608.746765137
1650.07421875,608.757507324
1650.05102539,608.749511719
1650.03845215,608.74230957
1650.02856445,608.744995117
1649.98620605,608.745788574
1650.29736328,608.979187012
1649.68054199,608.7578125
1649.64880371,608.759155273
