680.642333984,95.4862365723
680.646606445,95.4953689575
680.650939941,95.4946594238
680.633300781,95.4937820435
680.64666748,95.4964981079
680.628845215,95.4945220947
680.620178223,95.4849090576
680.610961914,95.4924926758
680.606811523,95.4894714355
680.604309082,95.4916381836
680.593505859,95.4816741943
680.593505859,95.4816741943
680.589050293,95.4824447632
680.582519531,95.4817047119
680.58215332,95.4866943359
680.577880859,95.4873733521
680.575744629,95.4797363281
680.571289062,95.4791793823
680.571228027,95.4864654541
680.566894531,95.4786605835
680.5625,95.4781417847
680.560119629,95.4779434204
680.564331055,95.4882125854
680.557739258,95.4862747192
680.544677734,95.4773712158
680.524719238,95.4762039185
680.522155762,95.4858322144
680.520141602,95.4855270386
680.520202637,95.4769134521
680.511413574,95.4746551514
680.517822266,95.4852371216
680.506835938,95.4838790894
680.502197266,95.4834594727
680.49786377,95.4829025269
680.491455078,95.4735412598
680.489379883,95.4720306396
680.418273926,95.4674072266
680.404968262,95.4683074951
680.378051758,95.4762649536
680.371398926,95.4755554199
680.360168457,95.4754638672
680.360168457,95.4754638672
680.360168457,95.4754638672
680.344848633,95.4638824463
680.348937988,95.4753875732
680.346862793,95.4751434326
680.304931641,95.4616088867
680.313537598,95.4736557007
680.306945801,95.4728240967
680.306945801,95.4740905762
680.304870605,95.4714279175
680.304870605,95.4714279175
680.298217773,95.4620895386
680.295776367,95.4728317261
680.291809082,95.4612960815
680.293518066,95.4738540649
680.293518066,95.4738540649
680.291259766,95.4723815918
680.291320801,95.4735565186
680.273803711,95.4616165161
680.273803711,95.4616165161
680.273498535,95.4739456177
680.264770508,95.470413208
680.258178711,95.4598999023
680.247314453,95.4622268677
680.247009277,95.4695739746
680.247314453,95.4609603882
680.240478516,95.4700164795
680.237915039,95.473487854
680.220214844,95.4738082886
680.220214844,95.4738082886
680.169433594,95.4604797363
680.178039551,95.4750061035
680.165100098,95.461227417
680.153869629,95.46118927
680.149597168,95.460609436
680.140441895,95.4621353149
680.125183105,95.4613800049
680.126708984,95.4776229858
680.12286377,95.46118927
680.113708496,95.4614868164
680.113708496,95.4614868164
680.084594727,95.4812545776
680.080078125,95.4819946289
680.073303223,95.4824829102
680.062438965,95.4823760986
680.062438965,95.4823760986
680.053771973,95.4654312134
680.036071777,95.467048645
680.036071777,95.467048645
679.998046875,95.4712219238
679.975769043,95.4735183716
679.96697998,95.4761734009
679.96484375,95.4758071899
679.962524414,95.4768447876
679.960449219,95.4753799438
679.968566895,95.4960174561
679.964233398,95.4979248047
679.957580566,95.4983673096
679.93347168,95.4796676636
679.93347168,95.4796676636
679.957641602,95.49949646
679.920166016,95.4829788208
679.915771484,95.4824142456
679.906860352,95.486328125
679.873168945,95.4934921265
679.897338867,95.5121536255
679.895080566,95.5120010376
679.859741211,95.4967956543
679.883850098,95.5190734863
679.881530762,95.5201187134
679.879150391,95.5211334229
679.879150391,95.5211334229
679.876953125,95.5233230591
679.837585449,95.5015792847
679.835388184,95.5012817383
679.835388184,95.5024108887
679.835388184,95.5024108887
679.826416016,95.5039138794
679.817565918,95.5065536499
679.825439453,95.5442657471
679.812011719,95.55128479
679.809692383,95.5534591675
679.809692383,95.5534591675
679.759216309,95.5292129517
679.754577637,95.5323944092
679.754577637,95.5323944092
679.754577637,95.5323944092
679.752441406,95.5320205688
679.750305176,95.5330276489
679.741333008,95.5381469727
679.711914062,95.5555801392
679.703063965,95.5605621338
679.764465332,95.5850753784
679.698547363,95.5638122559
679.694030762,95.5645217896
679.691650391,95.5679550171
679.753112793,95.5971755981
679.687072754,95.5710906982
679.741577148,95.6118087769
679.673522949,95.5829696655
679.669128418,95.5824890137
679.655578613,95.596786499
679.723388672,95.6317138672
679.723144531,95.6366348267
679.718688965,95.6398162842
679.718688965,95.6398162842
679.718688965,95.6434326172
679.634887695,95.6238555908
679.630432129,95.6220703125
679.630432129,95.6245269775
679.628051758,95.6279296875
679.625854492,95.6301269531
679.713806152,95.6625366211
679.709289551,95.6644134521
679.711486816,95.6646957397
679.711486816,95.6646957397
679.701843262,95.6954193115
679.704040527,95.6981735229
679.699584961,95.6988143921
679.597961426,95.6807785034
679.703979492,95.7090988159
679.59564209,95.6829376221
679.703674316,95.7129058838
679.703674316,95.7140350342
679.703552246,95.7202148438
679.592956543,95.7023468018
679.592895508,95.7084579468
679.583068848,95.745262146
679.583068848,95.745262146
679.584472656,95.7810440063
679.580078125,95.782951355
679.73248291,95.8057556152
679.732421875,95.8118667603
679.737060547,95.8111190796
679.577636719,95.7900085449
679.741455078,95.8067932129
679.716674805,95.822303772
679.74798584,95.8099975586
679.712158203,95.8254699707
679.759216309,95.8039703369
679.689575195,95.8411636353
679.774780273,95.8045578003
679.687072754,95.8495254517
679.774658203,95.8118743896
679.539489746,95.8015136719
679.684692383,95.855430603
679.523986816,95.8046569824
679.50402832,95.8035507202
679.50402832,95.8035507202
679.492919922,95.8010635376
679.490783691,95.8020019531
679.48425293,95.8011932373
679.57824707,95.8587875366
679.470825195,95.7996673584
679.533752441,95.8561248779
679.52734375,95.856552124
679.602050781,95.872718811
679.522644043,95.8572692871
679.520568848,95.8557052612
679.677185059,95.8948974609
679.464294434,95.8013076782
679.461975098,95.8022232056
679.461975098,95.8034210205
679.461975098,95.8034210205
679.457458496,95.8017349243
679.516052246,95.8564300537
679.608398438,95.8917541504
679.681396484,95.9027709961
679.608337402,95.8930206299
679.610656738,95.8945236206
679.681152344,95.9077148438
679.681152344,95.9113464355
679.476013184,95.8578796387
679.424316406,95.8003158569
679.453918457,95.8577880859
679.62109375,95.9190139771
679.689697266,95.9234619141
679.691772461,95.9286346436
679.447265625,95.8569412231
679.434204102,95.8553466797
679.625427246,95.9232940674
679.698364258,95.9342727661
679.702819824,95.9359893799
679.37109375,95.7990493774
679.366577148,95.799659729
679.715759277,95.9473571777
679.385131836,95.8570022583
679.640136719,95.9568405151
679.639953613,95.9592971802
679.33782959,95.7975311279
679.731079102,95.9601745605
679.735473633,95.9607009888
679.739746094,95.9661026001
679.64654541,95.9662780762
679.304504395,95.7973709106
679.300170898,95.7967453003
679.765930176,95.9814376831
679.31652832,95.8538360596
679.295654297,95.8000259399
679.286804199,95.7964248657
679.77935791,95.9855041504
679.794677734,95.9873657227
679.794677734,95.988494873
679.265686035,95.8503265381
679.263549805,95.8525009155
679.265563965,95.8527984619
679.274353027,95.8538665771
679.210327148,95.8524398804
679.201416016,95.8525695801
679.191589355,95.793838501
679.18951416,95.7935714722
679.182678223,95.7952880859
679.192443848,95.8528289795
679.190185547,95.8513336182
679.173950195,95.7929534912
679.162841797,95.7930221558
679.147277832,95.792350769
679.116149902,95.7912216187
679.065490723,95.7900161743
679.043212891,95.7935714722
679.038696289,95.7943115234
679.038696289,95.7906646729
679.016540527,95.7904663086
679.014465332,95.7901992798
679.014343262,95.7891159058
679.037414551,95.8481750488
679.03503418,95.8478851318
679.001098633,95.7875061035
678.981933594,95.8477096558
678.88458252,95.8436279297
680.632080078,95.8227157593
680.642883301,95.8253173828
680.641906738,95.8766937256
680.641906738,95.8766937256
680.639526367,95.8776397705
680.621826172,95.8756561279
680.628479004,95.877571106
680.500732422,95.8221054077
680.494262695,95.8213195801
680.537414551,95.8754653931
680.528259277,95.8756942749
680.523925781,95.8764801025
680.517333984,95.8756561279
680.458679199,95.8208389282
680.488464355,95.8747177124
680.481750488,95.8751678467
680.481750488,95.8751678467
680.440795898,95.8199539185
680.434082031,95.8216781616
680.459411621,95.8750152588
680.411987305,95.8202819824
680.441589355,95.873008728
680.403137207,95.8192520142
680.39642334,95.8196716309
680.428405762,95.8738174438
680.426330566,95.8747406006
680.421569824,95.8741989136
680.42388916,95.8757629395
680.421508789,95.8754653931
680.414978027,95.8759155273
680.385192871,95.8208847046
680.410461426,95.8742370605
680.386108398,95.8750457764
680.354064941,95.8209381104
680.361877441,95.8720855713
680.347351074,95.8226165771
680.346191406,95.8727416992
680.31628418,95.8189315796
680.309570312,95.8194274902
680.307434082,95.8203582764
680.291870117,95.8184814453
680.297180176,95.8743972778
680.286010742,95.8743057251
680.283935547,95.8728027344
680.277282715,95.8721008301
680.275085449,95.8730697632
680.268432617,95.8734512329
680.223876953,95.8708114624
680.226135254,95.8722381592
680.221862793,95.871711731
680.206237793,95.8675003052
680.184020996,95.8708953857
680.152709961,95.8710632324
680.138671875,95.8153152466
680.129760742,95.8179626465
680.10546875,95.8151092529
680.10546875,95.8151092529
680.09197998,95.8147964478
680.087524414,95.8154983521
680.076477051,95.8141784668
680.072937012,95.8689880371
680.049865723,95.8146514893
680.041015625,95.8148727417
680.01751709,95.8673324585
679.98638916,95.8649749756
679.983337402,95.8117675781
679.984130859,95.8659439087
679.990661621,95.8728408813
679.983825684,95.8721008301
679.990478516,95.8752822876
679.963256836,95.8118743896
679.992858887,95.8767623901
679.994873047,95.8855667114
679.992370605,95.8866119385
679.912109375,95.8181838989
679.905517578,95.8137435913
