1457.6706543,357.979003906
1457.6706543,357.979003906
1457.65649414,357.998657227
1457.63037109,357.992645264
1457.77722168,358.005462646
1457.7713623,358.024536133
1457.81530762,358.034515381
1457.82385254,358.033966064
1457.5032959,357.943695068
1457.86791992,358.04385376
1457.46899414,357.941040039
1457.45983887,357.933746338
1457.45117188,357.934448242
1457.88549805,358.047912598
1457.88574219,358.050537109
1457.90026855,358.030761719
1457.90026855,358.030761719
1457.43603516,357.948852539
1457.42773438,357.949523926
1457.41894531,357.947509766
1457.92724609,358.04208374
1457.92724609,358.04208374
1457.95373535,358.048065186
1457.38037109,357.915863037
1457.99780273,358.055419922
1457.99169922,358.074462891
1458.00024414,358.073822021
1458.00061035,358.076416016
1458.02392578,358.061340332
1458.00927734,358.078430176
1458.05322266,358.088409424
1458.05993652,358.071960449
1458.05908203,358.069274902
1457.28759766,357.920166016
1458.07727051,358.07598877
1458.10375977,358.08203125
1457.21374512,357.883331299
1457.1784668,357.875213623
1458.1652832,358.093322754
1457.21606445,357.899047852
1457.2076416,357.89956665
1457.19921875,357.900299072
1457.19055176,357.898132324
1457.15209961,357.869293213
1457.14306641,357.867340088
1458.21862793,358.107849121
1458.21862793,358.107849121
1457.12878418,357.884368896
1457.10742188,357.856719971
1457.08178711,357.858642578
1458.24768066,358.13482666
1458.24768066,358.13482666
1458.2623291,358.117889404
1458.2623291,358.117889404
1457.08398438,357.869140625
1457.06420898,357.851989746
1457.06469727,357.854736328
1457.06542969,357.859924316
1457.05871582,357.871063232
1457.05029297,357.871673584
1458.32727051,358.152862549
1458.36254883,358.160827637
1458.35107422,358.137939453
1458.35107422,358.137939453
1458.37158203,358.162841797
1458.42236328,358.161621094
1458.42224121,358.158935547
1458.64343262,358.211578369
1458.69934082,358.244537354
1458.69958496,358.247283936
1458.71728516,358.251251221
1458.72302246,358.232147217
1458.76135254,358.261169434
1458.77026367,358.263153076
1458.77880859,358.265167236
1458.80603027,358.273773193
1458.94787598,358.310913086
1458.95654297,358.312957764
1459.00085449,358.322937012
1459.00085449,358.322937012
1459.01635742,358.311218262
1459.06311035,358.339538574
1459.13452148,358.360870361
1459.15209961,358.364746094
1459.16064453,358.366729736
1459.16711426,358.350311279
1459.17016602,358.368804932
1459.18786621,358.375396729
1459.19396973,358.356323242
1459.23181152,358.382751465
1459.24755859,358.376190186
1459.25012207,358.392059326
1459.25695801,358.38079834
1459.26794434,358.396057129
1459.27661133,358.397979736
1459.26538086,358.377532959
1459.2746582,358.382232666
1459.28369141,358.384246826
1459.31835938,358.392272949
1459.31835938,358.392272949
1459.34558105,358.400909424
1459.34521484,358.398193359
1459.37316895,358.414733887
1459.38061523,358.408843994
1459.38354492,358.427124023
1459.41027832,358.435852051
1459.48779297,358.440765381
1459.48132324,358.454498291
1459.52612305,358.467071533
1459.56018066,358.467224121
1459.56982422,358.474456787
1459.57775879,358.471252441
1459.56799316,358.461303711
1459.56799316,358.461303711
1459.59655762,358.483032227
1459.61450195,358.487060547
1459.62243652,358.483795166
1459.62304688,358.48651123
1459.65783691,358.491821289
1459.65966797,358.504974365
1459.68395996,358.495117188
1459.69250488,358.494445801
1459.73974609,358.525604248
1459.75769043,358.532226562
1459.78161621,358.519836426
1459.79931641,358.523834229
1459.84533691,358.544342041
1459.83776855,358.552825928
1459.84606934,358.552154541
1459.84606934,358.552154541
1456.55566406,357.752197266
1456.56555176,357.75692749
1456.57458496,357.764221191
1456.58361816,357.768829346
1456.5760498,357.77456665
1456.55126953,357.779205322
1456.35900879,357.745849609
1456.29016113,357.737792969
1456.23266602,357.69442749
1456.22387695,357.694946289
1456.21484375,357.690460205
1456.17980957,357.684997559
1456.10168457,357.672454834
1455.99707031,357.656494141
1455.99401855,357.693725586
1455.95043945,357.686462402
1455.88049316,357.67578125
1455.82324219,357.62979126
1455.87231445,357.676452637
1455.7364502,357.617767334
1455.71899414,357.616424561
1455.71899414,357.616424561
1455.7857666,357.66696167
1455.7598877,357.663635254
1455.70117188,357.61239624
1455.65002441,357.608337402
1455.64746094,357.650970459
1455.63879395,357.649017334
1455.56384277,357.601623535
1455.52075195,357.596862793
1455.48535156,357.58895874
1455.48510742,357.586273193
1455.46777344,357.585021973
1455.49975586,357.630218506
1455.45922852,357.585540771
1455.45861816,357.580322266
1455.44165039,357.578918457
1455.48303223,357.631530762
1455.39782715,357.574279785
1455.35437012,357.622680664
1455.32788086,357.616790771
1455.25146484,357.558807373
1455.29333496,357.614044189
1455.27648926,357.615234375
1455.25878906,357.61126709
1455.16455078,357.546844482
1455.11340332,357.542877197
1455.17297363,357.607025146
1455.17297363,357.607025146
1455.10583496,357.551300049
1455.07885742,357.540039062
1455.06213379,357.541412354
1455.01879883,357.536682129
1455.05334473,357.600372314
1455.05334473,357.600372314
1454.84667969,357.525726318
1454.84667969,357.525726318
1454.94238281,357.595428467
1454.8293457,357.521697998
1454.89904785,357.593322754
1454.89038086,357.591339111
1454.8815918,357.589355469
1454.79577637,357.524353027
1454.76074219,357.516418457
1454.76074219,357.516418457
1454.84790039,357.591918945
1454.73474121,357.513031006
1454.73474121,357.513031006
1454.73547363,357.518310547
1454.76281738,357.590362549
1454.6661377,357.507659912
1454.72741699,357.57989502
1454.72912598,357.590301514
1454.71948242,357.583007812
1454.71154785,357.589019775
1454.60107422,357.586730957
1454.58398438,357.58795166
1454.55895996,357.589874268
1454.52416992,357.584594727
1454.51660156,357.590393066
1454.4095459,357.49520874
1454.35009766,357.497070312
1454.3425293,357.500305176
1454.33435059,357.503570557
1454.27490234,357.5027771
1454.26611328,357.500793457
1454.24865723,357.496795654
1454.23999023,357.497406006
1454.05310059,357.49822998
1454.03637695,357.499481201
1454.0032959,357.504699707
1453.97692871,357.498748779
1454.13024902,357.622131348
1453.9095459,357.503753662
1454.03039551,357.635131836
1454.0144043,357.64151001
1453.9888916,357.64352417
1453.98095703,357.644165039
1453.69165039,357.522796631
1453.9642334,357.647918701
1453.890625,357.669372559
1453.56689453,357.540222168
1453.48339844,357.549255371
1453.4744873,357.547241211
1453.76696777,357.694580078
1453.37585449,357.570587158
1453.6697998,357.725769043
1453.2442627,357.599121094
1453.24536133,357.606903076
1453.61608887,357.766937256
1453.18664551,357.611297607
1453.1862793,357.608703613
1453.57543945,357.780487061
1453.12243652,357.637390137
1453.11315918,357.632720947
1453.11413574,357.637908936
1453.50524902,357.822906494
1453.48046875,357.829956055
1453.0246582,357.663269043
1453.44445801,357.872589111
1453.44470215,357.875091553
1452.97631836,357.682769775
1453.40795898,357.914886475
1453.38378906,357.922119141
1453.37524414,357.920135498
1453.37561035,357.925323486
1453.36022949,357.936950684
1453.34692383,357.961853027
1453.34155273,357.983581543
1453.32580566,357.992614746
1453.31848145,358.00112915
1453.31945801,358.006347656
1453.2833252,358.109619141
1459.92883301,359.301269531
1459.92919922,359.30657959
1459.91247559,359.305267334
1459.92126465,359.309783936
1459.87072754,359.316223145
1459.87072754,359.316223145
1459.60314941,359.357299805
1459.58654785,359.36114502
1459.56262207,359.373626709
1459.46264648,359.39175415
1459.34558105,359.408325195
1459.2956543,359.417327881
1459.22912598,359.427734375
1459.21960449,359.42300415
1459.19580078,359.435455322
1459.18676758,359.433410645
1459.17919922,359.43927002
