1649.41589355,601.936462402
1649.41638184,601.939697266
1649.3815918,601.927978516
1649.47460938,601.959472656
1649.36010742,601.926635742
1649.48657227,601.96661377
1649.34887695,601.922790527
1649.36279297,601.936767578
1649.35119629,601.932739258
1649.4440918,601.967651367
1649.4576416,601.978393555
1649.48754883,601.970031738
1649.51074219,601.977905273
1649.50231934,601.987365723
1649.34020996,601.932250977
1649.48095703,601.98614502
1649.47033691,601.985595703
1649.49316406,601.993408203
1649.35437012,601.946228027
1649.39025879,601.964599609
1649.39025879,601.964599609
1649.49377441,601.996765137
1647.78393555,601.513427734
1647.81176758,601.541137695
1647.80224609,601.544006348
1647.78393555,601.513427734
1651.11462402,602.67401123
1651.11523438,602.677368164
1651.09204102,602.669616699
1651.1505127,602.689331055
1651.17419434,602.700561523
1651.23217773,602.720214844
1651.27893066,602.736083984
1650.80212402,602.570800781
1650.83789062,602.585998535
1650.8482666,602.586547852
1650.8482666,602.586547852
1650.74487305,602.554504395
1650.74487305,602.554504395
1649.19189453,602.069091797
1649.16967773,602.06451416
1647.83935547,601.612060547
1647.85546875,601.635803223
1647.85546875,601.635803223
1647.85681152,601.639404297
1647.85681152,601.639404297
1647.85986328,601.652770996
1647.87133789,601.656616211
1647.8717041,601.659912109
1648.71154785,601.927124023
1648.74804688,601.945556641
1648.6427002,601.906860352
1648.64355469,601.91003418
1648.75231934,601.965515137
1648.75231934,601.965515137
1648.8170166,601.969238281
1648.81665039,601.965942383
1648.78710938,601.977478027
1648.78845215,601.980895996
1648.70751953,601.956604004
1648.81103516,601.988586426
1648.68481445,601.948669434
1648.68481445,601.948669434
1648.84033203,601.977111816
1648.8449707,601.996948242
1648.8671875,602.001586914
1648.8671875,602.001586914
1648.89807129,601.996765137
1648.92431641,602.018005371
1648.91027832,602.003967285
1648.91027832,602.003967285
1648.93188477,602.005065918
1648.94506836,602.015869141
1648.98193359,602.034240723
1648.99047852,602.028320312
1648.99194336,602.03503418
1649.00549316,602.045593262
1649.01428223,602.039489746
1649.04846191,602.047851562
1649.04931641,602.051269531
1649.08398438,602.063049316
1649.0949707,602.063781738
1649.15429688,602.090026855
1648.56970215,601.912536621
1648.57043457,601.915893555
1648.58215332,601.919921875
1648.54724121,601.908081055
1648.46740723,601.883972168
1648.40991211,601.867675781
1648.34143066,601.847290039
1648.27294922,601.827148438
1648.20349121,601.803588867
1648.18127441,601.79888916
1648.12341309,601.77935791
1648.12426758,601.782531738
1648.12426758,601.782531738
1647.72351074,601.661560059
1647.68981934,601.653198242
1647.67810059,601.649291992
1647.67810059,601.649291992
1646.82104492,601.483398438
1646.78747559,601.474853516
1646.69665527,601.450195312
1646.69750977,601.453491211
1642.72351074,600.143859863
1642.73583984,600.151184082
1642.67871094,600.131713867
1642.72351074,600.143859863
1642.61291504,600.121520996
1642.58068848,600.119689941
1642.57055664,600.122436523
1642.54589844,600.107910156
1642.54772949,600.114685059
1642.50085449,600.09564209
1642.45739746,600.090026855
1651.44799805,603.445556641
1651.4140625,603.437011719
1651.41455078,603.483276367
1651.28881836,603.449829102
1651.14013672,603.362243652
1651.11828613,603.403869629
1651.00354004,603.37109375
1650.98059082,603.36315918
1650.9005127,603.342285156
1650.79748535,603.267089844
1650.74133301,603.25402832
1650.72949219,603.25012207
1650.70812988,603.248962402
1650.67333984,603.237182617
1650.49023438,603.183898926
1650.48132324,603.236206055
1650.44873047,603.23449707
1650.42456055,603.223083496
1650.37646484,603.154418945
1650.36499023,603.15045166
1650.23364258,603.179504395
1650.13220215,603.157226562
1650.1204834,603.153259277
1650.12133789,603.156677246
1650.0534668,603.139587402
1649.92468262,603.046569824
1649.9864502,603.125976562
1649.86291504,603.099243164
1649.72167969,602.998962402
1649.78491211,603.085083008
1649.67614746,602.986572266
1649.66687012,602.992797852
1649.65380859,602.982055664
1649.6427002,602.978149414
1649.71618652,603.064758301
1649.63317871,602.984191895
1649.52856445,603.037841797
1649.36230469,602.919677734
1649.41687012,603.015014648
1649.33898926,602.911621094
1649.29455566,602.902526855
1649.171875,602.879150391
1649.1854248,602.978759766
1649.03930664,602.858642578
1648.99365234,602.846191406
1649.1060791,602.961425781
1648.96142578,602.844482422
1648.91577148,602.831848145
1648.90527344,602.831420898
1648.81628418,602.816589355
1648.81726074,602.820007324
1648.81726074,602.820007324
1648.92126465,602.944519043
1648.7388916,602.805541992
1648.7388916,602.805541992
1648.71691895,602.801086426
1648.68444824,602.799255371
1648.60717773,602.78515625
1648.60717773,602.78515625
1648.59643555,602.784484863
1648.55114746,602.77520752
1648.54040527,602.774841309
1648.46362305,602.764038086
1648.59558105,602.916442871
1648.58422852,602.912536621
1648.59606934,602.91973877
1648.60791016,602.923583984
1648.33178711,602.746704102
1648.28894043,602.74432373
1648.39331055,602.914978027
1648.04077148,602.73046875
1648.02893066,602.723266602
1648.01818848,602.72253418
1647.99572754,602.718017578
1648.24572754,602.91998291
1648.19189453,602.916870117
1648.19262695,602.920227051
1648.12878418,602.920043945
1647.78125,602.709533691
1647.79406738,602.720031738
1647.77124023,602.712097168
1647.75854492,602.704833984
1647.74914551,602.707641602
1647.7064209,602.708312988
1648.01660156,602.940063477
1647.4239502,602.725830078
1647.42956543,602.749023438
1647.36975098,602.722717285
