1457.56848145,357.978668213
1457.57165527,358.002349854
1457.52734375,357.989685059
1457.51855469,357.985198975
1457.60693359,358.010253906
1457.51843262,357.987792969
1457.46350098,357.960083008
1457.46325684,357.957427979
1457.68603516,358.025665283
1457.6862793,358.028198242
1457.69494629,358.027526855
1457.43664551,357.951416016
1457.41015625,357.94543457
1457.41015625,357.94543457
1457.41296387,357.966339111
1457.38391113,357.939575195
1457.72058105,358.028381348
1457.75354004,358.020599365
1457.37536621,357.937530518
1457.39501953,357.959869385
1457.37854004,357.961151123
1457.31665039,357.94720459
1457.29064941,357.943817139
1457.27844238,357.918151855
1457.25219727,357.912231445
1457.26416016,357.937835693
1457.8717041,358.070098877
1457.18188477,357.898925781
1457.17260742,357.894317627
1457.17260742,357.894317627
1457.89782715,358.076049805
1457.92138672,358.061096191
1457.92138672,358.058502197
1457.93017578,358.060516357
1457.14953613,357.911895752
1457.97497559,358.075683594
1457.06762695,357.875671387
1457.05944824,357.876403809
1457.05151367,357.882202148
1457.0534668,357.895263672
1457.05871582,357.871063232
1457.03442383,357.880737305
1458.03637695,358.08694458
1458.05371094,358.0909729
1458.10681152,358.102966309
1458.13671875,358.130004883
1458.15087891,358.112915039
1458.21557617,358.147796631
1458.23046875,358.133483887
1458.25952148,358.157867432
1458.25695801,358.13949585
1458.29516602,358.165740967
1458.33068848,358.176422119
1458.39892578,358.174041748
1458.43701172,358.203094482
1458.44592285,358.205108643
1458.45349121,358.199127197
1458.46313477,358.206390381
1458.47009277,358.19519043
1458.47888184,358.19732666
1458.51623535,358.221008301
1458.5234375,358.212432861
1458.53149414,358.206573486
1458.53369141,358.222320557
1458.55029297,358.218414307
1458.55029297,358.218414307
1458.56945801,358.232971191
1458.56994629,358.235565186
1458.64990234,358.256164551
1458.83312988,358.285003662
1459.06347656,358.342224121
1459.07543945,358.365142822
1459.09033203,358.350830078
1459.16149902,358.369354248
1459.20581055,358.381896973
1459.2265625,358.407043457
1459.31518555,358.427032471
1459.375,358.42791748
1459.37548828,358.430541992
1459.35986328,358.44229126
1459.38647461,358.448181152
1459.42248535,358.458862305
1459.43933105,358.460174561
1459.43933105,358.460174561
1459.58862305,358.486297607
1459.72216797,358.524169922
1459.73144531,358.526245117
1459.82946777,358.553436279
1459.83203125,358.571868896
1456.52441406,357.770568848
1456.55065918,357.776550293
1456.51660156,357.77645874
1456.55969238,357.778564453
1456.50805664,357.777099609
1456.58789062,357.797607422
1456.59655762,357.799713135
1456.48449707,357.789520264
1456.49328613,357.791442871
1456.51098633,357.795471191
1456.51098633,357.795471191
1456.45849609,357.78616333
1456.40551758,357.774139404
1456.28845215,357.730010986
1456.31030273,357.762817383
1456.26184082,357.721313477
1456.23522949,357.717987061
1456.2578125,357.753509521
1456.24853516,357.748931885
1456.22705078,357.716033936
1456.17504883,357.709381104
1456.16638184,357.70993042
1456.14855957,357.703369141
1456.1282959,357.736785889
1456.11901855,357.734863281
1456.11901855,357.734863281
1456.08398438,357.729370117
1456.06677246,357.725372314
1456.06176758,357.691345215
1455.9921875,357.68069458
1455.98388672,357.681365967
1455.93066406,357.669342041
1455.87890625,357.665283203
1455.85290527,357.659423828
1455.84399414,357.65737915
1455.80053711,357.650024414
1455.80053711,357.650024414
1455.84118652,357.697235107
1455.75720215,357.645324707
1455.78076172,357.688659668
1455.73974609,357.641357422
1455.72253418,357.639953613
1455.70532227,357.638671875
1455.70263672,357.678649902
1455.68798828,357.637298584
1455.67028809,357.633361816
1455.62475586,357.671203613
1455.47131348,357.60848999
1455.53845215,357.661743164
1455.47790527,357.655792236
1455.47790527,357.655792236
1455.39367676,357.601226807
1455.35070801,357.596435547
1455.33325195,357.595153809
1455.31518555,357.588500977
1455.30688477,357.589111328
1455.30651855,357.586517334
1455.2980957,357.587158203
1455.35766602,357.64630127
1455.32287598,357.640930176
1455.29724121,357.640228271
1455.19421387,357.576416016
1455.23669434,357.634124756
1455.20141602,357.626251221
1455.1427002,357.572357178
1455.13464355,357.5730896
1455.13464355,357.5730896
1455.17663574,357.628112793
1455.07470703,357.572143555
1455.0657959,357.570220947
1455.05749512,357.570709229
1455.05725098,357.56817627
1455.06542969,357.567474365
1454.97033691,357.556152344
1454.95361328,357.557403564
1454.92810059,357.556640625
1455.01428223,357.621856689
1455.00488281,357.619842529
1454.99658203,357.620483398
1454.80712891,357.544647217
1454.78259277,357.549255371
1454.74694824,357.538635254
1454.87719727,357.616271973
1454.87719727,357.616271973
1454.8338623,357.611572266
1454.64343262,357.527893066
1454.51599121,357.526885986
1454.63781738,357.607696533
1454.62145996,357.611724854
1454.44763184,357.526794434
1454.43969727,357.527404785
1454.39672852,357.522705078
1454.54516602,357.612060547
1454.28662109,357.528289795
1454.23486328,357.521606445
1454.18359375,357.520141602
1454.4017334,357.620269775
1454.36755371,357.617614746
1454.36755371,357.617614746
1454.35070801,357.618774414
1454.09912109,357.521240234
1454.09082031,357.521972656
1454.05725098,357.52444458
1454.29187012,357.623382568
1454.3092041,357.627166748
1454.3092041,357.627166748
1454.30090332,357.62789917
1454.04052734,357.52835083
1454.20837402,357.634765625
1454.18383789,357.639373779
1454.16674805,357.640686035
1454.13269043,357.64050293
1453.87963867,357.529998779
1453.85400391,357.529174805
1454.10778809,357.642486572
1453.82910156,357.533691406
1453.82055664,357.534423828
1453.79553223,357.536346436
1453.75317383,357.536834717
1453.75354004,357.542053223
1453.75354004,357.542053223
1453.7277832,357.541412354
1453.70324707,357.54586792
1453.69445801,357.54385376
1453.65319824,357.552215576
1453.64489746,357.550292969
1453.6451416,357.552978516
1453.6361084,357.548309326
1453.63659668,357.553466797
1453.63659668,357.553466797
1453.91015625,357.683929443
1453.89355469,357.687744141
1453.89416504,357.692932129
1453.88562012,357.693572998
1453.8684082,357.692199707
1453.53540039,357.558563232
1453.46154785,357.577331543
1453.453125,357.57522583
1453.40307617,357.584411621
1453.75488281,357.729980469
1453.29577637,357.605621338
1453.29577637,357.605621338
1453.296875,357.610839844
1453.63464355,357.778717041
1453.19824219,357.634216309
1453.1418457,357.651763916
1453.54040527,357.830810547
1453.53198242,357.831542969
1453.53198242,357.831542969
1453.52331543,357.829437256
1453.50817871,357.841278076
1453.47729492,357.864746094
1453.47790527,357.867340088
1453.47021484,357.87322998
1452.98840332,357.708312988
1452.98010254,357.70892334
1452.96459961,357.718139648
1452.9473877,357.719421387
1453.40246582,357.936523438
1453.40393066,357.947113037
1453.35009766,357.982818604
1453.35888672,357.987426758
1453.28381348,358.114868164
1453.29443359,358.127471924
1453.28759766,358.141113281
1459.94616699,359.305389404
1459.94665527,359.307983398
1459.9395752,359.316467285
1459.90515137,359.316345215
1459.9152832,359.326263428
1459.88818359,359.32019043
1459.84570312,359.318054199
1459.7956543,359.327178955
1459.70495605,359.352508545
1459.6965332,359.353088379
1459.68884277,359.359008789
1459.64660645,359.362091064
1459.62133789,359.364074707
1459.62207031,359.366668701
1459.60583496,359.375732422
1459.50463867,359.38583374
1459.50524902,359.38861084
1459.50585938,359.393829346
1459.49743652,359.391784668
1459.48852539,359.389709473
1459.43835449,359.398864746
1459.41345215,359.405975342
1459.37878418,359.405792236
1459.2956543,359.417327881
1459.1472168,359.45501709
1459.12304688,359.467285156
