689.969726562,-116.030235291
689.983154297,-116.030906677
689.985290527,-116.032455444
689.987487793,-116.031539917
689.987304688,-116.032829285
689.987304688,-116.032829285
689.989746094,-116.033096313
689.99420166,-116.031311035
689.99621582,-116.032814026
690.000976562,-116.031005859
689.998901367,-116.02583313
690.005432129,-116.029151917
689.985534668,-116.023918152
690.005615234,-116.026741028
690.009887695,-116.028541565
690.009887695,-116.028541565
690.012084961,-116.030174255
690.013977051,-116.031684875
689.979003906,-116.022850037
690.018920898,-116.028625488
690.018920898,-116.028625488
690.018920898,-116.028625488
690.02532959,-116.029640198
688.862792969,-115.862365723
688.862792969,-115.859924316
688.869445801,-115.863304138
688.851806641,-115.85710144
688.862792969,-115.862365723
688.849487305,-115.856842041
689.890441895,-116.010147095
689.89263916,-116.009353638
689.886047363,-116.008293152
689.883911133,-116.008003235
689.912475586,-116.013366699
689.910461426,-116.011833191
689.921569824,-116.013366699
689.92376709,-116.01374054
689.927978516,-116.014427185
689.930297852,-116.015899658
689.932495117,-116.015068054
689.934753418,-116.016555786
689.94128418,-116.016334534
689.945861816,-116.018066406
689.947937012,-116.017280579
689.950134277,-116.018844604
689.611816406,-115.967597961
689.616394043,-115.968269348
689.620666504,-115.968986511
688.829772949,-115.851501465
688.825378418,-115.849586487
689.296813965,-115.889099121
689.294799805,-115.887550354
689.303649902,-115.888793945
689.305847168,-115.889122009
689.312316895,-115.891357422
689.312316895,-115.891357422
688.867675781,-115.670982361
688.867797852,-115.66607666
688.870117188,-115.666412354
688.86114502,-115.666320801
688.858825684,-115.667251587
688.863464355,-115.66544342
688.858825684,-115.665939331
688.87878418,-115.67010498
688.867858887,-115.663665771
688.881103516,-115.670372009
688.876708984,-115.663696289
688.847961426,-115.662017822
688.84576416,-115.665222168
688.843444824,-115.662628174
688.890014648,-115.669197083
688.889648438,-115.674102783
688.894287109,-115.667449951
688.841430664,-115.663490295
688.839172363,-115.659469604
688.839172363,-115.659469604
688.838989258,-115.66557312
688.901184082,-115.668319702
688.89855957,-115.67540741
688.903076172,-115.67363739
688.823730469,-115.657287598
688.821350098,-115.661865234
688.819213867,-115.661582947
688.819335938,-115.655410767
688.816955566,-115.661209106
688.814880371,-115.657218933
688.916564941,-115.669364929
688.918334961,-115.677085876
688.808044434,-115.6612854
688.801452637,-115.660224915
688.799255371,-115.656318665
688.924987793,-115.677993774
688.924987793,-115.677993774
688.933837891,-115.678039551
688.933837891,-115.678039551
688.936279297,-115.677078247
688.792541504,-115.658966064
688.792724609,-115.656517029
688.790588379,-115.658660889
688.788330078,-115.654624939
688.793029785,-115.650405884
688.935852051,-115.680747986
688.938537598,-115.676216125
688.938476562,-115.672569275
688.947387695,-115.676208496
688.779541016,-115.655883789
688.777404785,-115.651855469
688.768554688,-115.65422821
688.954040527,-115.675949097
688.953796387,-115.680870056
688.768554688,-115.649368286
688.761962891,-115.647155762
688.759643555,-115.651702881
688.753051758,-115.649597168
688.748718262,-115.647758484
688.965026855,-115.678749084
688.969299316,-115.684341431
688.74206543,-115.649177551
688.735412598,-115.648246765
688.733215332,-115.645500183
688.728759766,-115.643661499
688.728759766,-115.647239685
688.982727051,-115.680099487
688.982788086,-115.678909302
688.726867676,-115.642082214
688.715698242,-115.638076782
688.713378906,-115.643936157
688.986816406,-115.686859131
688.993530273,-115.68661499
688.711120605,-115.644775391
688.71105957,-115.639930725
688.706665039,-115.644134521
688.700317383,-115.634605408
688.688964844,-115.640380859
688.677978516,-115.63886261
688.678527832,-115.630233765
688.675842285,-115.638465881
688.669067383,-115.63759613
688.660644531,-115.63142395
689.046447754,-115.695419312
688.656005859,-115.634437561
688.65826416,-115.63105011
688.654052734,-115.62915802
688.651733398,-115.628860474
688.651733398,-115.628860474
688.651855469,-115.625167847
689.049072266,-115.687164307
689.055603027,-115.688163757
688.64074707,-115.627281189
688.638549805,-115.628265381
689.064331055,-115.694236755
689.066650391,-115.688529968
688.632019043,-115.623596191
688.625366211,-115.622657776
689.077697754,-115.694946289
689.086669922,-115.692481995
689.086364746,-115.699882507
689.088562012,-115.6953125
689.088439941,-115.698997498
689.088928223,-115.692863464
689.097473145,-115.696578979
689.099975586,-115.691955566
688.583312988,-115.619064331
689.108398438,-115.699447632
689.108398438,-115.701889038
689.119750977,-115.69367218
688.579101562,-115.617195129
688.579101562,-115.617195129
688.576843262,-115.616920471
688.570068359,-115.615905762
689.121582031,-115.703842163
689.126403809,-115.694595337
688.559448242,-115.609428406
688.554626465,-115.613739014
689.144165039,-115.695922852
689.14855957,-115.697761536
688.543823242,-115.610908508
689.161682129,-115.702133179
689.1640625,-115.701187134
688.541870117,-115.603218079
688.533203125,-115.600730896
688.533203125,-115.600730896
689.181518555,-115.707397461
688.51965332,-115.606178284
688.51739502,-115.60584259
689.181396484,-115.709838867
689.192443848,-115.710205078
689.194885254,-115.708053589
689.196838379,-115.709686279
689.196899414,-115.710838318
689.201538086,-115.709060669
688.495605469,-115.59299469
688.491027832,-115.594818115
688.490966797,-115.598396301
688.488769531,-115.599372864
688.484558105,-115.592559814
689.210327148,-115.71031189
689.217041016,-115.707588196
688.482116699,-115.595878601
688.480163574,-115.58946991
689.221374512,-115.710639954
689.223449707,-115.712265015
689.221496582,-115.707015991
689.223815918,-115.704849243
689.223876953,-115.702423096
689.226135254,-115.701522827
689.236938477,-115.710441589
688.467041016,-115.587532043
688.467041016,-115.587532043
688.467041016,-115.586418152
688.462280273,-115.593055725
688.462280273,-115.593055725
689.234924316,-115.702796936
689.245727539,-115.712966919
689.25012207,-115.713569641
688.453613281,-115.590545654
689.256896973,-115.712051392
689.258911133,-115.713577271
689.263549805,-115.715415955
688.442626953,-115.588996887
688.436096191,-115.587989807
688.436096191,-115.587989807
689.276794434,-115.714836121
688.427307129,-115.577056885
688.4140625,-115.58241272
688.41192627,-115.582084656
688.407531738,-115.576545715
688.407592773,-115.577713013
688.403198242,-115.575958252
688.405639648,-115.572547913
688.398864746,-115.571617126
689.317016602,-115.70716095
689.317077637,-115.705909729
689.334838867,-115.707221985
689.350097656,-115.709510803
689.35925293,-115.707054138
689.36315918,-115.719947815
689.365356445,-115.719116211
689.363647461,-115.707778931
689.368041992,-115.70716095
689.372497559,-115.708976746
689.37689209,-115.707237244
689.385498047,-115.719436646
689.388183594,-115.708702087
689.388183594,-115.708702087
689.398864746,-115.718902588
689.39453125,-115.70854187
689.396911621,-115.707557678
689.399108887,-115.707855225
689.40814209,-115.707870483
689.450195312,-115.707794189
689.463317871,-115.71950531
689.45916748,-115.707862854
689.461425781,-115.705711365
689.465820312,-115.707595825
689.465820312,-115.706359863
689.468078613,-115.70664978
689.487609863,-115.718078613
689.494445801,-115.719070435
689.486083984,-115.70426178
689.503234863,-115.719100952
689.50769043,-115.719734192
689.527587891,-115.718864441
689.534973145,-115.701499939
689.534973145,-115.701499939
689.541687012,-115.699981689
689.563293457,-115.716659546
689.565612793,-115.715675354
689.565612793,-115.715675354
689.567810059,-115.716011047
689.57434082,-115.715797424
689.576599121,-115.716087341
689.588562012,-115.696846008
689.587890625,-115.715179443
689.587890625,-115.715179443
689.59979248,-115.693496704
689.645812988,-115.710021973
689.642272949,-115.687294006
689.664733887,-115.68434906
689.666992188,-115.684669495
689.673400879,-115.684440613
689.69934082,-115.705337524
689.710571289,-115.703292847
689.695800781,-115.681442261
689.70715332,-115.678207397
689.713745117,-115.675415039
689.722717285,-115.67414093
689.75970459,-115.694267273
689.747375488,-115.667922974
689.751953125,-115.667289734
689.797851562,-115.68863678
689.802246094,-115.68813324
689.817810059,-115.685409546
689.822570801,-115.683525085
689.803649902,-115.652519226
689.853881836,-115.676979065
689.828308105,-115.646217346
689.830566406,-115.644065857
689.859680176,-115.635955811
689.901123047,-115.662818909
689.903381348,-115.661857605
689.905456543,-115.663467407
689.864318848,-115.634124756
689.916809082,-115.657653809
689.930236816,-115.65587616
689.948120117,-115.651046753
689.911865234,-115.613723755
689.963989258,-115.644691467
689.91394043,-115.614097595
689.91394043,-115.614097595
689.918518066,-115.611122131
689.968566895,-115.642883301
689.929748535,-115.607818604
689.934387207,-115.603492737
689.986450195,-115.637985229
689.997680664,-115.633560181
690.031677246,-115.621101379
689.982177734,-115.57698822
690.013977051,-115.559295654
690.036987305,-115.53679657
690.046020508,-115.533203125
690.110900879,-115.581962585
690.117797852,-115.576751709
690.119995117,-115.575889587
690.124572754,-115.573997498
690.062011719,-115.520683289
690.071350098,-115.510848999
690.142822266,-115.565467834
690.149475098,-115.561592102
690.082519531,-115.44959259
690.08026123,-115.448059082
689.945251465,-115.48789978
689.969421387,-115.437149048
689.967224121,-115.436813354
689.945068359,-115.434898376
689.925537109,-115.483848572
689.947265625,-115.433952332
689.893981934,-115.432487488
689.894104004,-115.431274414
689.882995605,-115.430984497
689.885559082,-115.479377747
689.878662109,-115.430274963
689.863342285,-115.478614807
689.854675293,-115.474952698
689.847595215,-115.425849915
689.852355957,-115.477027893
689.847839355,-115.475288391
689.812072754,-115.42325592
689.821533203,-115.473846436
689.817077637,-115.474411011
689.79876709,-115.420150757
689.79699707,-115.471603394
689.761474609,-115.468948364
689.754943848,-115.465591431
689.752624512,-115.466506958
689.730529785,-115.464546204
689.719055176,-115.41242981
689.719055176,-115.41242981
689.728210449,-115.465454102
689.695129395,-115.461906433
689.70135498,-115.411048889
689.679199219,-115.409141541
689.677062988,-115.408843994
689.66583252,-115.410850525
689.66595459,-115.40978241
689.663696289,-115.409408569
689.64642334,-115.453681946
689.656982422,-115.409606934
689.657043457,-115.405982971
689.652770996,-115.407691956
689.650390625,-115.40625
689.631103516,-115.453918457
689.610534668,-115.402931213
689.528991699,-115.443069458
689.506286621,-115.393089294
689.48651123,-115.390151978
689.467102051,-115.435401917
689.436096191,-115.434684753
689.436096191,-115.434684753
689.405090332,-115.428993225
689.3984375,-115.428062439
689.388977051,-115.383651733
689.378173828,-115.380767822
689.369140625,-115.382034302
689.360351562,-115.378219604
689.358154297,-115.380432129
689.355957031,-115.380012512
689.353637695,-115.378540039
689.34552002,-115.424171448
689.320495605,-115.375030518
689.309509277,-115.373451233
689.316467285,-115.421257019
689.30090332,-115.420272827
689.289978027,-115.417396545
689.263061523,-115.369285583
689.256774902,-115.413970947
689.254577637,-115.416046143
689.209960938,-115.366462708
689.207580566,-115.365028381
689.139038086,-115.358825684
689.136779785,-115.357345581
689.13293457,-115.402305603
689.130310059,-115.356315613
689.119567871,-115.402908325
689.084106445,-115.399078369
689.039978027,-115.393867493
688.999572754,-115.34500885
688.948730469,-115.340278625
688.946594238,-115.33997345
688.948791504,-115.339012146
688.94708252,-115.383140564
688.947143555,-115.384277344
688.942810059,-115.383758545
688.920776367,-115.376907349
688.927185059,-115.381462097
688.925048828,-115.382339478
688.917724609,-115.338272095
688.915527344,-115.336730957
688.908874512,-115.337051392
688.900634766,-115.378952026
688.906677246,-115.336685181
688.88885498,-115.336585999
688.852111816,-115.375587463
688.84765625,-115.373779297
688.843322754,-115.374320984
688.838195801,-115.329269409
688.807250977,-115.327400208
688.818664551,-115.372177124
688.785217285,-115.326660156
688.763671875,-115.362960815
688.76361084,-115.365440369
688.726074219,-115.362442017
688.717102051,-115.36126709
688.707763672,-115.319206238
688.701660156,-115.360267639
688.699462891,-115.359848022
688.705627441,-115.317741394
688.68347168,-115.316963196
688.683410645,-115.315795898
688.681091309,-115.316696167
688.655456543,-115.354827881
688.641479492,-115.312240601
688.630432129,-115.310623169
688.61328125,-115.352546692
688.570739746,-115.305801392
688.520507812,-115.344100952
688.509521484,-115.342529297
688.473388672,-115.297988892
688.455688477,-115.296707153
688.444641113,-115.295166016
688.480224609,-115.353126526
688.475891113,-115.353752136
688.48248291,-115.355903625
688.479919434,-115.359260559
688.486755371,-115.356544495
688.486633301,-115.357788086
688.453308105,-115.358016968
688.491088867,-115.358459473
688.493164062,-115.359947205
688.413635254,-115.352325439
688.409423828,-115.351577759
