826.436401367,-108.105155945
826.43371582,-108.100494385
826.430541992,-108.100166321
826.415222168,-108.098403931
826.418518066,-108.094436646
826.415405273,-108.095489502
826.40020752,-108.095085144
826.394348145,-108.091461182
826.391174316,-108.092514038
826.419067383,-108.082954407
826.394226074,-108.088592529
826.391418457,-108.086769104
826.385192871,-108.086090088
826.381896973,-108.087181091
826.382202148,-108.085655212
826.388427734,-108.079284668
826.363891602,-108.079193115
826.357910156,-108.078384399
826.357666016,-108.081367493
826.354736328,-108.076690674
826.348754883,-108.078765869
826.348693848,-108.080238342
826.345825195,-108.075561523
826.336669922,-108.074485779
827.561950684,-108.184104919
827.565002441,-108.184440613
827.577270508,-108.185928345
827.583679199,-108.18522644
827.699951172,-108.196273804
827.706115723,-108.19707489
827.709472656,-108.195922852
827.712402344,-108.19631958
827.715454102,-108.198173523
827.718444824,-108.197036743
827.724609375,-108.197799683
827.758239746,-108.20186615
827.755187988,-108.200050354
827.749206543,-108.199279785
827.810546875,-108.205200195
827.822937012,-108.205223083
827.828796387,-108.207473755
827.83215332,-108.206390381
827.841491699,-108.207481384
827.847412109,-108.209609985
827.85369873,-108.208930969
827.853515625,-108.210403442
827.865905762,-108.210441589
827.865905762,-108.210441589
827.875,-108.211532593
827.896606445,-108.212593079
827.902709961,-108.213378906
827.914794922,-108.214866638
827.936401367,-108.216026306
827.942626953,-108.216743469
827.942687988,-108.215263367
827.957946777,-108.217140198
827.9609375,-108.217514038
827.979431152,-108.219749451
827.988830566,-108.219421387
827.994873047,-108.2215271
827.998046875,-108.221931458
828.04095459,-108.225669861
828.053283691,-108.225654602
828.059326172,-108.226417542
828.062255859,-108.226760864
828.065551758,-108.22568512
828.068664551,-108.226089478
827.805725098,-108.115036011
827.799682617,-108.112876892
827.80871582,-108.112571716
827.796508789,-108.112495422
827.814819336,-108.11479187
827.796386719,-108.111167908
827.811889648,-108.111495972
827.793579102,-108.110771179
827.820983887,-108.116920471
827.81817627,-108.112197876
827.833618164,-108.111167908
827.870117188,-108.118522644
827.870117188,-108.118522644
827.87322998,-108.118881226
827.870422363,-108.112724304
