681.257141113,95.5342941284
681.265930176,95.5364303589
681.252624512,95.5385742188
681.248352051,95.5356826782
681.250305176,95.5384063721
681.268249512,95.537979126
681.268066406,95.5392150879
681.268066406,95.5392150879
681.243835449,95.5338592529
681.272644043,95.5385437012
681.274902344,95.5374908447
681.274658203,95.5436553955
681.274902344,95.5447998047
681.270446777,95.5455169678
681.250366211,95.540802002
681.248046875,95.5393371582
681.243774414,95.5375213623
681.254638672,95.5438308716
681.234741211,95.5425720215
681.232421875,95.5436096191
681.230285645,95.5434265137
681.225708008,95.5429382324
681.228393555,95.532081604
681.228393555,95.532081604
681.226196289,95.5317993164
681.226196289,95.5317993164
681.219482422,95.5311584473
681.215026855,95.5306015015
681.212768555,95.5315093994
681.207946777,95.53956604
681.207946777,95.53956604
681.205810547,95.5393295288
681.203491211,95.5391159058
681.203491211,95.5391159058
681.197143555,95.5297241211
681.192749023,95.5304412842
681.188171387,95.5323867798
681.188171387,95.5323867798
681.186157227,95.528465271
681.174743652,95.5381088257
681.152893066,95.5258102417
681.143920898,95.5271606445
681.150268555,95.5354385376
681.14831543,95.5363616943
681.13482666,95.5274963379
681.134643555,95.5360488892
681.130554199,95.5244903564
681.124023438,95.5249023438
681.110595703,95.5234527588
681.090393066,95.5345535278
681.081420898,95.5323181152
681.070495605,95.530960083
681.063781738,95.5302810669
681.063720703,95.5314712524
681.03729248,95.5307540894
681.030456543,95.5300292969
681.030456543,95.5300292969
681.021728516,95.5180511475
681.021728516,95.5289459229
681.017333984,95.5186920166
681.014892578,95.5184707642
680.992614746,95.5294036865
680.98840332,95.5300140381
680.985900879,95.5298233032
680.979736328,95.5168075562
680.937072754,95.5290145874
680.926330566,95.5155029297
680.926330566,95.5155029297
680.919555664,95.5160140991
680.914978027,95.5288772583
680.915161133,95.5178146362
680.915161133,95.5178146362
680.90411377,95.5178222656
680.90423584,95.5153961182
680.897338867,95.5171051025
680.89276123,95.5287475586
680.888244629,95.5295028687
680.893188477,95.5165100098
680.888671875,95.5160446167
680.886474609,95.5156707764
680.881591797,95.5287246704
680.879699707,95.5161514282
680.881652832,95.529914856
680.879333496,95.5296630859
680.875244141,95.5156707764
680.87298584,95.5154724121
680.861450195,95.5301132202
680.859558105,95.5176239014
680.859680176,95.5163574219
680.857299805,95.5161361694
680.859375,95.5310058594
680.850463867,95.5312194824
680.846191406,95.5159988403
680.846191406,95.517326355
680.844116211,95.5169677734
680.833068848,95.5157165527
680.815246582,95.5161056519
680.814819336,95.5332565308
680.81262207,95.5329971313
680.81262207,95.5329971313
680.808410645,95.5165863037
680.801879883,95.516998291
680.799255371,95.5339050293
680.79309082,95.5171966553
680.79498291,95.5333175659
680.79498291,95.5333175659
680.786315918,95.5188903809
680.786010742,95.5347442627
680.779724121,95.5193252563
680.77734375,95.5202713013
680.774658203,95.5347137451
680.736938477,95.5377197266
680.734924316,95.5374221802
680.734741211,95.5387573242
680.732666016,95.5395965576
680.723937988,95.5215072632
680.688049316,95.545463562
680.676940918,95.5466766357
680.66394043,95.5280151367
680.658874512,95.5495147705
680.652526855,95.5499191284
680.647766113,95.5531616211
680.605895996,95.5360107422
680.581604004,95.540473938
680.516967773,95.5550689697
680.529541016,95.5859832764
680.492370605,95.5633087158
680.489929199,95.5630569458
680.476806641,95.5688247681
680.507080078,95.5969314575
680.467529297,95.5715179443
680.493530273,95.6051864624
680.486877441,95.6044387817
680.489257812,95.6058349609
680.486999512,95.6056365967
680.491394043,95.606048584
680.438537598,95.5815887451
680.468994141,95.615737915
680.46673584,95.6167221069
680.464416504,95.6188735962
680.462097168,95.6236114502
680.459838867,95.6257705688
680.459838867,95.6257705688
680.430358887,95.6505737305
680.371276855,95.6179504395
680.428344727,95.6539840698
680.42590332,95.653717041
680.364562988,95.6220092773
680.407836914,95.6761169434
680.403137207,95.6804962158
680.403137207,95.6804962158
680.337402344,95.6434631348
680.39855957,95.6910247803
680.39855957,95.6910247803
680.39630127,95.691986084
680.394042969,95.6953887939
680.391601562,95.7025146484
680.314819336,95.6665039062
680.389282227,95.7083435059
680.312438965,95.6748199463
680.305419922,95.6826019287
680.384399414,95.7285995483
680.379943848,95.7378768921
680.379699707,95.742805481
680.379760742,95.7452316284
680.278198242,95.7187042236
680.27557373,95.7355804443
680.268615723,95.7482299805
680.268432617,95.7519989014
680.263916016,95.7575302124
680.376342773,95.7951660156
680.376342773,95.7951660156
680.258972168,95.7827606201
680.382507324,95.819190979
680.380249023,95.8225860596
680.384277344,95.8414764404
680.384277344,95.8438720703
680.384277344,95.8450622559
680.25579834,95.8338317871
680.40838623,95.8626174927
680.251037598,95.846786499
680.39251709,95.8754806519
680.405944824,95.8673171997
680.405944824,95.8697433472
680.410461426,95.866569519
680.421630859,95.8617095947
680.392456055,95.8767776489
680.387939453,95.8786468506
680.37890625,95.8825454712
680.425964355,95.8623275757
680.430419922,95.8615570068
680.430297852,95.8639831543
680.430297852,95.8639831543
680.434997559,95.8620376587
680.374572754,95.8880767822
680.445861816,95.8731307983
680.367736816,95.893409729
680.226318359,95.8586807251
680.452453613,95.8701934814
680.221984863,95.8581466675
680.344726562,95.9312896729
680.240783691,95.9094009399
680.234130859,95.9110412598
680.234130859,95.9122772217
680.275817871,95.9319076538
680.278076172,95.9332962036
680.278076172,95.9345397949
680.225341797,95.9100723267
680.218688965,95.9091491699
680.21875,95.9104995728
680.216430664,95.908996582
680.346801758,95.9376983643
680.339904785,95.9418563843
680.196472168,95.9090576172
680.344177246,95.950920105
680.196411133,95.9115524292
680.178710938,95.9107589722
680.12878418,95.8558883667
680.17199707,95.909942627
680.17199707,95.909942627
680.167663574,95.9082717896
680.154296875,95.9067153931
680.11114502,95.8537445068
680.36151123,95.9749526978
680.36151123,95.9749526978
680.29083252,95.965461731
680.290588379,95.9679412842
680.123413086,95.9067382812
680.380981445,95.998085022
680.385314941,96.0010681152
680.400756836,96.0126953125
680.31628418,96.0211868286
680.316101074,96.0224914551
680.315917969,96.0273361206
680.420349121,96.0247802734
680.052185059,95.9082717896
680.424621582,96.0265731812
680.004577637,95.8524932861
680.000305176,95.8506393433
680.032409668,95.9071273804
680.025634766,95.9064788818
680.02142334,95.9059295654
680.019226074,95.9055709839
680.444335938,96.0423736572
680.451171875,96.0393981934
680.451171875,96.0418243408
680.462219238,96.045539856
680.464416504,96.0458450317
679.99041748,95.9034576416
679.990234375,95.9059295654
679.985839844,95.9066848755
679.942687988,95.8476486206
679.93359375,95.8491439819
679.933776855,95.8478546143
679.968200684,95.9057922363
679.925048828,95.8468093872
679.909484863,95.8474349976
679.873962402,95.8458175659
679.81652832,95.8427352905
679.82635498,95.9003219604
679.819580078,95.9008178711
679.797790527,95.898147583
679.673461914,95.8960189819
679.664794922,95.893699646
679.664916992,95.8948669434
679.63269043,95.8372879028
679.631591797,95.8946533203
679.626037598,95.8364486694
679.621643066,95.8359985352
679.626953125,95.8942489624
679.622619629,95.8936767578
679.622619629,95.8936767578
679.605957031,95.8366470337
679.595153809,95.8340682983
679.595947266,95.8942184448
679.557312012,95.834602356
679.550720215,95.8326034546
679.548461914,95.8336410522
679.556396484,95.890838623
679.547241211,95.8910522461
679.542907715,95.8905334473
679.531799316,95.8904190063
679.529663086,95.8901901245
679.510925293,95.8304672241
681.247619629,95.8868179321
681.209594727,95.8873062134
681.202941895,95.8852767944
681.200805664,95.8862686157
681.198608398,95.8846893311
681.198547363,95.8835830688
681.187438965,95.8859558105
681.169799805,95.8850021362
681.248718262,95.9384155273
681.228515625,95.939781189
681.217407227,95.9396820068
681.21295166,95.9391937256
681.201904297,95.9391937256
681.182006836,95.9368286133
681.175231934,95.9385223389
681.159790039,95.9378738403
681.107543945,95.8827362061
681.153076172,95.9383926392
681.144226074,95.9361572266
681.137390137,95.9378051758
681.095336914,95.9389572144
681.07421875,95.8849258423
681.071960449,95.8847503662
681.078735352,95.8805999756
681.076538086,95.8803100586
681.063049316,95.8812255859
681.029785156,95.8798217773
681.013061523,95.9331665039
681.004333496,95.9333648682
680.979797363,95.9329528809
680.979980469,95.934135437
680.966491699,95.9324798584
680.967590332,95.8787918091
680.965332031,95.8796920776
680.958618164,95.878944397
680.958618164,95.878944397
680.958862305,95.8776016235
680.951965332,95.8781738281
680.947631836,95.8776016235
680.938537598,95.8802108765
680.944213867,95.9336547852
680.944213867,95.9336547852
680.93548584,95.9313812256
680.930847168,95.9321670532
680.928833008,95.9306030273
680.922180176,95.9310684204
680.906494141,95.9317855835
680.878662109,95.8769378662
680.850036621,95.8772583008
680.838684082,95.8760757446
680.838745117,95.8747329712
680.810974121,95.9304885864
680.784362793,95.9297714233
680.73449707,95.8724441528
680.732116699,95.8734054565
680.730041504,95.8743133545
680.748779297,95.9268875122
680.709960938,95.8708114624
680.733276367,95.9275360107
680.717712402,95.9269866943
680.715576172,95.9254302979
680.70324707,95.874961853
680.694396973,95.8738937378
680.697998047,95.9222183228
680.69342041,95.9252929688
680.689025879,95.9248123169
680.682312012,95.9252319336
680.665527344,95.8693313599
680.659179688,95.8684844971
680.664550781,95.9231262207
680.641174316,95.8689346313
680.644836426,95.9122314453
680.644836426,95.9122314453
680.64263916,95.9082870483
680.623596191,95.868019104
680.636108398,95.9002227783
680.633972168,95.8999633789
680.618530273,95.8920974731
680.616271973,95.8893737793
680.611938477,95.8888168335
680.585693359,95.8686141968
680.585693359,95.8686141968
680.576782227,95.8675079346
680.565734863,95.866317749
680.5546875,95.8662109375
