682.817626953,95.7970352173
682.82409668,95.7978439331
682.826599121,95.798034668
682.833068848,95.7988739014
682.815124512,95.8053817749
682.817626953,95.7970352173
682.837463379,95.7994155884
682.808349609,95.8058395386
682.810668945,95.806137085
682.819458008,95.8071670532
682.819458008,95.8071670532
682.82409668,95.8076171875
682.830749512,95.8084335327
682.843994141,95.8099517822
682.790893555,95.7963485718
682.788574219,95.7960586548
682.855041504,95.8112487793
682.772827148,95.7942733765
682.772827148,95.7942733765
682.759521484,95.8012313843
682.748168945,95.8013000488
682.739318848,95.800239563
682.717041016,95.7878036499
682.710327148,95.7980957031
682.708129883,95.7978744507
682.696960449,95.7977752686
682.694763184,95.7975463867
682.685974121,95.7854003906
682.623413086,95.7819824219
682.621276855,95.7816467285
682.609985352,95.7925643921
682.609985352,95.7925643921
682.607666016,95.7899017334
682.608154297,95.7800674438
682.598693848,95.791305542
682.571960449,95.7906188965
682.560913086,95.7783050537
682.532043457,95.7761611938
682.532043457,95.7761611938
682.538452148,95.7904129028
682.507507324,95.7757568359
682.507507324,95.7757568359
682.485046387,95.7756576538
682.473999023,95.7755279541
682.467224121,95.7748184204
682.451782227,95.775390625
682.442687988,95.7756347656
682.436096191,95.777305603
682.440429688,95.7888259888
682.427185059,95.7763061523
682.427062988,95.7775344849
682.426879883,95.7897415161
682.420410156,95.7755584717
682.420410156,95.7755584717
682.420410156,95.7755584717
682.359863281,95.791847229
682.357666016,95.7928237915
682.346557617,95.7768249512
682.326721191,95.7769851685
682.32208252,95.7776260376
682.32208252,95.7776260376
682.297241211,95.7956390381
682.297119141,95.7968292236
682.297119141,95.7968292236
682.29486084,95.7978744507
682.29486084,95.7978744507
682.237182617,95.7825469971
682.236999512,95.783744812
682.225952148,95.7837219238
682.221679688,95.78565979
682.219360352,95.7841033936
682.210388184,95.7868270874
682.205932617,95.7862701416
682.203613281,95.788482666
682.203613281,95.7860183716
682.212097168,95.8067169189
682.209777832,95.808921814
682.196838379,95.7889785767
682.194702148,95.7887115479
682.200866699,95.8103103638
682.200866699,95.8103103638
682.194213867,95.8107299805
682.187927246,95.7879333496
682.174438477,95.7900695801
682.163330078,95.7923583984
682.167236328,95.8162307739
682.160644531,95.8167572021
682.156188965,95.8197937012
682.136657715,95.7977981567
682.147277832,95.8200531006
682.147277832,95.8200531006
682.144958496,95.8222885132
682.127624512,95.7980575562
682.125244141,95.8002700806
682.123168945,95.7987747192
682.142700195,95.8219223022
682.120849609,95.7997207642
682.116333008,95.7991638184
682.114196777,95.8002090454
682.131347656,95.825668335
682.131347656,95.825668335
682.126953125,95.8250656128
682.122436523,95.8282394409
682.117980957,95.8301544189
682.082763672,95.8064498901
682.064758301,95.8116912842
682.081848145,95.8420028687
682.072998047,95.8434066772
682.044616699,95.8167495728
682.040161133,95.8199310303
682.035705566,95.8193817139
682.026733398,95.8256530762
682.055053711,95.8523712158
682.050537109,95.8543548584
682.004272461,95.8304138184
682.046020508,95.8562927246
682.041503906,95.8581924438
682.041320801,95.8594970703
682.001831055,95.8302536011
681.999755859,95.8312301636
682.018981934,95.8702697754
682.018798828,95.8714981079
682.014343262,95.872215271
681.970336914,95.8437576294
681.965881348,95.8457336426
682.005371094,95.881111145
681.956848145,95.8519821167
681.956848145,95.8519821167
681.952270508,95.8503723145
681.985107422,95.8934631348
681.982666016,95.8981323242
681.911621094,95.8726882935
681.911621094,95.8726882935
681.909423828,95.8748779297
681.907348633,95.8770141602
681.959838867,95.9200439453
681.90045166,95.8799438477
681.904907227,95.8840789795
681.89831543,95.8821716309
681.955444336,95.9245071411
681.895996094,95.8854751587
681.955200195,95.926902771
681.891357422,95.8875198364
681.950927734,95.9263076782
681.880004883,95.8972549438
681.877868652,95.8982009888
681.944030762,95.9353790283
681.944030762,95.9353790283
681.866455078,95.9091796875
681.859558105,95.9170532227
681.927429199,95.9704055786
681.927734375,95.9716262817
681.836608887,95.9475326538
681.836608887,95.9475326538
681.922607422,95.9883422852
681.834472656,95.9484710693
681.831848145,95.9580993652
681.827514648,95.9599761963
681.825012207,95.9634094238
681.822814941,95.9692687988
681.820678711,95.9677429199
681.917785645,96.0122909546
681.919128418,96.0555267334
681.918945312,96.0579681396
681.796875,96.0339508057
681.801086426,96.0405654907
681.920898438,96.0742034912
681.794189453,96.0593948364
681.791870117,96.0591964722
681.793640137,96.0741958618
681.798095703,96.079574585
681.798095703,96.079574585
681.798217773,96.0819625854
681.798095703,96.0844345093
681.927062988,96.108039856
681.926879883,96.1093444824
681.791137695,96.0983505249
681.791015625,96.1008911133
681.9375,96.1290130615
681.944519043,96.1212387085
681.953308105,96.1270599365
681.951171875,96.1220550537
681.95324707,96.1247329712
681.953308105,96.1235046387
681.924133301,96.1409759521
681.955444336,96.1250686646
681.959960938,96.123046875
681.964477539,96.1235580444
681.96685791,96.1213378906
681.917175293,96.1438293457
681.783935547,96.1135940552
681.908081055,96.1538619995
681.759399414,96.118057251
681.743896484,96.1174850464
681.898986816,96.1650390625
681.898986816,96.1650390625
681.894287109,96.1719818115
681.892089844,96.1741790771
681.894287109,96.1743469238
681.889648438,96.1763916016
681.889343262,96.1910629272
681.771606445,96.1736679077
681.887023926,96.1993484497
681.731323242,96.1738967896
681.735900879,96.174369812
681.722595215,96.1740646362
681.716003418,96.1744766235
681.702636719,96.1728820801
681.702514648,96.1741104126
681.697998047,96.1736297607
681.645812988,96.1159591675
681.891113281,96.2134628296
681.895385742,96.227432251
681.901855469,96.2368240356
681.657897949,96.1738891602
681.895019531,96.2421340942
681.895019531,96.2421340942
681.903991699,96.2443771362
681.633361816,96.1734619141
681.628967285,96.1741790771
681.583374023,96.1135559082
681.578979492,96.1142807007
681.90612793,96.2483291626
681.839172363,96.2516098022
681.839172363,96.2516098022
681.617736816,96.174118042
681.916931152,96.2582778931
681.84564209,96.259803772
681.850036621,96.2627563477
681.602111816,96.1711044312
681.59765625,96.1705856323
681.608825684,96.1730499268
681.550048828,96.1133651733
681.541137695,96.1122894287
681.577636719,96.168258667
681.92590332,96.2617416382
681.849914551,96.2652206421
681.84765625,96.2685699463
681.575561523,96.1679611206
681.571166992,96.1675033569
681.573425293,96.1700973511
681.553283691,96.1715393066
681.550964355,96.1711654663
681.516418457,96.1131820679
681.546508789,96.1708221436
681.92767334,96.2780151367
681.932250977,96.2760696411
681.92755127,96.2816772461
681.925476074,96.282585144
681.93927002,96.2731170654
681.514404297,96.1116790771
681.524169922,96.1706161499
681.936706543,96.2839584351
681.938842773,96.2841033936
681.936401367,96.2900314331
681.494384766,96.1130065918
681.49206543,96.1115112305
681.487609863,96.1122283936
681.938598633,96.2951965332
681.474182129,96.1131057739
681.467468262,96.112411499
681.473144531,96.1694793701
681.46862793,96.1702651978
681.44744873,96.1112976074
681.443054199,96.111831665
681.453125,96.167175293
681.446350098,96.165145874
681.428527832,96.1655578613
681.426330566,96.1665725708
681.415283203,96.1676635742
681.417602539,96.1690826416
681.391906738,96.1120681763
681.358459473,96.1094207764
681.358520508,96.1081848145
681.347351074,96.1093826294
681.338439941,96.1082763672
681.316345215,96.1069793701
681.307189941,96.1096038818
681.312744141,96.1655960083
681.282897949,96.1079483032
681.277099609,96.1638870239
681.252563477,96.1646957397
681.202575684,96.1035461426
681.205810547,96.1641693115
681.175964355,96.1053390503
681.180480957,96.1034164429
681.181640625,96.1624450684
681.156005859,96.1017990112
681.172546387,96.1626739502
681.163574219,96.1629257202
681.143615723,96.1580734253
681.143432617,96.1606140137
681.122558594,96.1027603149
681.122558594,96.1027603149
681.122680664,96.1003341675
681.139099121,96.1575546265
681.134765625,96.1583099365
681.134765625,96.1583099365
681.130126953,96.1602859497
681.127929688,96.1612625122
681.101196289,96.1606063843
681.090148926,96.1568527222
681.085876465,96.1575317383
681.081298828,96.1594772339
681.079101562,96.1592559814
682.84173584,96.1383743286
682.84161377,96.1420669556
682.848205566,96.1428909302
682.852722168,96.1397094727
682.852722168,96.1397094727
682.825927734,96.140296936
682.82598877,96.1390609741
682.823791504,96.1411972046
682.819091797,96.1432113647
682.819091797,96.1432113647
682.788024902,96.1383132935
682.783508301,96.1390304565
682.779052734,96.1385040283
682.856018066,96.1943130493
682.754516602,96.1381225586
682.838195801,96.1946258545
682.818237305,96.1935653687
682.806945801,96.192237854
682.80255127,96.1929092407
682.809387207,96.1937484741
682.738952637,96.1374664307
682.778137207,96.1937866211
682.775756836,96.1935195923
682.727661133,96.1387023926
682.727783203,96.1374359131
682.698852539,96.1388778687
682.715332031,96.1901931763
682.704528809,96.1876068115
682.706542969,96.1916427612
682.690734863,96.1910324097
682.657348633,96.1932678223
682.652770996,96.1927490234
682.632629395,96.1928405762
682.632751465,96.1940460205
682.630615234,96.1925582886
682.56451416,96.1381225586
682.544555664,96.1358261108
682.542236328,96.1355285645
682.547851562,96.1903457642
682.530029297,96.1883087158
682.48638916,96.1339416504
682.479797363,96.1343917847
682.4375,96.1331558228
682.402832031,96.1858139038
682.368286133,96.1312789917
682.396057129,96.1873703003
682.391601562,96.1857223511
682.389343262,96.1877822876
682.387145996,96.1888275146
682.350341797,96.1316452026
682.346008301,96.1323547363
682.343505859,96.133392334
682.346008301,96.1310501099
682.341308594,96.1354980469
682.36920166,96.1880187988
682.347045898,96.1865539551
682.321228027,96.1355895996
682.340209961,96.1883239746
682.316833496,96.1314849854
682.308044434,96.1303710938
682.308044434,96.1303710938
682.305786133,96.1313476562
682.285705566,96.1315078735
682.281311035,96.1309890747
682.261169434,96.1298141479
682.254394531,96.1302642822
682.275512695,96.1857223511
682.250915527,96.185333252
682.200805664,96.1277923584
682.233154297,96.1844558716
682.18762207,96.1273803711
682.178588867,96.1276321411
682.178588867,96.1276321411
682.206420898,96.1849365234
682.206176758,96.1935195923
682.169006348,96.1572570801
682.164733887,96.1530227661
682.16027832,96.1512374878
682.158508301,96.127746582
682.155822754,96.1483688354
682.153686523,96.1444091797
682.149475098,96.1413803101
682.143005371,96.125869751
682.144775391,96.1421356201
