829.780334473,-108.566146851
829.786499023,-108.565490723
829.795715332,-108.565170288
829.789916992,-108.55721283
829.801879883,-108.564430237
829.801879883,-108.562980652
829.808349609,-108.562294006
829.838989258,-108.567405701
829.84185791,-108.572135925
829.860534668,-108.57144165
829.860534668,-108.57144165
829.881958008,-108.576911926
829.88861084,-108.566169739
829.88861084,-108.566169739
830.084716797,-108.602783203
830.060913086,-108.586860657
830.061157227,-108.583984375
830.05847168,-108.57497406
830.052062988,-108.57711792
830.135803223,-108.577026367
830.15411377,-108.582069397
830.15411377,-108.580680847
830.15411377,-108.580680847
829.718933105,-108.555877686
829.721862793,-108.556274414
829.718994141,-108.553001404
829.725097656,-108.553703308
829.709533691,-108.553344727
829.722045898,-108.551948547
829.719482422,-108.542938232
829.688476562,-108.544967651
829.688598633,-108.540718079
829.974243164,-108.585151672
829.98651123,-108.585212708
829.974731445,-108.577911377
829.989868164,-108.585533142
829.989929199,-108.584121704
829.999328613,-108.582336426
829.996337891,-108.579101562
829.99621582,-108.577690125
830.283691406,-108.591911316
830.299316406,-108.592300415
830.305358887,-108.593032837
830.311645508,-108.593788147
830.33001709,-108.594596863
828.893920898,-108.414794922
828.918579102,-108.417739868
828.918579102,-108.417739868
829.306152344,-108.454223633
829.318725586,-108.452720642
829.294189453,-108.445510864
829.281616211,-108.446968079
829.278808594,-108.442253113
829.275756836,-108.441947937
829.260375977,-108.440101624
829.263671875,-108.436096191
829.260498047,-108.437080383
829.245117188,-108.43674469
829.239074707,-108.433128357
829.235961914,-108.434242249
829.264099121,-108.42464447
829.239196777,-108.430259705
829.23614502,-108.428443909
829.229980469,-108.427749634
829.226989746,-108.428726196
829.227050781,-108.427314758
829.276550293,-108.424613953
829.233520508,-108.420837402
829.208740234,-108.420852661
829.202636719,-108.420082092
829.202392578,-108.422950745
829.199462891,-108.418273926
829.193237305,-108.420341492
829.19317627,-108.421859741
829.190307617,-108.417182922
829.184143066,-108.419250488
829.181152344,-108.416061401
829.534118652,-108.474365234
829.540222168,-108.475021362
829.31036377,-108.428672791
829.313415527,-108.429031372
830.138183594,-108.528038025
830.141052246,-108.528434753
829.368835449,-108.434280396
829.381164551,-108.434318542
829.513671875,-108.447219849
829.519897461,-108.446495056
829.498291016,-108.44405365
829.566101074,-108.450706482
829.572143555,-108.451454163
829.593811035,-108.452583313
829.649047852,-108.459259033
829.652160645,-108.459587097
829.639892578,-108.456672668
829.664428711,-108.461135864
829.670532227,-108.461883545
829.677001953,-108.459632874
829.686401367,-108.4608078
829.689208984,-108.461135864
829.692260742,-108.461494446
829.695373535,-108.463340759
829.698486328,-108.462287903
829.701477051,-108.464065552
830.42199707,-108.552017212
830.44342041,-108.554626465
831.103271484,-108.633865356
831.103515625,-108.632339478
831.106750488,-108.631286621
831.103637695,-108.629516602
831.097412109,-108.627357483
831.103759766,-108.625190735
831.100830078,-108.624816895
829.772399902,-108.469612122
829.778564453,-108.470443726
829.784729004,-108.469711304
829.787780762,-108.471572876
829.790893555,-108.470474243
829.806213379,-108.472358704
829.815612793,-108.473381042
829.904907227,-108.481277466
829.920349121,-108.483055115
829.9296875,-108.482727051
829.9296875,-108.482727051
829.960449219,-108.485038757
829.972717285,-108.486564636
829.994445801,-108.487609863
830.000427246,-108.4897995
830.012939453,-108.489845276
830.015930176,-108.490219116
830.043823242,-108.493553162
830.040710449,-108.491767883
830.817016602,-108.586425781
830.829467773,-108.586494446
830.06829834,-108.495117188
830.074707031,-108.495796204
830.074707031,-108.495796204
830.096130371,-108.496925354
830.111450195,-108.500228882
830.133239746,-108.50138855
830.151550293,-108.503623962
830.154907227,-108.502510071
830.166931152,-108.50402832
830.194702148,-108.507354736
830.210266113,-108.507827759
830.231994629,-108.508872986
830.250366211,-108.512588501
830.253356934,-108.512947083
830.271911621,-108.513694763
830.271911621,-108.513694763
830.284179688,-108.513771057
830.305908203,-108.516265869
830.318237305,-108.517829895
831.052001953,-108.607307434
831.055053711,-108.60773468
831.046020508,-108.60370636
831.04284668,-108.603347778
831.030517578,-108.603271484
830.41394043,-108.526390076
830.416931152,-108.526779175
830.429321289,-108.528266907
830.43548584,-108.527565002
830.444763184,-108.528694153
830.447875977,-108.530487061
830.497192383,-108.53352356
830.500305176,-108.533912659
830.512573242,-108.535362244
830.55267334,-108.538726807
830.558898926,-108.539459229
830.562072754,-108.538414001
830.565185547,-108.538734436
830.568054199,-108.540542603
830.571411133,-108.539505005
830.577453613,-108.540229797
830.61138916,-108.544311523
830.608398438,-108.542533875
830.602172852,-108.541877747
830.633178711,-108.545516968
830.636169434,-108.545799255
830.6640625,-108.547660828
830.676391602,-108.547782898
830.682373047,-108.54990387
830.68560791,-108.548881531
830.694824219,-108.549957275
830.700927734,-108.552078247
830.707214355,-108.551460266
830.70715332,-108.552909851
830.719421387,-108.552978516
830.719421387,-108.552978516
830.72869873,-108.553993225
830.750366211,-108.555221558
830.756591797,-108.555976868
830.768981934,-108.557395935
830.790405273,-108.55859375
830.796630859,-108.559356689
830.79675293,-108.557861328
830.812255859,-108.559669495
830.815124512,-108.560127258
830.833862305,-108.562286377
830.843078613,-108.562026978
830.849182129,-108.564178467
830.852233887,-108.564552307
830.907775879,-108.568367004
830.914123535,-108.56905365
830.917236328,-108.569442749
830.920349121,-108.568336487
830.923461914,-108.568687439
830.929626465,-108.569488525
830.932556152,-108.571342468
830.978881836,-108.573883057
830.991333008,-108.575469971
831.000610352,-108.575141907
831.107421875,-108.548751831
831.098449707,-108.544715881
831.107666016,-108.543022156
831.095214844,-108.543045044
831.092224121,-108.541213989
831.089050293,-108.542274475
831.092346191,-108.538269043
830.658935547,-108.458724976
830.658996582,-108.457344055
830.66796875,-108.459892273
830.66217041,-108.454795837
830.668212891,-108.456962585
830.649780273,-108.453277588
830.665161133,-108.453765869
830.646789551,-108.452957153
830.674255371,-108.459114075
830.687133789,-108.453437805
830.69317627,-108.454162598
830.732971191,-108.463287354
830.742431641,-108.46295166
830.745544434,-108.461853027
830.754760742,-108.461555481
830.754760742,-108.461555481
831.053588867,-108.504623413
831.053466797,-108.503204346
831.05090332,-108.499885559
831.047851562,-108.499488831
831.047729492,-108.49811554
831.044555664,-108.496292114
831.035400391,-108.498046875
831.038696289,-108.494117737
831.038696289,-108.494117737
831.038818359,-108.492668152
831.029174805,-108.49445343
831.026184082,-108.492630005
831.026428223,-108.491172791
831.026550293,-108.489761353
831.115539551,-108.509140015
831.118774414,-108.506660461
