1634.58825684,597.119445801
1634.57763672,597.11895752
1634.59033203,597.129333496
1634.59228516,597.135986328
1634.15490723,597.011413574
1634.15527344,597.014648438
1634.15844727,597.027954102
1633.66650391,596.848327637
1633.65698242,596.850952148
1633.65759277,596.854248047
1633.68127441,596.86529541
1633.67028809,596.864807129
1633.67028809,596.864807129
1633.66650391,596.848327637
1635.95300293,597.669494629
1635.96435547,597.673278809
1634.17822266,597.067993164
1634.19250488,597.085144043
1634.19848633,597.11151123
1634.21386719,597.131958008
1635.43884277,597.57635498
1635.42749023,597.575683594
1635.38256836,597.563537598
1634.98803711,597.444458008
1634.99987793,597.448242188
1635.01135254,597.452331543
1635.03381348,597.459899902
1635.0567627,597.467712402
1635.08044434,597.478759766
1635.08044434,597.478759766
1635.15966797,597.50592041
1635.09716797,597.50579834
1635.1817627,597.510253906
1635.20556641,597.521362305
1635.16467285,597.525695801
1635.17578125,597.529602051
1635.22729492,597.525756836
1635.14172363,597.518066406
1635.1081543,597.509643555
1635.11975098,597.513549805
1635.06274414,597.494140625
1635.14233398,597.521179199
1635.4675293,597.610717773
1635.47973633,597.617736816
1635.4901123,597.618408203
1635.44604492,597.609375
1635.51281738,597.626037598
1635.42321777,597.60168457
1635.38964844,597.593383789
1635.36584473,597.579040527
1634.6739502,597.352478027
1634.68469238,597.356323242
1634.90490723,597.446411133
1634.89416504,597.445922852
1634.8717041,597.438232422
1634.85974121,597.434265137
1634.96191406,597.465881348
1634.96191406,597.465881348
1634.79248047,597.414367676
1634.78186035,597.413574219
1634.77075195,597.409912109
1634.75939941,597.406005859
1634.12817383,597.215454102
1634.140625,597.22265625
1634.07214355,597.199279785
1634.03808594,597.187683105
1634.23083496,597.250427246
1633.82446289,597.124206543
1633.84741211,597.131835938
1633.77990723,597.111938477
1633.63366699,597.06817627
1633.6451416,597.07208252
1633.65612793,597.075927734
1633.54333496,597.040649414
1633.49853516,597.028259277
1633.44287109,597.012329102
1633.44287109,597.012329102
1633.34118652,596.980773926
1633.3638916,596.988525391
1633.29650879,596.968566895
1633.20629883,596.940795898
1633.13891602,596.920898438
1633.08276367,596.904907227
1632.0057373,596.586669922
1631.9609375,596.574401855
1631.8939209,596.554504395
1631.82653809,596.534667969
1631.78137207,596.519287109
1631.64648438,596.479492188
1631.68054199,596.491088867
1631.61328125,596.471130371
1631.59020996,596.463317871
1633.24121094,597.047119141
1633.17468262,597.030639648
1633.15161133,597.019470215
1633.08398438,596.999450684
1633.07250977,596.995544434
1630.03186035,595.996154785
1630.02172852,595.995727539
1629.94262695,595.971923828
1629.88684082,595.955871582
1629.87512207,595.948913574
1629.85375977,595.944458008
1629.18457031,595.710571289
1629.17541504,595.716430664
1629.13183594,595.707763672
1629.09790039,595.696166992
1629.09790039,595.696166992
1629.08789062,595.698852539
1629.07775879,595.698242188
1629.05651855,595.697143555
1629.640625,595.881164551
1628.9342041,595.664672852
1628.95690918,595.672363281
1628.95751953,595.675598145
1628.96826172,595.676269531
1628.96887207,595.67956543
1637.67687988,598.942565918
1637.54211426,598.905822754
1637.68896484,598.995544434
1637.48583984,598.889648438
1637.48583984,598.889648438
1637.50927734,598.946411133
1637.38452148,598.86114502
1637.38452148,598.86114502
1637.3182373,598.847717285
1637.3182373,598.847717285
1637.27429199,598.838928223
1637.23840332,598.820556641
1637.1496582,598.799438477
1637.1159668,598.791015625
1637.06054688,598.778198242
1636.95935059,598.749694824
1636.93615723,598.741943359
1636.98388672,598.809936523
1636.95019531,598.801513672
1636.91699219,598.793151855
1636.66833496,598.671813965
1636.70373535,598.735839844
1636.68041992,598.724853516
1636.67041016,598.727600098
1636.61645508,598.721191406
1636.61645508,598.721191406
1636.59375,598.713439941
1636.43835449,598.678894043
1636.18896484,598.554321289
1636.29516602,598.648254395
1636.26220703,598.643310547
1635.94641113,598.501831055
1635.85778809,598.483947754
1636.04174805,598.598388672
1635.98632812,598.585632324
1635.76989746,598.466186523
1635.91772461,598.559143066
1635.703125,598.44934082
1635.85498047,598.562316895
1635.63696289,598.435974121
1635.53735352,598.414245605
1635.51525879,598.409973145
1635.65820312,598.528625488
1635.47131348,598.400756836
1635.4395752,598.399169922
1635.27697754,598.377197266
1635.27563477,598.370605469
1635.41821289,598.489501953
1635.40881348,598.4921875
1635.38671875,598.487670898
1635.38671875,598.487670898
1635.17712402,598.352233887
1635.08935547,598.337646484
1635.00305176,598.326538086
1635.21459961,598.471801758
1634.71105957,598.287780762
1634.63757324,598.287109375
1634.62597656,598.283203125
1634.60327148,598.275390625
1635.00097656,598.453674316
1634.55993652,598.269775391
1634.55993652,598.269775391
1634.91699219,598.452331543
1634.52832031,598.268066406
1634.52893066,598.27130127
1634.87463379,598.450012207
1634.4654541,598.267883301
1634.83190918,598.447937012
1634.82202148,598.450561523
1634.39245605,598.270507812
1634.71411133,598.438049316
1634.62243652,598.449523926
1634.63378906,598.453308105
1634.18835449,598.249511719
1634.50915527,598.456359863
1634.0736084,598.249938965
1634.06408691,598.252685547
1634.05187988,598.248657227
1634.00073242,598.252441406
1634.43798828,598.46875
1633.9473877,598.249511719
1633.90649414,598.25390625
1633.88928223,598.269226074
1633.88928223,598.269226074
1633.87890625,598.268554688
1633.83691406,598.269714355
1633.82177734,598.29498291
1633.7935791,598.263977051
1633.78430176,598.266784668
1633.77514648,598.272949219
1633.77709961,598.282775879
