638.285400391,-130.88041687
638.295288086,-130.881027222
638.297180176,-130.881484985
637.674804688,-130.677963257
637.684570312,-130.679763794
637.686462402,-130.680145264
637.747436523,-130.672866821
637.737792969,-130.668777466
637.747436523,-130.672866821
637.74029541,-130.664596558
637.738037109,-130.665328979
637.733947754,-130.669250488
637.765869141,-130.669403076
637.785522461,-130.673065186
637.787475586,-130.673400879
637.79095459,-130.678710938
637.793212891,-130.675720215
637.80480957,-130.680221558
637.803283691,-130.676467896
637.806945801,-130.679397583
637.807373047,-130.675964355
637.810546875,-130.683517456
637.812683105,-130.68397522
637.82232666,-130.685806274
637.836242676,-130.687255859
637.840148926,-130.687988281
637.840576172,-130.685638428
637.840576172,-130.685638428
637.845947266,-130.689117432
637.854248047,-130.688201904
637.854248047,-130.685958862
637.854492188,-130.684799194
637.857971191,-130.689056396
637.856628418,-130.684082031
637.865844727,-130.691635132
637.883728027,-130.692703247
637.884033203,-130.691452026
637.887573242,-130.694503784
637.887695312,-130.693435669
637.885925293,-130.690795898
637.888000488,-130.689910889
637.899414062,-130.696777344
637.892333984,-130.688293457
637.903564453,-130.696350098
637.903564453,-130.694107056
637.905639648,-130.694396973
637.913818359,-130.692474365
637.919250488,-130.699310303
637.925537109,-130.695907593
637.925231934,-130.699234009
637.927185059,-130.699645996
637.93359375,-130.696090698
637.93572998,-130.694229126
637.943054199,-130.702514648
637.941650391,-130.696456909
637.943603516,-130.69682312
637.946960449,-130.703262329
637.946960449,-130.703262329
637.949279785,-130.699081421
637.947570801,-130.697570801
637.949645996,-130.696746826
637.951599121,-130.69720459
637.951599121,-130.69720459
637.961242676,-130.699005127
637.965087891,-130.702026367
637.963012695,-130.702835083
637.966918945,-130.702468872
637.95892334,-130.703231812
637.968688965,-130.705108643
637.97857666,-130.706954956
638.012756348,-130.706329346
638.014648438,-130.707870483
638.016662598,-130.708206177
638.018432617,-130.709671021
638.018554688,-130.708633423
638.062133789,-130.715545654
638.06451416,-130.710067749
638.068359375,-130.712081909
638.074035645,-130.71546936
638.070373535,-130.711334229
638.07244873,-130.71055603
638.07598877,-130.71585083
638.078491211,-130.711624146
638.080200195,-130.713134766
638.08203125,-130.713500977
638.086120605,-130.714248657
638.082519531,-130.710098267
638.086364746,-130.711898804
638.094482422,-130.711090088
638.096374512,-130.712631226
638.098083496,-130.715301514
638.098083496,-130.716445923
638.097717285,-130.71762085
638.099853516,-130.716812134
638.099853516,-130.716812134
638.102172852,-130.713729858
638.109863281,-130.717529297
638.114013672,-130.717086792
638.116088867,-130.715255737
638.122009277,-130.717453003
638.127563477,-130.720870972
638.130187988,-130.715454102
638.141967773,-130.718811035
638.144104004,-130.716934204
638.147827148,-130.720993042
638.151489258,-130.723022461
638.153503418,-130.722229004
638.157714844,-130.720596313
638.15814209,-130.717193604
637.562988281,-130.635910034
637.555114746,-130.633346558
637.571044922,-130.634017944
637.567382812,-130.63092041
637.563659668,-130.629165649
637.574768066,-130.637008667
637.559875488,-130.62713623
637.571655273,-130.630493164
637.576782227,-130.638534546
637.567749023,-130.628677368
637.550170898,-130.624191284
637.590454102,-130.641098022
637.590454102,-130.641098022
637.593261719,-130.633468628
637.527709961,-130.627075195
637.602600098,-130.638763428
637.602600098,-130.638763428
637.606994629,-130.637176514
637.528747559,-130.617874146
637.522888184,-130.617828369
637.522888184,-130.617828369
637.521972656,-130.625869751
637.519775391,-130.625549316
637.614868164,-130.638778687
637.518798828,-130.617126465
637.517028809,-130.615646362
637.512145996,-130.622909546
637.515319824,-130.614074707
637.620300293,-130.642059326
637.624389648,-130.641616821
637.624389648,-130.641616821
637.625671387,-130.647735596
637.506286621,-130.620666504
637.504333496,-130.621490479
637.504455566,-130.620254517
637.503295898,-130.611907959
637.489685059,-130.608200073
637.479248047,-130.61315918
637.476928711,-130.614059448
637.476928711,-130.614059448
637.477172852,-130.612884521
637.480041504,-130.605163574
637.478088379,-130.603683472
637.478088379,-130.603683472
637.476318359,-130.603271484
637.471130371,-130.612930298
637.459655762,-130.608444214
637.455627441,-130.607650757
637.447814941,-130.606109619
637.446899414,-130.595535278
637.444091797,-130.604278564
637.444091797,-130.604278564
637.39642334,-130.580184937
637.384887695,-130.575668335
637.378967285,-130.574554443
637.370178223,-130.5834198
637.375366211,-130.57270813
637.363647461,-130.569335938
637.351989746,-130.564804077
637.331604004,-130.569152832
637.327514648,-130.568435669
637.332641602,-130.557723999
637.325012207,-130.555099487
637.317626953,-130.566604614
637.315795898,-130.566223145
637.302124023,-130.546020508
637.257751465,-130.528442383
637.246337891,-130.541488647
637.248168945,-130.524353027
637.242553711,-130.539581299
637.244384766,-130.523544312
637.209838867,-130.525375366
637.215698242,-130.509963989
637.209838867,-130.507781982
637.208068848,-130.524978638
637.208068848,-130.524978638
637.200256348,-130.503677368
637.198547363,-130.502075195
637.185424805,-130.494934082
637.16986084,-130.488601685
637.156311035,-130.503555298
637.166320801,-130.485458374
637.158630371,-130.481781006
637.141052246,-130.496017456
637.141052246,-130.496017456
637.154846191,-130.479858398
637.131652832,-130.490692139
637.11895752,-130.45916748
637.087768555,-130.469589233
637.085998535,-130.467071533
637.08392334,-130.467773438
637.072631836,-130.462173462
637.079589844,-130.43421936
637.051879883,-130.450088501
637.066589355,-130.42364502
637.062683105,-130.422851562
637.038635254,-130.441726685
637.058898926,-130.420974731
637.057556152,-130.416030884
637.029602051,-130.43309021
637.02722168,-130.435012817
637.012451172,-130.425170898
637.033752441,-130.395217896
637.031677246,-130.393722534
637.026306152,-130.389205933
636.993774414,-130.412307739
636.99395752,-130.41003418
636.992004395,-130.410797119
636.980834961,-130.401687622
636.981140137,-130.399398804
636.978942871,-130.40020752
636.967834473,-130.39225769
637.006103516,-130.371307373
636.954956055,-130.38168335
636.951171875,-130.379837036
636.945678711,-130.375213623
636.925537109,-130.356338501
636.979675293,-130.338363647
636.969177246,-130.323501587
636.962402344,-130.311752319
636.896728516,-130.326293945
636.896728516,-130.326293945
636.958740234,-130.308685303
636.95715332,-130.304916382
636.885925293,-130.316116333
636.957641602,-130.301483154
636.948974609,-130.285964966
636.947692871,-130.280975342
636.947692871,-130.280975342
636.946044922,-130.277191162
636.944335938,-130.275650024
636.944702148,-130.270996094
636.93963623,-130.261962891
636.936828613,-130.233291626
636.933044434,-130.231430054
636.836914062,-130.231033325
636.93572998,-130.224945068
636.833618164,-130.224533081
636.936645508,-130.214645386
636.832702637,-130.213912964
636.93560791,-130.206222534
636.936157227,-130.202758789
636.826843262,-130.176498413
636.935058594,-130.174621582
636.93548584,-130.171081543
636.823425293,-130.171142578
636.819030762,-130.156311035
636.819458008,-130.15171814
636.822265625,-130.144073486
636.822265625,-130.144073486
636.8203125,-130.14263916
636.8203125,-130.14263916
636.950195312,-130.144775391
636.950500488,-130.143493652
636.819885254,-130.128433228
636.820373535,-130.123794556
636.952758789,-130.14050293
636.957092285,-130.136672974
636.955749512,-130.13168335
636.827087402,-130.099395752
636.96685791,-130.119827271
636.965454102,-130.114837646
636.827636719,-130.093688965
636.827758789,-130.092514038
636.827758789,-130.092514038
636.967468262,-130.114074707
636.826843262,-130.08303833
636.981872559,-130.093307495
636.837097168,-130.059280396
636.835205078,-130.058837891
636.837585449,-130.056930542
636.840087891,-130.051605225
636.840637207,-130.047103882
637.014648438,-130.086532593
637.031738281,-130.09336853
637.037414551,-130.096725464
637.037109375,-130.0990448
637.046813965,-130.101928711
636.821105957,-130.005950928
637.062194824,-130.108322144
637.062194824,-130.108322144
637.071777344,-130.112503052
637.07434082,-130.049942017
637.047302246,-130.022644043
637.049560547,-130.020721436
637.089294434,-130.118118286
636.901855469,-129.961471558
637.112731934,-130.066390991
637.120300293,-130.070175171
637.120300293,-130.070175171
636.877319336,-129.966278076
636.90423584,-129.956237793
636.90435791,-129.955032349
637.057067871,-130.006866455
636.859863281,-129.958465576
636.842102051,-129.956268311
636.846496582,-129.953475952
636.913146973,-129.949554443
636.914978027,-129.949951172
636.917236328,-129.946853638
636.915222168,-129.94543457
637.075805664,-130.001037598
636.826782227,-129.951034546
636.820861816,-129.951034546
636.828979492,-129.94909668
636.913757324,-129.942703247
637.07989502,-129.998275757
637.144775391,-130.141342163
637.096862793,-129.989822388
637.1875,-130.097961426
637.196899414,-130.103149414
637.196899414,-130.103149414
637.100585938,-129.975189209
637.102172852,-129.977890015
637.108093262,-129.979003906
637.112182617,-129.978607178
637.112304688,-129.977523804
637.246704102,-130.125305176
637.25012207,-130.129562378
637.252441406,-130.128723145
637.259887695,-130.131378174
637.263916016,-130.132110596
637.265869141,-130.133636475
637.246459961,-130.182556152
637.284912109,-130.141876221
637.286621094,-130.145706177
637.290466309,-130.146362305
637.26385498,-130.189407349
637.271850586,-130.190795898
637.27722168,-130.195297241
637.284973145,-130.198013306
637.286804199,-130.199493408
637.325073242,-130.16104126
637.28894043,-130.19984436
637.300109863,-130.205490112
637.328918457,-130.161773682
637.332580566,-130.164810181
637.336364746,-130.16557312
637.346130371,-130.169692993
637.328979492,-130.217849731
637.328979492,-130.217849731
637.332824707,-130.21862793
637.366943359,-130.179519653
637.3671875,-130.178253174
637.346313477,-130.224655151
637.351989746,-130.226882935
637.401611328,-130.194061279
637.403625488,-130.194412231
637.36151123,-130.230957031
637.38104248,-130.237030029
637.416870117,-130.201522827
637.386352539,-130.242706299
637.405944824,-130.247543335
637.430236816,-130.207595825
637.432250977,-130.207946777
637.443664551,-130.212524414
637.411437988,-130.252075195
637.445678711,-130.212799072
637.420959473,-130.25617981
637.440490723,-130.262176514
637.476013184,-130.227920532
637.481750488,-130.231323242
637.472961426,-130.277526855
637.4765625,-130.279449463
637.554870605,-130.260177612
637.530639648,-130.299057007
637.532348633,-130.300430298
637.544006348,-130.306106567
637.546081543,-130.306442261
637.545959473,-130.307571411
637.563049316,-130.31439209
637.615783691,-130.290283203
637.566772461,-130.317428589
637.572692871,-130.318481445
637.57623291,-130.322753906
637.580200195,-130.323379517
637.617675781,-130.291854858
637.617797852,-130.29069519
637.675048828,-130.316650391
637.645629883,-130.349639893
637.686767578,-130.318771362
637.657043457,-130.355316162
637.692382812,-130.323455811
637.696411133,-130.32421875
637.709533691,-130.331329346
637.678222656,-130.363922119
637.721374512,-130.334625244
637.695617676,-130.369567871
637.699829102,-130.366882324
637.701171875,-130.374099731
637.703063965,-130.374465942
637.709228516,-130.373306274
637.709106445,-130.374511719
637.718566895,-130.380889893
637.720458984,-130.381225586
637.724182129,-130.383102417
637.751953125,-130.34967041
637.75970459,-130.352249146
637.739685059,-130.38949585
637.752929688,-130.39553833
637.780761719,-130.360977173
637.762451172,-130.399688721
637.764587402,-130.398864746
637.766113281,-130.401626587
637.794067383,-130.366943359
637.799987793,-130.369262695
637.789489746,-130.410507202
637.828613281,-130.382781982
637.832458496,-130.383483887
637.801025391,-130.415023804
637.804931641,-130.41696167
637.820251465,-130.423324585
637.820251465,-130.423324585
637.820251465,-130.423324585
637.849182129,-130.434463501
637.858642578,-130.439834595
637.860473633,-130.440246582
637.891845703,-130.409851074
637.868103027,-130.444015503
637.899414062,-130.413665771
637.881652832,-130.448867798
637.893371582,-130.452316284
637.893371582,-130.452316284
637.908630371,-130.459777832
637.914367676,-130.463134766
637.916259766,-130.463562012
637.92388916,-130.466201782
637.95300293,-130.437683105
637.958862305,-130.43989563
637.948913574,-130.475616455
637.976318359,-130.446655273
637.981689453,-130.451263428
637.958496094,-130.480773926
638.004882812,-130.460189819
638.016174316,-130.467056274
638.001098633,-130.495849609
638.018310547,-130.466247559
638.012512207,-130.501449585
638.050842285,-130.480606079
638.052612305,-130.482147217
638.058166504,-130.48777771
638.052856445,-130.518325806
638.079467773,-130.494155884
638.081359863,-130.495681763
638.093139648,-130.49899292
638.096679688,-130.503219604
638.096740723,-130.500961304
638.104614258,-130.503479004
638.083984375,-130.546539307
638.089904785,-130.548690796
638.068725586,-130.538879395
638.066955566,-130.536315918
638.068603516,-130.540115356
638.064941406,-130.537078857
638.064758301,-130.539337158
638.07019043,-130.543884277
638.072143555,-130.545440674
638.091552734,-130.551391602
638.056884766,-130.537887573
638.142883301,-130.521270752
638.143066406,-130.520126343
638.158569336,-130.525283813
638.162597656,-130.524917603
638.156616211,-130.561309814
638.16418457,-130.566162109
638.168518066,-130.524917603
638.17590332,-130.568405151
638.173950195,-130.569152832
638.184631348,-130.524414062
638.184936523,-130.522033691
638.182983398,-130.521759033
638.192932129,-130.521270752
638.204833984,-130.52456665
638.206787109,-130.526092529
638.202758789,-130.580459595
638.216003418,-130.532531738
638.217895508,-130.534164429
638.223693848,-130.53515625
638.222900391,-130.543167114
638.222900391,-130.543167114
638.208557129,-130.583831787
638.218261719,-130.586853027
638.229492188,-130.537521362
638.227111816,-130.540542603
638.231384277,-130.538925171
638.227905273,-130.5909729
638.235534668,-130.594665527
638.239257812,-130.596603394
638.247131348,-130.599243164
638.26373291,-130.574310303
638.275146484,-130.579986572
638.275939941,-130.610488892
638.275817871,-130.611694336
638.309448242,-130.596893311
638.317382812,-130.598388672
638.340393066,-130.608581543
638.340393066,-130.608581543
638.329467773,-130.635787964
638.341125488,-130.639160156
638.183532715,-130.724304199
638.18951416,-130.724319458
638.18951416,-130.724319458
638.191589355,-130.724578857
638.191589355,-130.724578857
638.177978516,-130.719696045
638.187866211,-130.720428467
638.17590332,-130.719390869
638.173828125,-130.721298218
638.193664551,-130.723831177
638.195983887,-130.718490601
638.200073242,-130.720367432
638.200073242,-130.720367432
638.174133301,-130.717895508
638.174133301,-130.717895508
638.200073242,-130.719223022
638.25,-130.721618652
638.261352539,-130.729492188
638.263977051,-130.722946167
638.283874512,-130.723236084
638.293273926,-130.730804443
638.297241211,-130.730422974
638.297729492,-130.725814819
638.305236816,-130.730758667
638.301818848,-130.725463867
638.309143066,-130.731613159
638.311096191,-130.731842041
638.305908203,-130.725006104
638.307861328,-130.725402832
