677.415405273,105.76272583
677.422363281,105.763542175
677.408874512,105.76550293
677.426513672,105.764160156
677.415405273,105.76272583
678.849121094,106.105316162
678.840270996,106.105407715
678.868896484,106.107940674
678.87097168,106.109535217
678.855163574,106.118476868
678.862060547,106.119354248
678.824707031,106.103401184
678.824707031,106.103401184
678.820251465,106.105285645
678.817993164,106.103790283
678.818115234,106.102577209
678.835266113,106.117149353
678.886657715,106.111503601
678.810974121,106.113983154
678.810974121,106.113983154
678.808898926,106.11240387
678.80682373,106.102386475
678.886230469,106.122512817
678.888671875,106.113037109
678.893066406,106.118476868
678.809020996,106.114845276
678.795898438,106.100967407
678.791320801,106.112487793
678.791320801,106.112487793
678.771118164,106.11125946
678.771118164,106.11125946
678.727355957,106.094429016
678.722412109,106.108612061
678.718078613,106.10799408
678.714111328,106.095153809
678.68939209,106.104225159
678.682800293,106.103370667
678.674316406,106.091163635
678.674255371,106.089950562
678.678344727,106.104003906
678.658569336,106.103927612
678.660644531,106.105331421
678.654602051,106.088623047
678.65625,106.10484314
678.605651855,106.087181091
678.605773926,106.085899353
678.58795166,106.088516235
678.556640625,106.0991745
678.550048828,106.099609375
678.550598145,106.083686829
678.54107666,106.099639893
678.521240234,106.099472046
678.517272949,106.082923889
678.495239258,106.082450867
678.492370605,106.099334717
678.492370605,106.099334717
678.47253418,106.098060608
678.470397949,106.097763062
678.47253418,106.099212646
678.463623047,106.098121643
678.463562012,106.099372864
678.45703125,106.098487854
678.452514648,106.0990448
678.450256348,106.100097656
678.408630371,106.08240509
678.394836426,106.102607727
678.392578125,106.102348328
678.379882812,106.084693909
678.37310791,106.083885193
678.37310791,106.083885193
678.371032715,106.083648682
678.368652344,106.084518433
678.35333252,106.086120605
678.33770752,106.086624146
678.335449219,106.086387634
678.32208252,106.088256836
678.322021484,106.087013245
678.321594238,106.107810974
678.319152832,106.107627869
678.31048584,106.108825684
678.308288574,106.109741211
678.300109863,106.089065552
678.306213379,106.109458923
678.29107666,106.089126587
678.29107666,106.089126587
678.29486084,106.11177063
678.29486084,106.11177063
678.29486084,106.11177063
678.292724609,106.110214233
678.290588379,106.109962463
678.273498535,106.090507507
678.255554199,106.094291687
678.246643066,106.094474792
678.261535645,106.117210388
678.259399414,106.116920471
678.257141113,106.116584778
678.250488281,106.118232727
678.222167969,106.097373962
678.211181641,106.100730896
678.221496582,106.121803284
678.221496582,106.121803284
678.197937012,106.100234985
678.197875977,106.101516724
678.214782715,106.125862122
678.203613281,106.128059387
678.203613281,106.128059387
678.194885254,106.129348755
678.19909668,106.131164551
678.166687012,106.108474731
678.166687012,106.108474731
678.181396484,106.133796692
678.164367676,106.10824585
678.16003418,106.107589722
678.174743652,106.136497498
678.148803711,106.112312317
678.142150879,106.112663269
678.142150879,106.112663269
678.137695312,106.113319397
678.170166016,106.138450623
678.12890625,106.115829468
678.158935547,106.143074036
678.154418945,106.143760681
678.154418945,106.143760681
678.124328613,106.117721558
678.115234375,106.120185852
678.145507812,106.148704529
678.113098145,106.121109009
678.108703613,106.121803284
678.136657715,106.15246582
678.101928711,106.125823975
678.097351074,106.126525879
678.059509277,106.138710022
678.052734375,106.143997192
678.050537109,106.143707275
678.048461914,106.146980286
678.09173584,106.17364502
678.046081543,106.144287109
678.07824707,106.179275513
678.034790039,106.152694702
678.030395508,106.152099609
678.02355957,106.15737915
678.021362305,106.157051086
678.012390137,106.159584045
678.005615234,106.164855957
678.062194824,106.196861267
678.060119629,106.197669983
678.057678223,106.199958801
678.053344727,106.203010559
678.053283691,106.205429077
678.048828125,106.20489502
677.987731934,106.174789429
677.989807129,106.177490234
677.987487793,106.176055908
678.04864502,106.209747314
678.044006348,106.215286255
678.030456543,106.225769043
678.030456543,106.226989746
677.974121094,106.185203552
677.974121094,106.184059143
678.025878906,106.230125427
678.021057129,106.245422363
678.016357422,106.257141113
677.926452637,106.230613708
677.919128418,106.246879578
677.917053223,106.246543884
677.914550781,106.256072998
677.916687012,106.257637024
677.907775879,106.263755798
678.001220703,106.322639465
677.891357422,106.292358398
677.891357422,106.292358398
678.001037598,106.323936462
678.000976562,106.330001831
678.002929688,106.33757782
677.888671875,106.305519104
677.88659668,106.306404114
678.005004883,106.347717285
677.888427734,106.315246582
678.002502441,106.353553772
678.002380371,106.360839844
677.886108398,106.318687439
677.881408691,106.330352783
677.878295898,106.361831665
678.020812988,106.407455444
678.020812988,106.407455444
678.023010254,106.41027832
678.02734375,106.413314819
678.040710449,106.408874512
677.875305176,106.389678955
677.970214844,106.476989746
677.969848633,106.486801147
677.897338867,106.473602295
677.901550293,106.479110718
677.972045898,106.491981506
677.901428223,106.488883972
677.971923828,106.499290466
677.905639648,106.493103027
677.905639648,106.494316101
677.978088379,106.513580322
677.809387207,106.452255249
677.798278809,106.453315735
677.798278809,106.453315735
677.98034668,106.512672424
677.773986816,106.451309204
677.91192627,106.512336731
677.926696777,106.529067993
677.758544922,106.453010559
677.756225586,106.451461792
677.922302246,106.530838013
678.001586914,106.540100098
677.711547852,106.394050598
677.667297363,106.391967773
677.645996094,106.445556641
677.627746582,106.389137268
677.608459473,106.444404602
677.595031738,106.445091248
677.581298828,106.388015747
677.572509766,106.388122559
677.57019043,106.387825012
677.530578613,106.385070801
677.535522461,106.442222595
677.51940918,106.387329102
677.497314453,106.383171082
677.504516602,106.439422607
677.493469238,106.440383911
677.475830078,106.439323425
677.447265625,106.434303284
677.409057617,106.379020691
677.398010254,106.37877655
677.384765625,106.375778198
677.382507324,106.376808167
677.371643066,106.375282288
677.348022461,106.428627014
677.345703125,106.428405762
677.334106445,106.376472473
677.34564209,106.4320755
677.323852539,106.429092407
677.328063965,106.432220459
677.305603027,106.371627808
677.305603027,106.371627808
677.281677246,106.429855347
677.246337891,106.427574158
677.22442627,106.425994873
677.222045898,106.42326355
677.20892334,106.425239563
677.20916748,106.419059753
677.188964844,106.423843384
677.120178223,106.36076355
678.881591797,106.445091248
678.881591797,106.445091248
678.837219238,106.44430542
678.82635498,106.442749023
678.823974609,106.44367218
678.821655273,106.443511963
678.819396973,106.444412231
678.801757812,106.443275452
678.864685059,106.501831055
678.855651855,106.500732422
678.851196289,106.500190735
678.790893555,106.44178772
678.838012695,106.499671936
678.724304199,106.438064575
678.800170898,106.498443604
678.793579102,106.498756409
678.786987305,106.497886658
678.769226074,106.496871948
678.766967773,106.497673035
678.762695312,106.495933533
678.702148438,106.437660217
678.758056641,106.49786377
678.711669922,106.495368958
678.704956055,106.493354797
678.68963623,106.493690491
678.689575195,106.494895935
678.678405762,106.494781494
678.662902832,106.492736816
678.609191895,106.435317993
678.602539062,106.434432983
678.593811035,106.434509277
678.631958008,106.489944458
678.629821777,106.492111206
678.575927734,106.432220459
678.607421875,106.491722107
678.607421875,106.491722107
678.573852539,106.43321228
678.560546875,106.432624817
678.598632812,106.490501404
678.594238281,106.491119385
678.583129883,106.489692688
678.578735352,106.489105225
678.542541504,106.432754517
678.570007324,106.489143372
678.52935791,106.432327271
678.505249023,106.43397522
678.494018555,106.43258667
678.510314941,106.483863831
678.514709473,106.486824036
678.514709473,106.486824036
678.499267578,106.484817505
678.494750977,106.486717224
678.490356445,106.483634949
678.488098145,106.484649658
678.479248047,106.485870361
678.432189941,106.4269104
678.39239502,106.425369263
678.390930176,106.480438232
678.353027344,106.4792099
678.351074219,106.477684021
678.352478027,106.423843384
678.344299316,106.479309082
678.328125,106.423156738
678.32208252,106.478912354
678.311035156,106.478614807
678.286193848,106.420150757
678.286193848,106.420150757
678.293518066,106.479995728
678.28894043,106.479415894
678.263977051,106.41973114
678.276062012,106.471580505
678.288757324,106.484329224
678.282226562,106.483459473
678.290893555,106.4895401
678.25213623,106.45010376
678.255065918,106.421005249
678.250610352,106.420379639
678.244018555,106.419494629
678.225891113,106.441627502
678.22869873,106.416259766
678.227905273,106.446838379
678.214782715,106.440246582
678.214782715,106.440246582
678.223449707,106.448707581
678.212402344,106.444854736
678.221191406,106.449607849
678.21887207,106.449317932
678.208312988,106.43572998
678.203613281,106.441230774
678.203613281,106.441230774
678.229858398,106.452079773
678.221069336,106.454566956
678.201660156,106.434860229
678.225341797,106.457672119
678.223144531,106.458496094
678.188964844,106.412231445
678.190612793,106.433357239
678.240722656,106.460830688
678.242858887,106.462341309
678.242858887,106.463600159
678.184020996,106.432525635
678.173339844,106.417610168
678.175598145,106.421600342
678.18182373,106.433441162
678.18157959,106.437110901
678.242858887,106.464752197
678.242614746,106.46849823
678.233886719,106.47088623
678.233764648,106.473442078
678.23828125,106.473999023
678.233703613,106.474655151
678.173217773,106.422462463
678.164306641,106.425086975
678.244873047,106.476150513
678.244750977,106.477287292
678.235656738,106.47984314
678.24230957,106.483131409
678.149047852,106.415733337
678.239990234,106.486534119
678.151550293,106.413444519
678.233337402,106.491783142
678.230895996,106.494003296
678.231018066,106.497550964
678.22857666,106.504646301
