829.369812012,-107.117637634
829.357788086,-107.108970642
829.345458984,-107.11038208
829.342651367,-107.105682373
829.339294434,-107.105415344
829.32409668,-107.103507996
829.327331543,-107.099487305
829.32409668,-107.100639343
829.30871582,-107.100318909
829.302612305,-107.096763611
829.299438477,-107.09778595
829.327636719,-107.088134766
829.30291748,-107.09375
829.299804688,-107.092018127
829.293762207,-107.091178894
829.290588379,-107.092338562
829.290771484,-107.090873718
829.297058105,-107.084411621
829.272338867,-107.084434509
829.266052246,-107.083686829
829.266235352,-107.086547852
829.263305664,-107.081825256
829.256958008,-107.08404541
829.256774902,-107.085418701
829.253967285,-107.080810547
829.25378418,-107.085037231
829.247802734,-107.082954407
829.244812012,-107.079666138
830.132080078,-107.157371521
830.138122559,-107.158164978
830.138122559,-107.158164978
830.159790039,-107.159263611
830.335571289,-107.175819397
830.347961426,-107.17578125
830.335571289,-107.175819397
830.477416992,-107.188240051
830.480529785,-107.18863678
830.492797852,-107.190078735
830.499023438,-107.189323425
830.508300781,-107.190437317
830.511291504,-107.192321777
830.616333008,-107.200401306
830.622497559,-107.201118469
830.625732422,-107.200035095
830.62878418,-107.200363159
830.631713867,-107.202217102
830.634765625,-107.201156616
830.641113281,-107.201843262
830.674926758,-107.205886841
830.671936035,-107.204078674
830.696716309,-107.207000732
830.699462891,-107.207374573
830.727233887,-107.209228516
830.739746094,-107.209197998
830.746032715,-107.211425781
830.749328613,-107.210342407
830.758422852,-107.211425781
830.764465332,-107.213577271
830.770690918,-107.212867737
830.770507812,-107.214294434
830.782958984,-107.214355469
830.782958984,-107.214355469
830.792297363,-107.215446472
830.82019043,-107.217292786
830.832336426,-107.218818665
830.854125977,-107.219970703
830.860229492,-107.22063446
830.860290527,-107.219177246
830.875671387,-107.220985413
830.878723145,-107.221412659
830.894165039,-107.224571228
830.897155762,-107.223632812
830.906555176,-107.22328949
830.912719727,-107.225440979
830.915893555,-107.225738525
830.95904541,-107.229454041
830.971374512,-107.229454041
830.977539062,-107.230224609
830.980773926,-107.230583191
830.983886719,-107.229560852
830.986938477,-107.229850769
830.993103027,-107.23059082
830.99609375,-107.232337952
830.72253418,-107.118766785
830.725646973,-107.116317749
830.713256836,-107.116287231
830.731689453,-107.118423462
830.713378906,-107.114807129
830.728759766,-107.115196228
830.710205078,-107.114402771
830.737976074,-107.120643616
830.734802246,-107.115959167
830.741149902,-107.115249634
830.747314453,-107.117370605
830.747375488,-107.116035461
830.750488281,-107.114967346
830.756530762,-107.117111206
830.756530762,-107.118492126
830.756713867,-107.115631104
830.759460449,-107.118850708
830.765686035,-107.122528076
830.775024414,-107.123535156
830.781433105,-107.1199646
830.781311035,-107.118560791
830.784484863,-107.118934631
830.787353516,-107.122116089
830.787353516,-107.122116089
830.790405273,-107.122550964
830.805847168,-107.124359131
830.809143066,-107.12322998
830.81842041,-107.122901917
830.81842041,-107.122901917
