654.572143555,-139.393432617
654.570373535,-139.389480591
654.570495605,-139.388305664
654.56854248,-139.385574341
654.590637207,-139.395645142
654.590759277,-139.392120361
654.594726562,-139.396408081
654.593078613,-139.39125061
654.607116699,-139.397583008
654.61328125,-139.399810791
654.617797852,-139.395858765
654.619506836,-139.399810791
654.621520996,-139.401367188
654.621704102,-139.396636963
654.619934082,-139.393890381
654.623596191,-139.399429321
654.621826172,-139.395431519
654.625976562,-139.396270752
654.636535645,-139.396896362
654.636535645,-139.396896362
654.640197754,-139.401245117
654.642456055,-139.398086548
654.642089844,-139.404006958
654.644165039,-139.402038574
654.64453125,-139.3984375
654.645996094,-139.405975342
654.654602051,-139.401504517
654.654724121,-139.400375366
654.658874512,-139.401077271
654.658874512,-139.401077271
654.671081543,-139.402252197
654.671081543,-139.402252197
654.68347168,-139.405670166
654.68548584,-139.406097412
654.68737793,-139.408721924
654.68737793,-139.408721924
654.695556641,-139.410339355
654.695556641,-139.411483765
654.699645996,-139.413452148
654.699890137,-139.408721924
654.703857422,-139.410690308
654.713928223,-139.41494751
654.713928223,-139.41494751
654.716003418,-139.415298462
654.716003418,-139.414138794
654.72052002,-139.411361694
654.724731445,-139.412063599
654.728271484,-139.41758728
654.730651855,-139.414382935
654.73449707,-139.418731689
654.734863281,-139.414001465
654.733032227,-139.4112854
654.736816406,-139.416717529
654.736633301,-139.417953491
654.743103027,-139.414352417
654.755615234,-139.414276123
654.755065918,-139.421401978
654.755065918,-139.421401978
654.767944336,-139.416564941
654.767944336,-139.416564941
654.774108887,-139.416519165
654.775756836,-139.424072266
654.780212402,-139.418914795
654.782287598,-139.419204712
654.788391113,-139.422653198
654.788208008,-139.425079346
654.794494629,-139.423828125
654.79864502,-139.422302246
654.80279541,-139.423019409
654.804626465,-139.425796509
654.8046875,-139.426925659
654.811096191,-139.425765991
654.813171387,-139.422576904
654.817260742,-139.42565918
654.819274902,-139.427215576
654.818969727,-139.428497314
654.817443848,-139.423294067
654.837524414,-139.430725098
654.843688965,-139.431869507
654.848205566,-139.426681519
654.852233887,-139.430923462
654.87310791,-139.427658081
654.87310791,-139.427658081
654.916259766,-139.434509277
654.92010498,-139.438842773
654.92010498,-139.43762207
654.920288086,-139.436431885
654.920410156,-139.434127808
654.922180176,-139.439178467
654.924682617,-139.433624268
654.926696777,-139.434020996
654.936584473,-139.440582275
654.934997559,-139.435531616
654.937133789,-139.4347229
654.938720703,-139.441085815
654.944885254,-139.44102478
654.944885254,-139.44102478
654.937133789,-139.4347229
654.945251465,-139.435058594
654.949462891,-139.43572998
654.949645996,-139.434570312
654.957275391,-139.443267822
654.959350586,-139.442459106
654.969787598,-139.44078064
654.971984863,-139.439971924
654.978027344,-139.444671631
654.975952148,-139.440734863
654.976196289,-139.439529419
654.980224609,-139.443862915
654.974304199,-139.438064575
654.98236084,-139.439529419
654.992431641,-139.444976807
654.990783691,-139.441070557
654.994628906,-139.443069458
654.994628906,-139.444122314
654.996643066,-139.444549561
655.001098633,-139.440567017
655.001342773,-139.439437866
655.008972168,-139.446807861
655.011535645,-139.440155029
655.011535645,-139.440155029
655.015136719,-139.447921753
655.015625,-139.440841675
655.015686035,-139.439712524
655.021362305,-139.447875977
655.023925781,-139.442428589
655.02557373,-139.445144653
655.030029297,-139.444793701
655.030151367,-139.44241333
655.030151367,-139.441192627
655.038024902,-139.447463989
655.037841797,-139.448638916
655.038574219,-139.441497803
655.042480469,-139.444641113
655.042480469,-139.444641113
655.042480469,-139.444641113
655.046630859,-139.443084717
655.067626953,-139.443313599
655.077453613,-139.448806763
655.081787109,-139.449462891
655.081787109,-139.449462891
655.081665039,-139.450637817
655.083679199,-139.449859619
655.085693359,-139.4503479
655.098083496,-139.451416016
655.096496582,-139.445083618
655.098083496,-139.449066162
655.098266602,-139.447814941
655.100646973,-139.445800781
655.104370117,-139.452590942
655.111022949,-139.446517944
655.127441406,-139.447189331
655.135925293,-139.447540283
655.139892578,-139.448348999
655.152099609,-139.454162598
655.15435791,-139.453369141
655.152526855,-139.448196411
655.158752441,-139.448165894
655.160644531,-139.450881958
655.164428711,-139.45526123
655.160827637,-139.448577881
655.166809082,-139.449752808
655.170715332,-139.455200195
655.173095703,-139.45085144
655.177185059,-139.452804565
655.177246094,-139.449310303
655.197753906,-139.453063965
655.199645996,-139.457000732
654.430725098,-139.366012573
654.414306641,-139.361816406
654.412353516,-139.36138916
654.451721191,-139.362701416
654.455749512,-139.365829468
654.455749512,-139.364593506
654.398254395,-139.356414795
654.385803223,-139.355255127
654.380493164,-139.345840454
654.369567871,-139.352233887
654.36730957,-139.351852417
654.36126709,-139.349472046
654.36151123,-139.348266602
654.355834961,-139.340057373
654.351745605,-139.33934021
654.347351074,-139.343261719
654.34552002,-139.340591431
654.341125488,-139.344573975
654.335021973,-139.341033936
654.335021973,-139.341033936
654.329284668,-139.332763672
654.330871582,-139.340301514
654.328735352,-139.341079712
654.326721191,-139.340667725
654.318664551,-139.337921143
654.313049316,-139.329711914
654.31640625,-139.338790894
654.31060791,-139.335266113
654.310852051,-139.328201294
654.306335449,-139.335662842
654.304260254,-139.33531189
654.304748535,-139.327087402
654.302856445,-139.326644897
654.300842285,-139.325042725
654.296203613,-139.332595825
654.294067383,-139.333389282
654.290283203,-139.329055786
654.284606934,-139.319671631
654.285888672,-139.330718994
654.282531738,-139.320495605
654.282531738,-139.320495605
654.272338867,-139.317367554
654.268249512,-139.316680908
654.266052246,-139.316329956
654.219543457,-139.301620483
654.218688965,-139.312194824
654.215393066,-139.300827026
654.191040039,-139.292755127
654.191040039,-139.292755127
654.187011719,-139.290847778
654.178833008,-139.289199829
654.174621582,-139.288497925
654.172912598,-139.285751343
654.162475586,-139.285079956
654.160766602,-139.282302856
654.133361816,-139.286865234
654.134338379,-139.273803711
654.134338379,-139.273803711
654.132385254,-139.272216797
654.095031738,-139.273696899
654.094970703,-139.27255249
654.104248047,-139.260986328
654.080871582,-139.268630981
654.09387207,-139.259124756
654.092041016,-139.257553101
654.077636719,-139.253631592
654.075744629,-139.25213623
654.075744629,-139.250961304
654.073852539,-139.24937439
654.046508789,-139.255081177
654.035461426,-139.235031128
654.033569336,-139.23236084
654.021240234,-139.227752686
653.995849609,-139.236175537
654.01550293,-139.22416687
654.007263184,-139.221496582
653.997314453,-139.216018677
653.973876953,-139.225982666
653.983398438,-139.208679199
653.981445312,-139.208251953
653.955688477,-139.219070435
653.94152832,-139.186401367
653.93927002,-139.187301636
653.921691895,-139.20199585
653.919616699,-139.201599121
653.9375,-139.184585571
653.933410645,-139.182678223
653.913574219,-139.19934082
653.909545898,-139.196166992
653.895507812,-139.189941406
653.893798828,-139.188354492
653.893798828,-139.188354492
653.877746582,-139.180618286
653.861633301,-139.171585083
653.84967041,-139.165847778
653.827697754,-139.152175903
653.844360352,-139.124038696
653.844482422,-139.12171936
653.828796387,-139.109130859
653.822998047,-139.104492188
653.816894531,-139.101013184
653.813232422,-139.095504761
653.768432617,-139.112380981
653.762573242,-139.107666016
653.801330566,-139.084991455
653.758605957,-139.105758667
653.729003906,-139.083465576
653.778564453,-139.05682373
653.774658203,-139.053604126
653.709594727,-139.064331055
653.709777832,-139.06312561
653.707702637,-139.063873291
653.705749512,-139.061233521
653.705688477,-139.062423706
653.694152832,-139.050704956
653.744750977,-139.008499146
653.657897949,-139.00668335
653.735961914,-138.987762451
653.650695801,-138.991073608
653.646850586,-138.986724854
653.646850586,-138.986724854
653.644836426,-138.986312866
653.729187012,-138.967269897
653.631835938,-138.9659729
653.728149414,-138.953857422
653.631896973,-138.962478638
653.726623535,-138.943969727
653.624511719,-138.950302124
653.624511719,-138.950302124
653.615844727,-138.928283691
653.615905762,-138.927093506
653.614257812,-138.921905518
653.614807129,-138.913619995
653.609130859,-138.907852173
653.607910156,-138.896759033
653.608154297,-138.890930176
653.604675293,-138.883087158
653.728637695,-138.889266968
653.603149414,-138.873260498
653.728759766,-138.888031006
653.726745605,-138.884063721
653.726745605,-138.884063721
653.731384277,-138.877731323
653.603088379,-138.847976685
653.6015625,-138.839294434
653.604003906,-138.833816528
653.606933594,-138.823471069
653.604858398,-138.821914673
653.751342773,-138.833465576
653.753417969,-138.832702637
653.608154297,-138.806976318
653.610412598,-138.801422119
653.75201416,-138.822784424
653.607055664,-138.792358398
653.754211426,-138.82081604
653.756530762,-138.818817139
653.760742188,-138.817260742
653.609619141,-138.785614014
653.765075684,-138.814407349
653.765319824,-138.810974121
653.614440918,-138.777023315
653.774353027,-138.800613403
653.619628906,-138.763549805
653.624206543,-138.757171631
653.624206543,-138.757171631
653.797546387,-138.795318604
653.623718262,-138.736572266
653.623657227,-138.735565186
653.621887207,-138.731628418
653.860046387,-138.822341919
653.860046387,-138.822341919
653.848449707,-138.75302124
653.852355957,-138.754989624
653.882751465,-138.765426636
653.888549805,-138.828903198
653.89440918,-138.833602905
653.890625,-138.771713257
653.890808105,-138.770492554
653.84387207,-138.727157593
653.904418945,-138.837783813
653.844055176,-138.725967407
653.848571777,-138.720809937
653.675720215,-138.675613403
653.653320312,-138.671478271
653.622680664,-138.66343689
653.63885498,-138.66758728
653.641052246,-138.666793823
653.948669434,-138.79927063
653.85723877,-138.716323853
653.683898926,-138.675949097
653.600585938,-138.652206421
653.600585938,-138.652206421
653.95880127,-138.803466797
653.861816406,-138.711257935
653.863891602,-138.712738037
653.686828613,-138.665710449
653.686889648,-138.66444397
653.971191406,-138.804519653
653.971191406,-138.804519653
653.940734863,-138.851745605
653.940673828,-138.852996826
653.695739746,-138.655288696
653.697998047,-138.653335571
653.887695312,-138.695602417
653.704772949,-138.646148682
654.001464844,-138.816131592
654.01751709,-138.823944092
654.019348145,-138.825546265
654.03125,-138.831359863
654.047485352,-138.839111328
654.01953125,-138.881881714
654.049499512,-138.839431763
654.055541992,-138.841812134
654.057678223,-138.840957642
654.059631348,-138.843719482
654.023742676,-138.881454468
654.025390625,-138.886566162
654.02746582,-138.886932373
654.03137207,-138.88772583
653.918151855,-138.677276611
653.920410156,-138.674087524
654.055725098,-138.895904541
654.063903809,-138.899658203
654.075866699,-138.905517578
654.07800293,-138.905883789
654.126220703,-138.869262695
654.094238281,-138.911254883
654.106262207,-138.915924072
654.172485352,-138.889755249
654.152648926,-138.935302734
654.192565918,-138.899536133
654.224914551,-138.911468506
654.22467041,-138.913864136
654.234802246,-138.917007446
654.204956055,-138.957015991
654.234863281,-138.915771484
654.209106445,-138.957778931
654.223083496,-138.96522522
654.227111816,-138.96711731
654.301330566,-138.944824219
654.267456055,-138.984115601
654.333557129,-138.958023071
654.333740234,-138.956817627
654.337524414,-138.959976196
654.285583496,-138.991119385
654.349609375,-138.966903687
654.35168457,-138.967315674
654.293701172,-138.993774414
654.305725098,-138.99961853
654.327941895,-139.008544922
654.336181641,-139.010070801
654.33392334,-139.010879517
654.348266602,-139.015884399
654.412231445,-138.990570068
654.424316406,-138.996383667
654.430297852,-138.998764038
654.38848877,-139.034011841
654.408508301,-139.042694092
654.410461426,-139.043045044
654.462341309,-139.014297485
654.494689941,-139.027404785
654.502746582,-139.031326294
654.502746582,-139.031326294
654.469299316,-139.064697266
654.469238281,-139.065872192
654.468933105,-139.067138672
654.534912109,-139.045684814
654.485412598,-139.071273804
654.519470215,-139.087203979
654.52154541,-139.087646484
654.577209473,-139.063110352
654.531616211,-139.091827393
654.599487305,-139.072006226
654.601318359,-139.073638916
654.559814453,-139.104202271
654.582214355,-139.110870361
654.63671875,-139.132919312
654.674316406,-139.102645874
654.646728516,-139.137191772
654.652832031,-139.139572144
654.688171387,-139.110092163
654.668823242,-139.147277832
654.674926758,-139.147277832
654.677062988,-139.147628784
654.679260254,-139.149200439
654.704345703,-139.116622925
654.714538574,-139.120880127
654.689147949,-139.154678345
654.691223145,-139.155014038
654.720397949,-139.124389648
654.705200195,-139.161300659
654.707397461,-139.160415649
654.73046875,-139.127487183
654.740234375,-139.137695312
654.711608887,-139.160064697
654.707275391,-139.162811279
654.742370605,-139.136932373
654.721435547,-139.167892456
654.727722168,-139.167800903
654.731567383,-139.16973877
654.729492188,-139.170608521
654.743774414,-139.175598145
654.745727539,-139.175949097
654.75378418,-139.180984497
654.786804199,-139.153594971
654.763916016,-139.184082031
654.801147461,-139.158599854
654.809204102,-139.161315918
654.811340332,-139.161651611
654.779968262,-139.190643311
654.817199707,-139.165161133
654.784057617,-139.192657471
654.800109863,-139.199264526
654.84954834,-139.178390503
654.857543945,-139.182312012
654.867797852,-139.186462402
654.873779297,-139.191223145
654.897888184,-139.199356079
654.899902344,-139.200897217
654.875,-139.229904175
654.877075195,-139.230239868
654.934204102,-139.215698242
654.934204102,-139.215698242
654.911315918,-139.243804932
654.956481934,-139.224517822
654.918395996,-139.263061523
654.920288086,-139.26473999
654.986877441,-139.236175537
654.963012695,-139.276321411
654.969360352,-139.2762146
654.975646973,-139.274917603
655.018432617,-139.287704468
655.074157715,-139.264404297
655.082946777,-139.258758545
655.084716797,-139.261535645
655.087646484,-139.278915405
655.086914062,-139.261901855
655.072998047,-139.307449341
655.075073242,-139.310134888
655.127502441,-139.330749512
655.129638672,-139.332290649
655.16015625,-139.311538696
655.166137695,-139.315109253
655.166137695,-139.315109253
655.137817383,-139.333816528
655.147705078,-139.338150024
655.168029785,-139.316665649
655.147644043,-139.340484619
655.153930664,-139.341629028
655.188598633,-139.323974609
655.190246582,-139.325592041
655.200622559,-139.329803467
