647.58996582,-137.534210205
647.574401855,-137.52192688
647.56817627,-137.52432251
647.570373535,-137.522247314
647.56427002,-137.520126343
647.62286377,-137.529556274
647.544006348,-137.518753052
647.538146973,-137.516464233
647.531799316,-137.517730713
647.532043457,-137.515304565
647.528015137,-137.515792847
647.522094727,-137.51574707
647.50982666,-137.51121521
647.501953125,-137.508590698
647.487854004,-137.50604248
647.479797363,-137.505737305
647.479797363,-137.505737305
647.679321289,-137.539962769
647.475952148,-137.501373291
647.467834473,-137.501083374
647.687255859,-137.542633057
647.687255859,-137.542633057
647.68939209,-137.541732788
647.453674316,-137.499694824
647.447631836,-137.497543335
647.710998535,-137.552932739
647.709350586,-137.545547485
647.441711426,-137.496307373
647.431335449,-137.500320435
647.431762695,-137.49331665
647.425109863,-137.499206543
647.423278809,-137.49772644
647.719604492,-137.546112061
647.729614258,-137.549209595
647.429748535,-137.491714478
647.423278809,-137.49772644
647.735534668,-137.551498413
647.735656738,-137.550323486
647.741882324,-137.549057007
647.751831055,-137.550872803
647.759521484,-137.559432983
647.76184082,-137.555114746
647.76159668,-137.557495117
647.76373291,-137.556610107
647.76574707,-137.554733276
647.76550293,-137.560546875
647.769714355,-137.557800293
647.778076172,-137.554550171
647.810668945,-137.556900024
647.826599121,-137.561096191
647.828613281,-137.562652588
647.836853027,-137.560623169
647.839050293,-137.559753418
647.838562012,-137.566772461
647.842590332,-137.566421509
647.851135254,-137.562057495
647.855163574,-137.56161499
647.86505127,-137.566925049
647.870788574,-137.571609497
647.869018555,-137.566589355
647.87121582,-137.566940308
647.87512207,-137.568832397
647.877075195,-137.569213867
647.879150391,-137.569519043
647.883422852,-137.56678772
647.885498047,-137.56590271
647.893188477,-137.572143555
647.895263672,-137.570175171
647.897399902,-137.569412231
647.901245117,-137.575973511
647.913391113,-137.57699585
647.952331543,-137.573455811
647.958190918,-137.578094482
647.958435059,-137.572219849
647.960449219,-137.573867798
647.964416504,-137.576812744
647.96661377,-137.572509766
647.968200684,-137.578781128
647.988708496,-137.578964233
648.005371094,-137.57371521
648.014953613,-137.583709717
648.013305664,-137.576431274
648.035583496,-137.579284668
648.035583496,-137.579284668
648.061828613,-137.584060669
648.061767578,-137.585266113
648.075866699,-137.585449219
648.07635498,-137.578430176
648.078186035,-137.58354187
648.078063965,-137.584732056
648.078063965,-137.584732056
648.08203125,-137.585464478
647.280883789,-137.46434021
647.28704834,-137.465438843
647.264770508,-137.460327148
647.299560547,-137.459472656
647.297668457,-137.456756592
647.299499512,-137.458404541
647.299682617,-137.45715332
647.251098633,-137.45413208
647.246826172,-137.454605103
647.244873047,-137.454238892
647.25567627,-137.445526123
647.259765625,-137.445068359
647.249633789,-137.444442749
647.242919922,-137.453872681
647.235595703,-137.440689087
647.229614258,-137.439575195
647.225708008,-137.437591553
647.215087891,-137.444061279
647.20489502,-137.443405151
647.207824707,-137.430786133
647.201904297,-137.428512573
647.187866211,-137.424682617
647.190002441,-137.423934937
647.173156738,-137.429244995
647.169311523,-137.428405762
647.161254883,-137.42817688
647.149108887,-137.424789429
647.132385254,-137.402694702
647.128417969,-137.400802612
647.116577148,-137.397338867
647.09942627,-137.407302856
647.097473145,-137.406936646
647.114501953,-137.396942139
647.098510742,-137.391693115
647.094543457,-137.388656616
647.067687988,-137.396728516
647.067687988,-137.396728516
647.027404785,-137.360794067
647.021484375,-137.358505249
646.994445801,-137.367797852
646.966552734,-137.355606079
646.966491699,-137.356765747
646.962646484,-137.354858398
646.973999023,-137.336807251
646.964050293,-137.333816528
646.961975098,-137.333404541
646.948364258,-137.324935913
646.923034668,-137.336853027
646.905639648,-137.326538086
646.899658203,-137.325424194
646.912902832,-137.308868408
646.879821777,-137.317077637
646.883422852,-137.291763306
646.863830566,-137.309432983
646.856140137,-137.305603027
646.854370117,-137.304016113
646.877685547,-137.287109375
646.865905762,-137.282485962
646.78338623,-137.266220093
646.799499512,-137.239501953
646.758178711,-137.250869751
646.795776367,-137.236434937
646.795776367,-137.236434937
646.750366211,-137.244689941
646.748474121,-137.244277954
646.764709473,-137.214080811
646.760803223,-137.212173462
646.729003906,-137.232391357
646.723144531,-137.227783203
646.749023438,-137.205291748
646.749328613,-137.202926636
646.721252441,-137.225158691
646.717163086,-137.224456787
646.747192383,-137.201416016
646.709533691,-137.217010498
646.707458496,-137.217834473
646.728027344,-137.185958862
646.726135254,-137.185592651
646.724121094,-137.182983398
646.678283691,-137.198287964
646.703063965,-137.164779663
646.657104492,-137.182418823
646.653198242,-137.179351807
646.651428223,-137.177825928
646.651428223,-137.177825928
646.685791016,-137.148529053
646.649353027,-137.175079346
646.639709473,-137.167373657
646.637817383,-137.165924072
646.674438477,-137.138198853
646.661132812,-137.123886108
646.657287598,-137.121917725
646.653381348,-137.119995117
646.655395508,-137.118103027
646.630859375,-137.090942383
646.617797852,-137.072036743
646.601135254,-137.049957275
646.59576416,-137.039474487
646.59185791,-137.036346436
646.59185791,-137.036346436
646.590393066,-137.030181885
646.572143555,-136.99949646
646.572143555,-136.99949646
646.574157715,-136.998748779
646.564697266,-136.989898682
646.564941406,-136.985214233
646.565185547,-136.980514526
648.102416992,-137.586776733
648.106445312,-137.587539673
648.106506348,-137.586380005
648.106506348,-137.586380005
648.139343262,-137.582855225
648.140930176,-137.590301514
648.145263672,-137.587509155
648.146911621,-137.590286255
648.149108887,-137.589431763
648.15222168,-137.454528809
648.154418945,-137.453643799
648.1484375,-137.452651978
648.14239502,-137.449142456
648.14251709,-137.446746826
648.140563965,-137.447616577
648.14074707,-137.446456909
648.130981445,-137.439788818
648.126708984,-137.439163208
648.12689209,-137.437973022
648.105407715,-137.424484253
648.10357666,-137.42175293
648.09173584,-137.414886475
648.12878418,-137.381271362
648.126708984,-137.380859375
648.06829834,-137.398727417
648.12298584,-137.377761841
648.119018555,-137.374649048
648.11529541,-137.371536255
648.056762695,-137.390625
648.05657959,-137.391815186
648.084106445,-137.346923828
648.02734375,-137.372146606
648.086303711,-137.34614563
648.084228516,-137.345718384
648.076293945,-137.340759277
647.980651855,-137.342071533
647.980651855,-137.342071533
648.094116211,-137.320220947
648.094238281,-137.319046021
648.098449707,-137.318603516
648.075073242,-137.301239014
648.077209473,-137.300476074
648.053283691,-137.291259766
648.049255371,-137.291809082
647.954223633,-137.339660645
647.943786621,-137.340164185
647.942016602,-137.339797974
647.939880371,-137.33946228
647.998657227,-137.284881592
647.996704102,-137.284545898
647.994628906,-137.284164429
647.990600586,-137.283432007
647.990844727,-137.279891968
647.988952637,-137.279464722
647.915527344,-137.307662964
647.913391113,-137.308517456
647.911254883,-137.309295654
647.911254883,-137.310424805
647.909240723,-137.308898926
647.910095215,-137.29598999
647.973327637,-137.268295288
647.971252441,-137.267913818
647.899902344,-137.322647095
647.898376465,-137.319961548
647.890686035,-137.314910889
647.898498535,-137.287887573
647.89654541,-137.2862854
647.969360352,-137.26524353
647.88482666,-137.280593872
647.88482666,-137.280593872
647.961791992,-137.260177612
647.86328125,-137.264877319
647.85949707,-137.26171875
647.85949707,-137.26171875
647.84954834,-137.256408691
647.84979248,-137.255111694
647.84185791,-137.251373291
647.824645996,-137.237518311
647.887573242,-137.20980835
647.814453125,-137.234436035
647.884033203,-137.2056427
647.8046875,-137.227813721
647.80456543,-137.229110718
647.79675293,-137.222900391
647.79675293,-137.222900391
647.79296875,-137.219818115
647.866271973,-137.192825317
647.860595703,-137.188156128
647.854675293,-137.183517456
647.850891113,-137.181686401
647.841003418,-137.176345825
647.837097168,-137.173217773
647.75,-137.192932129
647.823547363,-137.160140991
647.813842773,-137.153564453
647.805725098,-137.154434204
647.808044434,-137.151260376
647.724609375,-137.176452637
647.720825195,-137.174514771
647.806274414,-137.147384644
647.802062988,-137.149002075
647.70300293,-137.164093018
647.778808594,-137.12928772
647.687744141,-137.150543213
647.68170166,-137.148361206
647.67767334,-137.147613525
647.67767334,-137.147613525
647.67401123,-137.144515991
647.75579834,-137.109619141
647.75579834,-137.109619141
647.736022949,-137.098907471
647.730407715,-137.095443726
647.722412109,-137.090408325
647.724609375,-137.088470459
647.63482666,-137.119537354
647.701293945,-137.07119751
647.689453125,-137.06427002
647.681518555,-137.06048584
647.586242676,-137.085678101
647.582214355,-137.083755493
647.582214355,-137.082580566
647.675842285,-137.055862427
647.666015625,-137.050460815
647.574523926,-137.076400757
647.572631836,-137.076034546
647.56463623,-137.072296143
647.558898926,-137.067611694
647.64855957,-137.035476685
647.555297852,-137.059890747
647.553161621,-137.061843872
647.54888916,-137.062301636
647.54888916,-137.062301636
647.641052246,-137.030426025
647.528015137,-137.044067383
647.527648926,-137.047637939
647.52557373,-137.047348022
647.606079102,-137.005065918
647.594360352,-136.996948242
647.498413086,-137.029174805
647.473266602,-137.010253906
647.555541992,-136.967330933
647.463317871,-137.003860474
647.551696777,-136.965332031
647.549743652,-136.963760376
647.453552246,-136.998428345
647.451843262,-136.996887207
647.538146973,-136.955749512
647.516662598,-136.938827515
647.416503906,-136.97505188
647.510803223,-136.93762207
647.497375488,-136.925689697
647.495239258,-136.924133301
647.489746094,-136.919509888
647.479980469,-136.912979126
647.387084961,-136.955474854
647.385437012,-136.953826904
647.383728027,-136.948852539
647.45690918,-136.892181396
647.373901367,-136.94229126
647.373901367,-136.94229126
647.445251465,-136.882904053
647.44317627,-136.882553101
647.339050293,-136.919265747
647.42364502,-136.87071228
647.417663574,-136.868408203
647.329040527,-136.913848877
647.319335938,-136.906219482
647.319458008,-136.905029297
647.40423584,-136.856445312
647.400268555,-136.855697632
647.39440918,-136.852233887
647.390625,-136.847976685
647.299865723,-136.894271851
647.299865723,-136.893188477
647.286254883,-136.887008667
647.282409668,-136.881622314
647.370910645,-136.838424683
647.369140625,-136.835754395
647.367431641,-136.830688477
647.363525391,-136.826446533
647.355895996,-136.820236206
647.266845703,-136.870407104
647.338378906,-136.80871582
647.218017578,-136.840164185
647.192626953,-136.822555542
647.165710449,-136.802093506
647.156005859,-136.793243408
647.152038574,-136.792480469
647.144165039,-136.788589478
647.140441895,-136.784393311
647.080200195,-136.744857788
647.07043457,-136.735961914
647.072875977,-136.729385376
647.062805176,-136.728668213
647.056640625,-136.729934692
