1631.5970459,596.077392578
1631.60913086,596.084472656
1631.61962891,596.085021973
1631.59863281,596.083984375
1631.62023926,596.088317871
1631.62023926,596.088317871
1631.58776855,596.083251953
1631.6463623,596.109313965
1631.64697266,596.112548828
1631.64697266,596.112548828
1631.6361084,596.112060547
1631.65209961,596.135681152
1631.63012695,596.131286621
1634.39233398,597.041381836
1634.39318848,597.044677734
1634.40783691,597.061767578
1634.52148438,597.100585938
1634.53417969,597.110900879
1634.53503418,597.114318848
1634.53747559,597.124145508
1632.65917969,596.469604492
1632.63781738,596.468261719
1632.61462402,596.457336426
1632.60327148,596.453491211
1632.60412598,596.456604004
1632.53588867,596.43359375
1632.51428223,596.429077148
1634.54284668,597.147460938
1635.87353516,597.688842773
1635.8515625,597.684326172
1635.82897949,597.676635742
1635.76135254,597.656799316
1630.56323242,595.895507812
1630.55725098,595.914611816
1630.55908203,595.921264648
1630.57165527,595.93170166
1630.58679199,595.952148438
1630.58752441,595.955444336
1634.61376953,597.275024414
1634.61584473,597.281555176
1635.48046875,597.57623291
1635.45935059,597.575073242
1635.51586914,597.594360352
1635.42431641,597.560180664
1635.5847168,597.617736816
1635.58337402,597.614379883
1635.37927246,597.547973633
1635.64147949,597.637145996
1635.6529541,597.640991211
1635.66418457,597.644897461
1635.69848633,597.656494141
1635.71984863,597.661010742
1635.71289062,597.67364502
1635.73522949,597.681335449
1635.73522949,597.681335449
1635.76660156,597.6796875
1635.76660156,597.6796875
1635.7911377,597.694152832
1635.83642578,597.709594727
1635.84655762,597.707092285
1635.84729004,597.710388184
1635.41894531,597.582702637
1635.3515625,597.562805176
1635.3293457,597.558349609
1635.29553223,597.546630859
1635.51013184,597.613708496
1634.72558594,597.349609375
1634.73669434,597.353393555
1635.14904785,597.502685547
1635.21740723,597.526184082
1635.02526855,597.46685791
1634.96923828,597.450744629
1634.93493652,597.439086914
1634.90100098,597.427429199
1634.83422852,597.410888672
1634.82275391,597.406921387
1634.80041504,597.40246582
1634.65344238,597.355407715
1634.58691406,597.338806152
1634.56420898,597.331115723
1634.48498535,597.307250977
1634.42919922,597.291320801
1634.36071777,597.268005371
1630.61657715,595.989440918
1630.61828613,595.999389648
1634.07946777,597.184448242
1634.10229492,597.192138672
1634.12512207,597.199829102
1633.92224121,597.136901855
1633.87744141,597.124450684
1630.6472168,596.03338623
1630.66247559,596.053649902
1630.6472168,596.03338623
1633.54052734,597.025024414
1633.47302246,597.005065918
1633.05725098,596.881835938
1633.01269531,596.869567871
1632.93383789,596.845825195
1632.8894043,596.833557129
1632.83251953,596.814453125
1630.70861816,596.117980957
1630.70935059,596.121398926
1630.72033691,596.12512207
1630.72119141,596.128356934
1630.73461914,596.142150879
1630.72412109,596.141662598
1630.7355957,596.145507812
1630.72497559,596.144958496
1630.72497559,596.144958496
1633.63049316,597.143859863
1633.65454102,597.158203125
1633.5982666,597.13885498
1633.69921875,597.167175293
1633.5645752,597.130615234
1633.51965332,597.11517334
1633.50793457,597.11114502
1633.49523926,597.100708008
1633.46325684,597.099121094
1631.2175293,596.333984375
1631.17272949,596.321594238
1631.16149902,596.317871094
1631.08288574,596.294189453
1631.06018066,596.286560059
1631.04931641,596.285949707
1631.03833008,596.282104492
1629.60681152,595.818725586
1629.58557129,595.81427002
1629.54321289,595.811950684
1629.51818848,595.794555664
1629.53271484,595.811584473
1629.50891113,595.800476074
1629.50976562,595.803771973
1629.51062012,595.807006836
1629.49707031,595.793334961
1629.47521973,595.788818359
1629.46691895,595.798278809
1629.45581055,595.794250488
1629.43212891,595.78338623
1629.43212891,595.78338623
1629.42199707,595.782897949
1629.42199707,595.782897949
1630.34313965,596.07244873
1630.35437012,596.07623291
1630.2532959,596.04510498
1630.23181152,596.040527344
1630.04138184,595.984924316
1629.98571777,595.96887207
1629.94042969,595.953613281
1629.94042969,595.953613281
1629.9173584,595.945800781
1629.80578613,595.913818359
1629.71679688,595.886352539
1629.70581055,595.885620117
1629.69360352,595.878540039
1629.34643555,595.772338867
1629.30200195,595.760253906
1629.30200195,595.760253906
1638.1126709,599.055297852
1638.02368164,599.07989502
1638.02368164,599.07989502
1637.97851562,599.067565918
1637.65307617,598.977905273
1637.60876465,598.968933105
1637.50610352,598.888183594
1637.49450684,598.884155273
1637.54187012,598.952209473
1637.43994141,598.874755859
1637.42834473,598.870788574
1637.34985352,598.850158691
1637.31567383,598.838562012
1637.29455566,598.837524414
1637.30395508,598.877258301
1637.29382324,598.879821777
1637.21618652,598.816894531
1637.22851562,598.869689941
1637.13598633,598.789367676
1637.17126465,598.850219727
1637.17211914,598.85357666
1637.18408203,598.860839844
1637.16223145,598.856384277
1637.10620117,598.840148926
1637.08422852,598.83581543
1637.07312012,598.835083008
1636.9942627,598.811157227
1636.98413086,598.813964844
1636.94018555,598.804931641
1636.92419434,598.735534668
1636.64648438,598.671508789
1636.65734863,598.672119141
1636.62597656,598.673583984
1636.69384766,598.739257812
1636.59741211,598.730712891
1636.57373047,598.719787598
1636.52575684,598.648376465
1636.46447754,598.700683594
1636.45300293,598.696777344
1636.39135742,598.611633301
1636.39135742,598.611633301
1636.43164062,598.695556641
1636.30383301,598.597229004
1636.28112793,598.589538574
1636.27050781,598.588745117
1636.20458984,598.575500488
1636.02648926,598.533081055
1635.93859863,598.515136719
1635.86108398,598.497924805
1635.95019531,598.610595703
1635.91723633,598.605651855
1635.67602539,598.468383789
1635.8861084,598.603881836
1635.81884766,598.587219238
1635.80957031,598.593139648
1635.56652832,598.449279785
1635.65649414,598.565124512
1635.62255859,598.556945801
1635.62255859,598.556945801
1635.59362793,598.568359375
1635.5480957,598.552734375
1635.57189941,598.563842773
1635.53930664,598.558837891
1635.48535156,598.552734375
1635.46325684,598.548156738
1635.48718262,598.559387207
1635.4342041,598.556396484
1635.41040039,598.545349121
1635.42260742,598.55255127
1635.2532959,598.409484863
1635.21911621,598.397705078
1635.38891602,598.544250488
1635.17614746,598.395446777
1635.14404297,598.390441895
1635.13342285,598.389953613
1635.28430176,598.54498291
1635.28430176,598.54498291
1635.24243164,598.546020508
1635.16821289,598.541931152
1635.15783691,598.541381836
1634.90710449,598.364501953
1634.85400391,598.361755371
1635.08544922,598.547180176
1634.81311035,598.365905762
1634.79296875,598.368164062
1634.7578125,598.353088379
1635.03320312,598.547607422
1634.70617676,598.356872559
1634.70617676,598.356872559
1634.98156738,598.551391602
1634.66235352,598.348022461
1634.93847656,598.545776367
1634.61962891,598.345581055
1634.9095459,598.557312012
1634.27429199,598.346435547
1634.17321777,598.363891602
1634.1307373,598.361572266
