1628.97644043,594.29876709
1628.95410156,594.294433594
1628.96740723,594.30480957
1628.96740723,594.30480957
1628.97644043,594.29876709
1628.97009277,594.317993164
1628.97106934,594.321228027
1628.97106934,594.321228027
1629.34545898,594.454345703
1629.33496094,594.453979492
1629.32336426,594.450012207
1629.30187988,594.445800781
1629.43017578,594.504333496
1629.44250488,594.51159668
1629.44287109,594.514953613
1629.30908203,594.475646973
1629.29748535,594.471618652
1629.29748535,594.471618652
1629.39990234,594.509399414
1627.43457031,593.83581543
1627.4128418,593.834655762
1627.59936523,593.919128418
1627.58886719,593.918640137
1627.60302734,593.93548584
1627.61437988,593.93939209
1627.72937012,593.987487793
1627.74169922,593.994628906
1627.74255371,593.997924805
1627.74499512,594.011047363
1627.25708008,593.833190918
1627.24768066,593.8359375
1627.24816895,593.839355469
1627.26123047,593.849731445
1627.26123047,593.849731445
1627.25708008,593.833190918
1627.76245117,594.04119873
1627.76513672,594.051208496
1629.49206543,594.634643555
1629.5144043,594.642211914
1630.63183594,595.055114746
1630.64294434,595.058959961
1630.69946289,595.078186035
1630.63183594,595.055114746
1623.72131348,592.75012207
1623.72229004,592.753479004
1627.80688477,594.141235352
1627.80737305,594.144470215
1629.02697754,594.55859375
1629.09484863,594.581665039
1628.82617188,594.499450684
1628.8067627,594.505065918
1628.78491211,594.500732422
1628.76123047,594.489562988
1628.73986816,594.485290527
1628.75537109,594.508911133
1628.74401855,594.505004883
1628.72180176,594.497314453
1628.6607666,594.458435059
1628.6607666,594.458435059
1628.72253418,594.500610352
1628.70007324,594.492980957
1628.68896484,594.489135742
1628.67712402,594.485412598
1628.63745117,594.447509766
1628.61437988,594.439697266
1628.60241699,594.432495117
1628.59204102,594.432128906
1628.64331055,594.473693848
1628.60913086,594.462158203
1628.58068848,594.428283691
1628.54260254,594.442626953
1628.54309082,594.445861816
1628.54309082,594.445861816
1628.48669434,594.426635742
1628.47607422,594.426086426
1628.45373535,594.418395996
1628.44238281,594.414550781
1629.04467773,594.588745117
1629.05651855,594.595947266
1629.0670166,594.596496582
1629.02331543,594.58782959
1629.08984375,594.604064941
1629.00061035,594.580200195
1628.96789551,594.571899414
1628.94372559,594.557556152
1623.20361328,592.613708496
1623.21533203,592.617431641
1628.25695801,594.333435059
1628.26818848,594.337341309
1623.80322266,592.835327148
1623.83056641,592.862731934
1628.37536621,594.394958496
1628.36499023,594.394470215
1628.35388184,594.390625
1628.34228516,594.386779785
1627.91699219,594.257385254
1627.92895508,594.261291504
1627.7166748,594.198242188
1627.72875977,594.205505371
1627.66113281,594.182434082
1627.6270752,594.170898438
1627.81811523,594.232727051
1627.41540527,594.108093262
1627.43786621,594.115661621
1627.4387207,594.11907959
1627.37121582,594.096130371
1627.22607422,594.052856445
1627.23718262,594.05670166
1627.24829102,594.060424805
1627.13659668,594.02545166
1627.09204102,594.013305664
1627.03662109,593.997619629
1627.03662109,593.997619629
1623.88769531,592.930541992
1623.88867188,592.933959961
1623.90405273,592.957397461
1623.91772461,592.971069336
1626.93591309,593.966430664
1626.95849609,593.974060059
1626.89172363,593.954406738
1626.86999512,593.950012207
1626.80236816,593.927001953
1626.73571777,593.907287598
1626.67993164,593.891418457
1625.28918457,593.482421875
1625.22253418,593.46282959
1625.20019531,593.45513916
1623.97473145,593.038879395
1624.03503418,593.07434082
1624.05834961,593.085266113
1626.83776855,594.03302002
1626.7713623,594.016479492
1626.74829102,594.005615234
1626.68151855,593.985839844
1626.66992188,593.982055664
1623.6541748,592.993286133
1623.64404297,592.992919922
1623.56616211,592.969421387
1623.51062012,592.953552246
1623.49853516,592.946655273
1623.47668457,592.942199707
1623.4654541,592.935119629
1622.81347656,592.710571289
1622.80493164,592.71673584
1622.7611084,592.708068848
1622.72766113,592.696655273
1622.72766113,592.696655273
1622.71813965,592.699279785
1622.70751953,592.698791504
1622.68688965,592.697753906
1623.26599121,592.879516602
1623.13244629,592.837097168
1623.16650391,592.851745605
1623.1003418,592.83215332
1623.04406738,592.813110352
1622.56567383,592.665588379
1622.5880127,592.673156738
1622.58886719,592.676635742
1622.59887695,592.677001953
1622.59985352,592.680297852
1631.23962402,595.911621094
1631.10620117,595.875427246
1631.25244141,595.964477539
1631.0501709,595.859436035
1631.0501709,595.859436035
1631.07421875,595.91607666
1630.99621582,595.850158691
1630.9630127,595.841918945
1630.88439941,595.81817627
1630.88439941,595.81817627
1630.84106445,595.809448242
1630.71679688,595.770507812
1630.68347168,595.762023926
1630.62878418,595.749450684
1630.52832031,595.721435547
1630.50549316,595.713806152
1630.55297852,595.781311035
1630.5201416,595.773193359
1630.48657227,595.765014648
1630.23913574,595.64440918
1630.27526855,595.708251953
1630.25183105,595.697265625
1630.24206543,595.699951172
1630.18896484,595.693969727
1630.18896484,595.693969727
1630.1661377,595.686340332
1630.05187988,595.598815918
1630.01245117,595.65222168
1629.76464844,595.528381348
1629.86999512,595.621887207
1629.83764648,595.617126465
1629.52392578,595.476928711
1629.4362793,595.459289551
1629.58666992,595.568115234
1629.58666992,595.568115234
1629.5645752,595.560424805
1629.34912109,595.441833496
1629.28295898,595.425170898
1629.4342041,595.53729248
1629.21765137,595.412109375
1629.11914062,595.39074707
1629.09692383,595.386169434
1629.23937988,595.504333496
1629.05322266,595.377380371
1629.02172852,595.375854492
1629.03552246,595.477661133
1628.8605957,595.354553223
1628.85949707,595.347900391
1629.0012207,595.466003418
1628.99133301,595.468811035
1628.9699707,595.464538574
1628.9699707,595.464538574
1628.76135254,595.32989502
1628.67529297,595.315490723
1628.58935547,595.304626465
1628.79980469,595.449035645
1628.30004883,595.266906738
1628.22692871,595.266235352
1628.21606445,595.262390137
1628.1932373,595.254699707
1628.58789062,595.43145752
1628.15039062,595.249206543
1628.15039062,595.249206543
1628.14160156,595.255249023
1628.5045166,595.430358887
1628.11975098,595.250976562
1628.46264648,595.428222656
1628.0567627,595.247558594
1628.42041016,595.426147461
1628.41052246,595.428833008
1627.984375,595.250366211
1628.30419922,595.416931152
1628.21350098,595.428405762
1628.2244873,595.432250977
1627.78234863,595.230224609
1628.10058594,595.435424805
1627.66845703,595.230773926
1627.65856934,595.233337402
1627.64746094,595.229736328
1627.59655762,595.233703613
1628.03063965,595.448120117
1627.54406738,595.230895996
1627.50354004,595.235168457
1627.48620605,595.250732422
1627.48620605,595.250732422
1627.47607422,595.250183105
1627.43444824,595.251220703
1627.41992188,595.276489258
1627.39196777,595.245727539
1627.38220215,595.248596191
1627.3729248,595.254333496
1627.37548828,595.264404297
