826.518554688,-106.779266357
826.524597168,-106.778549194
826.509277344,-106.776809692
826.536743164,-106.780075073
826.500488281,-106.771369934
826.497436523,-106.769599915
826.494384766,-106.769203186
826.497436523,-106.768089294
826.494506836,-106.767753601
826.494506836,-106.766342163
826.491333008,-106.768798828
826.482421875,-106.762062073
826.436645508,-106.755111694
826.427490234,-106.752677917
826.436950684,-106.749450684
826.446044922,-106.751922607
826.451965332,-106.756958008
826.451904297,-106.755500793
826.443115234,-106.748657227
826.421508789,-106.750434875
826.45513916,-106.754463196
826.461486816,-106.747932434
827.41418457,-106.830741882
827.426452637,-106.832252502
827.635009766,-106.851119995
827.65032959,-106.85295105
827.65032959,-106.85295105
827.825195312,-106.867874146
827.828308105,-106.86681366
827.834411621,-106.867530823
827.84362793,-106.868621826
827.990905762,-106.881759644
828.003173828,-106.881813049
827.97253418,-106.87815094
828.027709961,-106.88470459
828.036987305,-106.885780334
828.076843262,-106.887634277
828.089355469,-106.889137268
828.113769531,-106.890563965
827.890930176,-106.783226013
827.893981934,-106.783592224
827.893981934,-106.782180786
827.897033691,-106.781158447
827.891052246,-106.778877258
827.890930176,-106.783226013
827.912658691,-106.781478882
827.912658691,-106.781478882
827.924621582,-106.784416199
827.931152344,-106.777931213
827.931152344,-106.777931213
827.933959961,-106.782608032
827.934143066,-106.779701233
827.937011719,-106.784416199
827.934265137,-106.778297424
