830.348815918,-107.244194031
830.370300293,-107.24672699
830.453613281,-107.253746033
830.465942383,-107.255195618
830.666625977,-107.270347595
830.688476562,-107.271400452
830.691589355,-107.27179718
830.814941406,-107.28062439
830.818115234,-107.281059265
830.867492676,-107.285476685
830.87677002,-107.286567688
830.916931152,-107.288375854
830.938659668,-107.291015625
830.960327148,-107.292137146
830.658813477,-107.175231934
830.664978027,-107.174461365
830.674438477,-107.17276001
830.686523438,-107.17855072
830.689697266,-107.178848267
830.692749023,-107.177841187
830.692993164,-107.172027588
830.695678711,-107.179641724
830.696044922,-107.173812866
830.702270508,-107.173141479
830.717590332,-107.176345825
830.727050781,-107.174598694
830.733337402,-107.175338745
830.736206055,-107.175750732
830.739135742,-107.177604675
830.739135742,-107.177604675
830.739440918,-107.174674988
830.754516602,-107.182250977
830.757629395,-107.182609558
