830.516601562,-109.148979187
830.505126953,-109.130134583
830.50213623,-109.12991333
830.499084473,-109.129432678
830.492736816,-109.130104065
830.567626953,-109.123123169
830.585754395,-109.128326416
830.585754395,-109.126838684
830.585754395,-109.126838684
830.569580078,-109.074195862
830.572692871,-109.074554443
829.944641113,-108.993270874
829.950805664,-108.992660522
829.997131348,-108.99672699
830.003173828,-108.997383118
830.080200195,-109.005256653
830.083190918,-109.005645752
830.070983887,-109.002746582
830.09552002,-109.00705719
830.126464844,-109.009353638
830.129760742,-109.008255005
830.123474121,-109.00756073
830.120361328,-109.007194519
830.117492676,-109.00680542
830.182128906,-109.014556885
830.203491211,-109.015808105
830.209594727,-109.016494751
830.216003418,-109.015792847
830.219116211,-109.017570496
830.222045898,-109.01650238
830.237548828,-109.018417358
830.246765137,-109.019493103
830.336303711,-109.027275085
830.3515625,-109.029190063
830.360900879,-109.028823853
830.360900879,-109.028823853
830.391723633,-109.031097412
830.40423584,-109.032585144
830.431884766,-109.035896301
830.444335938,-109.036003113
830.447509766,-109.03629303
830.499816895,-109.041114807
830.506164551,-109.041854858
830.506164551,-109.041854858
830.52746582,-109.043075562
830.564697266,-109.047470093
830.583190918,-109.049636841
830.586303711,-109.048683167
830.598449707,-109.050086975
830.626220703,-109.053482056
830.641784668,-109.053817749
830.663452148,-109.055015564
830.682128906,-109.058677673
830.685180664,-109.059051514
830.703308105,-109.059837341
830.703308105,-109.059837341
830.716003418,-109.059875488
830.737548828,-109.062362671
830.749816895,-109.063941956
830.84552002,-109.072502136
830.848815918,-109.072898865
830.861083984,-109.074455261
830.867370605,-109.073654175
830.876464844,-109.074783325
830.879638672,-109.076538086
830.928955078,-109.07964325
830.932067871,-109.079994202
830.944458008,-109.081489563
830.984680176,-109.084907532
830.990783691,-109.085601807
830.993835449,-109.084602356
830.999938965,-109.08669281
831.003173828,-109.085655212
831.009399414,-109.086387634
831.043273926,-109.090492249
831.040161133,-109.088676453
831.064941406,-109.091583252
831.06817627,-109.091934204
831.09588623,-109.093864441
831.108398438,-109.093925476
831.114379883,-109.096107483
831.11730957,-109.095062256
831.12677002,-109.09614563
831.13293457,-109.09828186
831.139099121,-109.097595215
831.139160156,-109.099021912
831.151489258,-109.099121094
831.151489258,-109.099121094
831.160827637,-109.100112915
831.182434082,-109.101333618
831.188476562,-109.102058411
831.200927734,-109.10358429
831.22253418,-109.104705811
831.22869873,-109.105438232
831.228820801,-109.104011536
831.244262695,-109.105857849
831.247070312,-109.106292725
831.262573242,-109.109565735
831.26574707,-109.108467102
831.275268555,-109.108078003
831.28112793,-109.110328674
831.284240723,-109.110694885
831.327514648,-109.114463806
831.340026855,-109.114524841
831.340148926,-109.113044739
831.346374512,-109.115226746
831.349243164,-109.11566925
831.355529785,-109.114814758
831.361755371,-109.115615845
831.364685059,-109.117393494
831.411132812,-109.120094299
831.423522949,-109.121604919
831.432861328,-109.121231079
831.469970703,-109.125770569
831.476135254,-109.126434326
831.090576172,-109.004821777
831.090637207,-109.003334045
831.084472656,-109.001121521
831.099731445,-109.005889893
831.09375,-109.000854492
831.081420898,-109.000808716
831.099853516,-109.003036499
831.081481934,-108.999336243
831.096801758,-108.999732971
831.106018066,-109.005187988
831.103210449,-109.000518799
831.11541748,-109.001953125
831.115600586,-109.000556946
831.118713379,-108.99949646
831.124755859,-109.001617432
831.124694824,-109.003082275
831.124694824,-109.000190735
831.133789062,-109.007041931
831.140319824,-109.001991272
831.137084961,-109.008857727
831.140014648,-109.009254456
831.143066406,-109.008163452
831.146484375,-109.0027771
831.152587891,-109.003540039
831.155822754,-109.00100708
831.158752441,-109.007133484
831.161437988,-109.009010315
831.161437988,-109.009010315
831.164794922,-109.009315491
831.174072266,-109.009048462
831.177368164,-109.007858276
831.186523438,-109.007652283
831.186523438,-109.007652283
