829.306152344,-108.454223633
829.312255859,-108.454917908
829.318725586,-108.452720642
829.294189453,-108.445510864
829.281616211,-108.446968079
829.278808594,-108.442253113
829.275756836,-108.441947937
829.260375977,-108.440101624
829.263671875,-108.436096191
829.260498047,-108.437080383
829.245117188,-108.43674469
829.239074707,-108.433128357
829.235961914,-108.434242249
829.264099121,-108.42464447
829.239196777,-108.430259705
829.23614502,-108.428443909
829.229980469,-108.427749634
829.226989746,-108.428726196
829.227050781,-108.427314758
829.233520508,-108.420837402
829.208740234,-108.420852661
829.202636719,-108.420082092
829.202392578,-108.422950745
829.199462891,-108.418273926
829.193237305,-108.420341492
829.19317627,-108.421859741
829.190307617,-108.417182922
829.181152344,-108.416061401
830.210266113,-108.507827759
830.231994629,-108.508872986
830.271911621,-108.513694763
830.284179688,-108.513771057
830.271911621,-108.513694763
830.305908203,-108.516265869
830.41394043,-108.526390076
830.416931152,-108.526779175
830.429321289,-108.528266907
830.43548584,-108.527565002
830.444763184,-108.528694153
830.447875977,-108.530487061
830.55267334,-108.538726807
830.558898926,-108.539459229
830.568054199,-108.540542603
830.577453613,-108.540229797
830.61138916,-108.544311523
830.608398438,-108.542533875
830.602172852,-108.541877747
830.629821777,-108.546569824
830.629821777,-108.546569824
830.633178711,-108.545516968
830.636169434,-108.545799255
830.6640625,-108.547660828
830.682373047,-108.54990387
830.68560791,-108.548881531
830.694824219,-108.549957275
830.707214355,-108.551460266
830.719421387,-108.552978516
830.719421387,-108.552978516
830.72869873,-108.553993225
830.750366211,-108.555221558
830.756591797,-108.555976868
830.768981934,-108.557395935
830.790405273,-108.55859375
830.796630859,-108.559356689
830.812255859,-108.559669495
830.815124512,-108.560127258
830.833862305,-108.562286377
830.843078613,-108.562026978
830.849182129,-108.564178467
830.852233887,-108.564552307
830.895629883,-108.568267822
830.907775879,-108.568367004
830.914123535,-108.56905365
830.917236328,-108.569442749
830.920349121,-108.568336487
830.923461914,-108.568687439
830.929626465,-108.569488525
830.932556152,-108.571342468
830.658996582,-108.457344055
830.652893066,-108.455116272
830.66217041,-108.454795837
830.668212891,-108.456962585
830.649780273,-108.453277588
830.665161133,-108.453765869
830.646789551,-108.452957153
830.674255371,-108.459114075
830.671325684,-108.454421997
830.686767578,-108.459114075
830.687133789,-108.453437805
830.693115234,-108.455627441
830.693054199,-108.457008362
830.69317627,-108.454162598
830.696228027,-108.457366943
830.708679199,-108.455963135
830.714538574,-108.4610672
830.723999023,-108.460693359
830.723999023,-108.460693359
830.726989746,-108.461135864
830.724304199,-108.45489502
