832.436828613,-107.570457458
832.442932129,-107.57118988
832.437133789,-107.564651489
832.452392578,-107.570846558
832.418518066,-107.562484741
832.418518066,-107.562484741
832.464782715,-107.570877075
832.462097168,-107.564682007
832.412414551,-107.557373047
832.418884277,-107.555259705
832.477294922,-107.572303772
832.483398438,-107.574478149
832.403076172,-107.560668945
832.399963379,-107.563064575
832.498962402,-107.574874878
832.61328125,-107.591362
832.610290527,-107.589576721
832.616638184,-107.588844299
832.594909668,-107.586250305
832.619995117,-107.583442688
832.59173584,-107.585914612
832.620117188,-107.577720642
832.61328125,-107.591362
832.712524414,-107.603126526
832.682128906,-107.585029602
832.678955078,-107.586151123
832.678955078,-107.586151123
832.707580566,-107.573486328
832.781005859,-107.604049683
832.780761719,-107.606918335
832.78125,-107.598243713
832.781311035,-107.596801758
832.780639648,-107.611167908
832.744628906,-107.576522827
832.319580078,-107.552032471
832.325622559,-107.552886963
832.313781738,-107.539833069
832.338317871,-107.544250488
832.890625,-107.589439392
832.915405273,-107.592414856
832.934082031,-107.593200684
832.940307617,-107.593940735
832.946533203,-107.59462738
831.910400391,-107.452705383
831.922668457,-107.45136261
831.922668457,-107.45136261
831.916870117,-107.447662354
831.907653809,-107.445075989
831.907714844,-107.443649292
831.904602051,-107.443336487
831.935058594,-107.455673218
831.935058594,-107.455673218
831.882873535,-107.442253113
831.876586914,-107.440055847
831.873840332,-107.436721802
831.867614746,-107.43309021
831.858520508,-107.430618286
831.883666992,-107.424919128
831.836914062,-107.428024292
831.836730957,-107.426635742
831.836914062,-107.42514801
831.905334473,-107.426048279
831.824890137,-107.419319153
831.821777344,-107.420402527
831.815612793,-107.419715881
831.812316895,-107.419364929
831.812438965,-107.417930603
831.809265137,-107.419021606
831.800109863,-107.417831421
832.154907227,-107.47454834
832.15802002,-107.47492218
832.313110352,-107.487510681
832.325439453,-107.488975525
832.682006836,-107.519714355
832.685241699,-107.520004272
832.085021973,-107.442955017
832.081970215,-107.441192627
832.091186523,-107.443695068
832.106811523,-107.444107056
832.116027832,-107.443778992
832.168762207,-107.44997406
832.159484863,-107.44745636
833.733703613,-107.635795593
833.730651855,-107.632522583
833.730773926,-107.631118774
833.730773926,-107.629608154
833.734008789,-107.628570557
833.721679688,-107.624206543
833.724975586,-107.623176575
833.71295166,-107.613037109
833.691162109,-107.608932495
833.68170166,-107.610748291
832.218200684,-107.45451355
832.215148926,-107.452644348
832.209106445,-107.451911926
833.001708984,-107.547454834
833.0234375,-107.550018311
833.032714844,-107.551132202
833.03894043,-107.551856995
832.292541504,-107.461769104
832.317382812,-107.461868286
833.066894531,-107.55380249
833.085571289,-107.554496765
832.345458984,-107.465171814
832.348388672,-107.464103699
833.125976562,-107.557823181
833.141479492,-107.559692383
833.14453125,-107.560073853
832.407409668,-107.469612122
832.419677734,-107.469642639
832.426086426,-107.470367432
832.525268555,-107.480682373
832.54083252,-107.482528687
832.543640137,-107.48286438
832.568786621,-107.482925415
832.577880859,-107.484092712
832.599609375,-107.486663818
832.605773926,-107.487419128
832.618347168,-107.487365723
832.658447266,-107.492156982
832.658508301,-107.490737915
832.658508301,-107.490737915
832.66796875,-107.491874695
832.683288574,-107.495140076
832.686340332,-107.494033813
832.695922852,-107.495155334
832.714416504,-107.495918274
832.732910156,-107.498161316
832.732910156,-107.498161316
832.739257812,-107.498886108
832.742248535,-107.499221802
832.754760742,-107.49924469
832.82611084,-107.507720947
832.826049805,-107.506233215
832.822998047,-107.505912781
832.838500977,-107.507759094
832.850952148,-107.50919342
832.853942871,-107.509567261
832.86340332,-107.509246826
832.875671387,-107.512130737
832.87878418,-107.511077881
832.891174316,-107.512496948
832.909851074,-107.514808655
832.912902832,-107.515136719
832.916015625,-107.515464783
832.928344727,-107.516952515
832.94708252,-107.517707825
832.968566895,-107.520317078
832.971801758,-107.5206604
832.971801758,-107.5206604
832.993530273,-107.521835327
832.993591309,-107.52040863
832.99987793,-107.521072388
833.009155273,-107.522094727
833.015380859,-107.522903442
833.07421875,-107.529975891
833.077453613,-107.528846741
833.071166992,-107.528091431
833.080444336,-107.530639648
833.099121094,-107.531448364
833.11151123,-107.532875061
833.114746094,-107.531814575
833.099121094,-107.531448364
833.186218262,-107.538841248
833.195373535,-107.539916992
833.195373535,-107.539916992
833.198364258,-107.540290833
833.198486328,-107.538841248
833.235656738,-107.54322052
833.241943359,-107.542526245
833.260742188,-107.544708252
833.276123047,-107.546646118
833.27935791,-107.545524597
833.288513184,-107.547996521
833.310302734,-107.547782898
833.319641113,-107.548858643
833.353820801,-107.55291748
833.356750488,-107.553314209
833.344604492,-107.550392151
833.366394043,-107.552955627
833.397399902,-107.556640625
833.41003418,-107.556602478
833.412841797,-107.557044983
833.419189453,-107.556274414
833.425292969,-107.557067871
833.434509277,-107.558189392
833.44708252,-107.559638977
833.459594727,-107.559638977
833.468688965,-107.560768127
833.471923828,-107.56111908
833.471740723,-107.562576294
833.49987793,-107.56438446
833.509216309,-107.565475464
833.512268066,-107.564552307
833.515319824,-107.564788818
833.521606445,-107.567016602
833.524780273,-107.56590271
833.527893066,-107.566261292
833.53704834,-107.567390442
833.540405273,-107.566299438
833.543334961,-107.566688538
833.558776855,-107.569961548
833.602600098,-107.572219849
833.611816406,-107.573387146
833.617919922,-107.574119568
833.670776367,-107.577430725
833.737548828,-107.556274414
833.731445312,-107.552612305
833.746826172,-107.557395935
833.740722656,-107.55229187
833.740783691,-107.550872803
833.747009277,-107.553039551
833.740783691,-107.549461365
833.731445312,-107.548332214
833.744018555,-107.549766541
833.698791504,-107.51537323
833.702026367,-107.512840271
833.70513916,-107.511703491
833.69909668,-107.509536743
833.683349609,-107.5105896
833.680480957,-107.507354736
833.683898926,-107.500572205
833.687133789,-107.499404907
833.674560547,-107.500839233
833.668579102,-107.497200012
833.757995605,-107.520851135
833.761047363,-107.519744873
833.761291504,-107.516891479
833.761535645,-107.509628296
833.305053711,-107.460021973
833.295959473,-107.457420349
833.286499023,-107.456336975
833.280578613,-107.455566406
833.280517578,-107.452674866
833.333129883,-107.461807251
833.271118164,-107.453033447
833.339599609,-107.459609985
833.351928711,-107.459701538
833.348999023,-107.456390381
833.354919434,-107.461532593
833.358215332,-107.457557678
833.361206055,-107.459358215
833.364379883,-107.461174011
833.601135254,-107.404937744
833.604248047,-107.403831482
