1639.4654541,598.193908691
1639.45568848,598.196838379
1639.4654541,598.193908691
1637.91662598,597.77734375
1637.91918945,597.787231445
1637.93371582,597.804382324
1641.19763184,598.929321289
1641.19934082,598.936035156
1641.2220459,598.940490723
1641.15270996,598.916992188
1641.11914062,598.908691406
1640.70593262,598.765258789
1640.71838379,598.772460938
1640.72949219,598.776306152
1640.72949219,598.776306152
1640.74157715,598.780212402
1640.76342773,598.784667969
1640.7989502,598.799804688
1640.82128906,598.807434082
1640.86730957,598.822998047
1640.90185547,598.834777832
1640.99267578,598.862548828
1641.015625,598.870361328
1637.97814941,597.904907227
1637.99377441,597.925476074
1638.7442627,598.168579102
1638.75598145,598.172485352
1638.77893066,598.180358887
1638.80175781,598.187927246
1638.82543945,598.19921875
1638.82543945,598.19921875
1638.90539551,598.226318359
1638.84240723,598.226257324
1638.92749023,598.230773926
1638.95129395,598.241882324
1638.90991211,598.24621582
1638.92150879,598.250061035
1638.97338867,598.246337891
1638.88745117,598.238525391
1638.8536377,598.230041504
1638.84277344,598.229553223
1638.86499023,598.234008789
1638.80786133,598.214538574
1638.88769531,598.241760254
1639.2142334,598.331237793
1639.22668457,598.338500977
1639.23706055,598.339050293
1639.19287109,598.33013916
1639.2598877,598.346801758
1639.16967773,598.322387695
1639.13623047,598.314147949
1639.11230469,598.299682617
1638.64953613,598.166748047
1638.63903809,598.166259766
1638.61633301,598.158508301
1638.60473633,598.154602051
1638.70678711,598.186218262
1638.70678711,598.186218262
1638.53674316,598.134521484
1638.52600098,598.133972168
1638.5144043,598.130187988
1638.50317383,598.126220703
1638.34460449,598.078430176
1638.33447266,598.077880859
1636.98034668,597.766845703
1636.91320801,597.75012207
1636.88989258,597.739135742
1636.8223877,597.719177246
1632.90686035,596.427124023
1632.89782715,596.433166504
1632.95361328,596.449279785
1632.85375977,596.424255371
1632.81994629,596.412780762
1632.81994629,596.412780762
1632.81018066,596.415588379
1632.79943848,596.414916992
1632.80102539,596.421569824
1632.77868652,596.414001465
1632.73620605,596.411804199
1632.69055176,596.396179199
1632.69006348,596.392944336
1632.67980957,596.392333984
1632.6784668,596.389038086
1632.65576172,596.381347656
1641.4140625,599.663024902
1641.31237793,599.634521484
1641.27880859,599.626098633
1641.44921875,599.72064209
1641.24414062,599.614318848
1641.24414062,599.614318848
1641.26879883,599.671630859
1641.18969727,599.604980469
1641.15576172,599.596557617
1641.07666016,599.572509766
1641.07666016,599.572509766
1641.03222656,599.563476562
1640.90710449,599.523925781
1640.97680664,599.596679688
1640.97680664,599.596679688
1640.87316895,599.515625
1640.81738281,599.502807617
1640.71594238,599.474365234
1640.80859375,599.5546875
1640.6932373,599.466552734
1640.74084473,599.534790039
1640.70776367,599.526489258
1640.67358398,599.517944336
1640.49084473,599.412841797
1640.4239502,599.396240234
1640.46008301,599.460449219
1640.43652344,599.449462891
1640.4263916,599.452148438
1640.25610352,599.354370117
1640.37255859,599.445983887
1640.37255859,599.445983887
1640.34936523,599.437988281
1640.23425293,599.349914551
1640.22802734,599.415100098
1639.94299316,599.278503418
1640.01708984,599.367614746
1639.69946289,599.226074219
1639.61132812,599.208251953
1639.76293945,599.317993164
1639.76293945,599.317993164
1639.74047852,599.310302734
1639.52258301,599.190124512
1639.45532227,599.173461914
1639.60961914,599.289916992
1639.38928223,599.16015625
1639.26782227,599.133850098
1639.41174316,599.256469727
1639.22314453,599.124938965
1639.19116211,599.12322998
1639.20471191,599.225463867
1639.0279541,599.101196289
1639.02624512,599.094604492
1639.17053223,599.213867188
1639.16040039,599.216552734
1639.1385498,599.212219238
1639.1385498,599.212219238
1638.92810059,599.07635498
1638.83996582,599.061706543
1638.75317383,599.050598145
1638.96655273,599.196411133
1638.81738281,599.188293457
1638.46069336,599.01171875
1638.7520752,599.178222656
1638.38647461,599.011047363
1638.38867188,599.01776123
1638.375,599.007141113
1638.36682129,599.016540527
1638.66723633,599.176818848
1638.29968262,598.999816895
1638.27807617,598.995361328
1638.62475586,599.174560547
1638.21435547,598.991882324
1638.58251953,599.172424316
1638.57275391,599.175109863
1638.14099121,598.994628906
1638.46459961,599.162719727
1638.37268066,599.174255371
1638.38415527,599.178039551
1637.93652344,598.973754883
1638.29150391,599.186218262
1638.25878906,599.181152344
1637.8215332,598.974121094
1637.81164551,598.976928711
1637.80004883,598.972839355
1637.74841309,598.976867676
1638.18835449,599.193725586
1637.69543457,598.973937988
1637.65441895,598.978210449
1637.63671875,598.993530273
1637.63671875,598.993530273
1637.6262207,598.993041992
1637.58447266,598.99395752
1637.56970215,599.01953125
1637.54138184,598.988525391
1637.53125,598.991271973
1637.52246094,598.997375488
1637.52478027,599.007202148
