830.091186523,-108.603469849
830.067321777,-108.584716797
830.057861328,-108.586540222
830.057861328,-108.586540222
830.083129883,-108.57510376
830.086364746,-108.573982239
830.147521973,-108.590026855
830.159240723,-108.604431152
830.159057617,-108.607337952
830.156005859,-108.609809875
830.147583008,-108.588615417
830.158813477,-108.611671448
830.158935547,-108.610221863
830.123352051,-108.577018738
828.906188965,-108.416236877
828.924621582,-108.417045593
829.293701172,-108.452705383
829.306274414,-108.451316833
829.306274414,-108.451316833
829.300231934,-108.44770813
829.29107666,-108.445137024
829.288085938,-108.443359375
829.266479492,-108.442169189
829.260375977,-108.440101624
829.257446289,-108.436782837
829.251464844,-108.433158875
829.242248535,-108.430656433
829.267333984,-108.424972534
829.220703125,-108.428070068
829.22076416,-108.426582336
829.22076416,-108.425170898
829.288879395,-108.426086426
829.20892334,-108.41934967
829.205627441,-108.420516968
829.199462891,-108.419692993
829.196472168,-108.419319153
829.196655273,-108.417854309
829.193359375,-108.418937683
829.184143066,-108.417907715
829.694335938,-108.48777771
829.706542969,-108.489227295
830.060974121,-108.52028656
830.064147949,-108.520645142
829.467224121,-108.443191528
829.464172363,-108.441413879
829.473632812,-108.44392395
829.461547852,-108.440940857
829.488891602,-108.444313049
829.498291016,-108.44405365
829.550476074,-108.450294495
829.541503906,-108.447761536
829.599914551,-108.45475769
829.596862793,-108.452903748
829.590698242,-108.452209473
830.378723145,-108.548324585
830.40032959,-108.550857544
830.409606934,-108.552017212
830.44342041,-108.554626465
830.462036133,-108.555389404
829.726196289,-108.465553284
829.729248047,-108.464538574
829.787780762,-108.470108032
829.800170898,-108.470108032
829.806335449,-108.470909119
829.948242188,-108.483505249
829.957458496,-108.484680176
829.979003906,-108.487289429
829.985107422,-108.487937927
829.997619629,-108.488006592
830.037353516,-108.492805481
830.037597656,-108.491378784
830.037597656,-108.491378784
830.046936035,-108.49256897
830.065246582,-108.49471283
830.074707031,-108.495796204
830.093078613,-108.49659729
830.111755371,-108.498771667
830.111755371,-108.498771667
830.117675781,-108.499542236
830.120605469,-108.499969482
830.133178711,-108.499931335
830.20098877,-108.506706238
830.204101562,-108.506973267
830.21661377,-108.508514404
830.228881836,-108.509925842
830.231994629,-108.510375977
830.241088867,-108.510040283
830.256530762,-108.511878967
830.268920898,-108.513366699
830.287353516,-108.515586853
830.290466309,-108.515907288
830.32434082,-108.518592834
830.345947266,-108.521064758
830.348937988,-108.521522522
830.348937988,-108.521522522
830.370727539,-108.522651672
830.37689209,-108.522003174
830.386291504,-108.52305603
830.392211914,-108.523849487
830.450927734,-108.530807495
830.453918457,-108.529838562
830.448059082,-108.52898407
830.475769043,-108.532295227
830.487915039,-108.533882141
830.490966797,-108.532745361
830.475769043,-108.532295227
830.561828613,-108.539855957
830.571105957,-108.54095459
830.571105957,-108.54095459
830.574279785,-108.541313171
830.574462891,-108.539855957
830.61138916,-108.544311523
830.617553711,-108.543663025
831.049987793,-108.57963562
831.068725586,-108.578994751
831.071655273,-108.582244873
831.075073242,-108.578201294
831.074951172,-108.575309753
831.074951172,-108.575309753
831.066040039,-108.571342468
831.08795166,-108.569587708
831.075622559,-108.565223694
831.066589355,-108.561218262
831.08795166,-108.569587708
831.091064453,-108.569953918
831.091064453,-108.569953918
831.08795166,-108.565284729
831.096923828,-108.573646545
831.097106934,-108.572158813
831.100097656,-108.572563171
831.100097656,-108.572563171
831.096435547,-108.583724976
831.063598633,-108.556549072
831.066833496,-108.555480957
831.063720703,-108.555122375
831.063720703,-108.555122375
831.06072998,-108.554748535
831.057556152,-108.554328918
831.057556152,-108.554328918
831.060791016,-108.551818848
831.093383789,-108.584777832
831.105651855,-108.583427429
831.108886719,-108.58379364
831.057739258,-108.550064087
