1660.92749023,608.701599121
1660.93994141,608.70892334
1660.95239258,608.716308594
1660.97607422,608.72442627
1660.98730469,608.725219727
1660.98730469,608.725219727
1660.98779297,608.728271484
1662.46972656,609.237915039
1662.49328613,609.245849609
1662.45947266,609.240539551
1662.49450684,609.252624512
1662.46044922,609.243896484
1662.46972656,609.237915039
1662.48596191,609.262023926
1662.49865723,609.26953125
1662.47607422,609.264770508
1662.48828125,609.268981934
1662.50158691,609.279663086
1662.50158691,609.279663086
1659.33251953,608.249328613
1662.83178711,609.485595703
1662.83288574,609.488891602
1662.79760742,609.476928711
1662.87915039,609.501708984
1662.73852539,609.456665039
1662.703125,609.444702148
1662.65625,609.428588867
1662.58544922,609.404418945
1662.58642578,609.407836914
1662.51489258,609.380249023
1662.51489258,609.380249023
1662.50402832,609.379699707
1662.45727539,609.363647461
1662.43334961,609.355529785
1662.37487793,609.335571289
1662.37365723,609.332092285
1662.37365723,609.332092285
1662.35095215,609.327453613
1662.32666016,609.315917969
1662.25708008,609.295410156
1662.22180176,609.283203125
1662.1862793,609.271179199
1662.15039062,609.25567627
1662.15039062,609.25567627
1662.11572266,609.247070312
1659.37023926,608.314697266
1659.38391113,608.328857422
1660.65966797,608.795654297
1660.68286133,608.803649902
1660.58959961,608.774902344
1660.52111816,608.757568359
1660.54724121,608.77911377
1660.52514648,608.774536133
1660.59521484,608.79864502
1660.59521484,608.79864502
1660.48986816,608.762573242
1660.5402832,608.791992188
1660.56359863,608.799987793
1660.56359863,608.799987793
1660.47790527,608.758483887
1660.46618652,608.754272461
1660.62060547,608.813415527
1660.66760254,608.829467773
1660.6776123,608.826660156
1660.6784668,608.830078125
1660.40795898,608.734313965
1660.40710449,608.730957031
1660.33728027,608.710266113
1660.30053711,608.691589355
1660.27819824,608.690185547
1660.24279785,608.674804688
1660.19616699,608.661987305
1659.40710449,608.380126953
1659.40881348,608.38684082
1660.33117676,608.730041504
1660.16748047,608.677124023
1660.14538574,608.672546387
1660.20361328,608.692321777
1660.10961914,608.660400391
1659.95874023,608.61505127
1660.02941895,608.639099121
1659.83166504,608.577697754
1659.77368164,608.560791016
1659.7746582,608.56439209
1655.39660645,607.19128418
1655.41113281,607.205383301
1655.41186523,607.208740234
1658.39550781,608.241394043
1658.4206543,608.256164551
1658.36218262,608.236206055
1658.32775879,608.227294922
1658.28063965,608.211425781
1658.26928711,608.207580566
1658.25842285,608.206726074
1658.22351074,608.194824219
1654.2265625,606.865234375
1654.26293945,606.88067627
1654.18334961,606.862670898
1654.15771484,606.844604492
1654.17236328,606.862121582
1654.14831543,606.850708008
1654.14904785,606.854064941
1654.1361084,606.843444824
1654.10595703,606.851623535
1654.09338379,606.844299316
1654.06958008,606.833007812
1654.06958008,606.833007812
1654.05859375,606.832397461
1654.05859375,606.832397461
1654.56958008,607.000976562
1654.59289551,607.008728027
1654.59289551,607.008728027
1653.98083496,606.821228027
1653.93505859,606.808654785
1653.93505859,606.808654785
1663.00793457,610.212219238
1662.92797852,610.237365723
1662.92797852,610.237365723
1662.8815918,610.22479248
1662.60461426,610.151794434
1662.50085449,610.122192383
1662.39440918,610.039428711
1662.38232422,610.035217285
1662.43127441,610.104736328
1662.32617188,610.025268555
1662.3137207,610.021240234
1662.23352051,609.999816895
1662.19812012,609.987854004
1662.17602539,609.986450195
1662.1862793,610.027099609
1662.17565918,610.029724121
1662.09545898,609.965148926
1662.08508301,609.967712402
1662.10827637,610.019165039
1662.04992676,609.999084473
1662.05053711,610.002319336
1662.06311035,610.00982666
1662.04052734,610.004943848
1661.97949219,609.93145752
1661.9822998,609.98828125
1661.95983887,609.983825684
1661.94885254,609.982971191
1661.86743164,609.958435059
1661.85351562,609.900817871
1661.85705566,609.961120605
1661.81176758,609.951599121
1661.68017578,609.853942871
1661.61853027,609.910400391
1661.50915527,609.813964844
1661.52001953,609.81451416
1661.48791504,609.816162109
1661.4588623,609.874206543
1661.43432617,609.862792969
1661.38476562,609.790039062
1661.32202148,609.842895508
1661.3104248,609.838989258
1661.24609375,609.75177002
1661.24609375,609.75177002
1661.28796387,609.837463379
1661.15637207,609.73651123
1661.13256836,609.728393555
1661.12182617,609.727966309
1661.05395508,609.713928223
1660.87072754,609.669677734
1660.77966309,609.651000977
1660.70019531,609.633117676
1660.75927734,609.743041992
1660.5098877,609.602050781
1660.72644043,609.741210938
1660.65734863,609.723693848
1660.64794922,609.729797363
1660.37451172,609.577331543
1660.49023438,609.700683594
1660.45605469,609.691955566
1660.45605469,609.691955566
1660.42663574,609.703552246
1660.3795166,609.687438965
1660.40380859,609.698730469
1660.37036133,609.69342041
1660.31506348,609.686950684
1660.2923584,609.682250977
1660.31652832,609.693847656
1660.26171875,609.690612793
1660.25024414,609.686462402
1660.0748291,609.539733887
1660.03942871,609.527587891
1660.26281738,609.693969727
1659.99609375,609.525146484
1659.96203613,609.51965332
1659.95117188,609.519165039
1660.06494141,609.678833008
1659.98876953,609.674255371
1659.97766113,609.673706055
1659.71057129,609.501525879
1659.68762207,609.497009277
1659.66418457,609.489074707
1659.90380859,609.679199219
1659.62219238,609.493103027
1659.60070801,609.495117188
1659.56530762,609.479858398
1659.85021973,609.679443359
1659.51269531,609.483337402
1659.51269531,609.483337402
1659.79699707,609.682922363
1659.46716309,609.473937988
1659.75280762,609.677062988
1659.42321777,609.471374512
1659.72314453,609.688659668
1659.0682373,609.470397949
1658.96496582,609.487670898
1658.92126465,609.484985352
