1636.60192871,597.446594238
1636.60314941,597.453186035
1636.58044434,597.44543457
1636.55993652,597.447570801
1636.54711914,597.436950684
1636.53466797,597.429992676
1636.53637695,597.436645508
1636.65368652,597.488525391
1636.65368652,597.488525391
1636.66540527,597.495666504
1636.64355469,597.491210938
1636.55065918,597.453491211
1636.53930664,597.449645996
1636.53930664,597.449645996
1636.51196289,597.422119141
1636.50378418,597.43145752
1636.64404297,597.494506836
1636.52990723,597.452514648
1636.54162598,597.459716797
1636.56420898,597.467529297
1636.51757812,597.44543457
1636.57592773,597.471252441
1634.83862305,596.944091797
1634.96911621,597.00994873
1638.36486816,598.204956055
1638.36535645,598.208190918
1638.3314209,598.196594238
1638.27416992,598.177124023
1638.26367188,598.176513672
1638.23962402,598.165527344
1638.19421387,598.150024414
1638.18395996,598.149475098
1638.12536621,598.126647949
1638.12646484,598.129882812
1638.05725098,598.10333252
1638.05725098,598.10333252
1637.70336914,597.982910156
1637.73815918,597.99786377
1637.65795898,597.97064209
1637.77246094,598.009460449
1637.70336914,597.982910156
1637.8067627,598.021179199
1637.86303711,598.03729248
1637.87451172,598.041137695
1637.89807129,598.052246094
1637.92041016,598.056762695
1637.92041016,598.056762695
1635.04016113,597.137634277
1635.0423584,597.144287109
1635.9074707,597.438781738
1635.88598633,597.43762207
1635.94311523,597.457092285
1635.85083008,597.422607422
1636.01147461,597.480285645
1636.01062012,597.476989746
1635.80615234,597.410583496
1636.06835938,597.499694824
1636.07995605,597.503601074
1636.09155273,597.507446289
1636.12548828,597.519042969
1636.14013672,597.536132812
1636.16247559,597.544006348
1636.16247559,597.544006348
1636.19372559,597.542358398
1636.19372559,597.542358398
1636.2175293,597.55657959
1636.26342773,597.57208252
1636.27368164,597.569458008
1636.27429199,597.572875977
1635.6706543,597.367248535
1635.68188477,597.37121582
1635.84606934,597.4453125
1635.81311035,597.440246582
1635.77844238,597.425292969
1635.7565918,597.421020508
1635.7220459,597.409240723
1635.93762207,597.476379395
1635.45178223,597.329467773
1635.39587402,597.313537598
1635.3963623,597.316650391
1635.26074219,597.2734375
1635.25012207,597.273132324
1635.22692871,597.265258789
1631.16015625,596.005371094
1631.16088867,596.008544922
1631.1496582,596.004638672
1631.15075684,596.008239746
1631.15075684,596.008239746
1634.05712891,597.006835938
1634.0814209,597.021240234
1634.0246582,597.00177002
1633.99108887,596.993530273
1633.98071289,596.992980957
1633.94616699,596.978088379
1633.93444824,596.974121094
1633.92382812,596.973693848
1633.88964844,596.962036133
1630.03210449,595.682006836
1630.04467773,595.692443848
1630.0098877,595.67755127
1629.96789551,595.675476074
1629.94348145,595.657897949
1629.9576416,595.674804688
1629.93432617,595.663818359
1629.93518066,595.667053223
1629.93566895,595.670349121
1629.921875,595.656677246
1629.8918457,595.661560059
1629.89282227,595.664855957
1629.88049316,595.657714844
1629.85717773,595.646850586
1629.85717773,595.646850586
1629.84643555,595.646179199
1629.84643555,595.646179199
1629.7713623,595.635742188
1629.72692871,595.623596191
1629.72692871,595.623596191
1638.53125,598.917419434
1638.45275879,598.942504883
1638.45275879,598.942504883
1638.40795898,598.930358887
1638.13928223,598.860229492
1638.03771973,598.831726074
1637.93493652,598.750854492
1637.92346191,598.747131348
1637.97094727,598.815185547
1637.86877441,598.737670898
1637.85717773,598.733642578
1637.77893066,598.712890625
1637.7442627,598.701416016
1637.72338867,598.700256348
1637.73291016,598.739929199
1637.72265625,598.742797852
1637.64501953,598.679626465
1637.63525391,598.682434082
1637.65759277,598.732727051
1637.60058594,598.713256836
1637.60119629,598.716491699
1637.61364746,598.723815918
1637.59118652,598.719299316
1637.53234863,598.647338867
1637.53466797,598.703125
1637.51269531,598.698669434
1637.50231934,598.698181152
1637.42321777,598.674194336
1637.41308594,598.677001953
1637.36889648,598.667907715
1637.35290527,598.598449707
1637.24206543,598.572753906
1637.18151855,598.628356934
1637.07580566,598.534423828
1637.05505371,598.536560059
1637.02636719,598.593811035
1637.00280762,598.582885742
1636.95458984,598.511535645
1636.89318848,598.563598633
1636.82006836,598.47479248
1636.82006836,598.47479248
1636.86096191,598.55871582
1636.86120605,598.561950684
1636.73254395,598.460205078
1636.71008301,598.452453613
1636.69921875,598.451904297
1636.63305664,598.438415527
1636.45507812,598.396179199
1636.42321777,598.394470215
1636.2911377,598.367614746
1636.34606934,598.468688965
1636.10449219,598.331481934
1636.31445312,598.467041016
1636.24755859,598.450195312
1636.23876953,598.456298828
1635.97351074,598.307983398
1636.10949707,598.442810059
1636.02319336,598.43157959
1635.97753906,598.416137695
1636.00134277,598.427124023
1635.96850586,598.422180176
1635.91442871,598.41607666
1635.89233398,598.411376953
1635.91638184,598.422668457
1635.86291504,598.419677734
1635.83935547,598.408569336
1635.85180664,598.415893555
1635.6817627,598.272644043
1635.64807129,598.261047363
1635.81835938,598.407592773
1635.60522461,598.258789062
1635.57275391,598.25390625
1635.56201172,598.253173828
1635.71337891,598.40838623
1635.71337891,598.40838623
1635.67138672,598.409179688
1635.59716797,598.405334473
1635.58630371,598.404724121
1635.32763672,598.237243652
1635.30505371,598.232666016
1635.28283691,598.225097656
1635.51489258,598.410644531
1635.24182129,598.229248047
1635.22167969,598.231445312
1635.18701172,598.216552734
1635.46264648,598.411132812
1635.13513184,598.220336914
1635.13513184,598.220336914
1635.41088867,598.415039062
1635.09118652,598.211425781
1635.36791992,598.409240723
1635.04821777,598.209106445
1635.33911133,598.420776367
1634.70324707,598.209960938
1634.60253906,598.227478027
1634.55969238,598.225158691
