1283.39880371,256.518341064
1283.40588379,256.521759033
1283.37805176,256.51675415
1283.42590332,256.523284912
1283.41967773,256.528808594
1283.42651367,256.527770996
1283.43347168,256.529022217
1283.35766602,256.513122559
1283.36535645,256.521087646
1283.39880371,256.518341064
1283.44677734,256.529296875
1283.35095215,256.514068604
1283.35839844,256.519805908
1283.44824219,256.542633057
1283.47546387,256.547729492
1283.33044434,256.510284424
1283.32421875,256.51361084
1283.31005859,256.50881958
1283.50158691,256.536987305
1283.50805664,256.538238525
1283.51611328,256.548370361
1283.51647949,256.552886963
1283.51647949,256.552886963
1283.28894043,256.500640869
1283.28320312,256.512817383
1283.26184082,256.497924805
1283.54296875,256.548980713
1283.55041504,256.552459717
1283.56384277,256.554962158
1283.56347656,256.552703857
1283.55175781,256.572692871
1283.23425293,256.490722656
1283.23449707,256.492950439
1283.25634766,256.510040283
1283.2286377,256.5050354
1283.22741699,256.4894104
1283.57714844,256.552978516
1283.57189941,256.569580078
1283.20666504,256.485687256
1283.20080566,256.497894287
1283.18652344,256.488708496
1283.17932129,256.480773926
1283.17932129,256.480773926
1283.17272949,256.481719971
1283.16601562,256.4871521
1283.16003418,256.494873047
1283.15258789,256.482452393
1283.13891602,256.482208252
1283.10437012,256.475982666
1283.10388184,256.467132568
1283.0970459,256.467956543
1283.09057617,256.471252441
1283.06262207,256.459564209
1283.06262207,256.459564209
1283.00830078,256.456359863
1283.00842285,256.46081543
1283.00085449,256.44833374
1282.91235352,256.441131592
1282.90527344,256.435333252
1282.90551758,256.439849854
1283.17553711,256.51751709
1283.18969727,256.52230835
1283.16967773,256.525268555
1283.19042969,256.528991699
1283.18395996,256.532318115
1283.19750977,256.534851074
1283.19750977,256.534851074
1283.2244873,256.53302002
1283.21826172,256.538452148
1283.23156738,256.536468506
1283.22497559,256.54196167
1283.14343262,256.531463623
1284.12585449,256.72088623
1284.10571289,256.719451904
1284.11962891,256.726348877
1285.3638916,256.945587158
1285.37756348,256.950317383
1285.39135742,256.950592041
1286.10290527,257.106323242
1286.10986328,257.109802246
1286.09643555,257.107330322
1286.08300781,257.109375
1286.08984375,257.112792969
1286.07592773,257.108123779
1286.08996582,257.115081787
1287.38647461,257.421142578
1287.39306641,257.422363281
1287.38659668,257.423400879
1287.37976074,257.422210693
1287.40039062,257.426025391
1287.40722656,257.429351807
1287.42089844,257.429656982
1288.07702637,257.551055908
1288.09118652,257.553527832
1288.09814453,257.557067871
1288.07702637,257.551055908
1288.11865234,257.55859375
1288.11865234,257.55859375
1288.12597656,257.562072754
1287.66271973,257.478088379
1287.66967773,257.479248047
1287.67651367,257.480560303
1287.67651367,257.480560303
1287.64916992,257.477813721
1287.68383789,257.481750488
1287.68383789,257.481750488
1287.66271973,257.478088379
