680.709411621,96.6848373413
680.716125488,96.6868362427
680.702636719,96.6950378418
680.693969727,96.6841659546
680.698120117,96.6932907104
680.693969727,96.6841659546
680.695922852,96.694229126
680.726867676,96.6966705322
680.731750488,96.6873931885
680.68927002,96.6934204102
680.738525391,96.6880645752
680.753845215,96.6985549927
680.749450684,96.6894989014
680.758300781,96.6990661621
680.756103516,96.6902389526
680.758361816,96.6904983521
680.669372559,96.6922988892
680.669372559,96.6922988892
680.667236328,96.6811294556
680.658447266,96.6800613403
680.769226074,96.7016296387
680.771362305,96.7019271851
680.647521973,96.6799316406
680.780578613,96.6968231201
680.780395508,96.695640564
680.649414062,96.6899871826
680.64074707,96.679145813
680.631774902,96.6780853271
680.633789062,96.6881866455
680.629333496,96.6876831055
680.616149902,96.6763381958
680.595947266,96.6862487793
680.596313477,96.6751556396
680.58972168,96.6743850708
680.589294434,96.6866531372
680.584899902,96.6848983765
680.582885742,96.6760635376
680.585266113,96.6750640869
680.580871582,96.6746139526
680.569458008,96.6842422485
680.567260742,96.6852493286
680.562744141,96.6847686768
680.560546875,96.6844940186
680.549438477,96.6832733154
680.542907715,96.6823501587
680.522949219,96.6702346802
680.529418945,96.68334198
680.525085449,96.6827392578
680.520874023,96.6699295044
680.493835449,96.6815490723
680.491516113,96.6813583374
680.485168457,96.6682815552
680.447570801,96.6663894653
680.447570801,96.6663894653
680.445495605,96.6659088135
680.445495605,96.6659088135
680.431945801,96.6669158936
680.431945801,96.6669158936
680.423095703,96.6659088135
680.411987305,96.6657485962
680.407104492,96.6776046753
680.407104492,96.6776046753
680.409851074,96.6667327881
680.39855957,96.665473938
680.380493164,96.6792831421
680.372131348,96.6647109985
680.369689941,96.6645278931
680.369689941,96.6657562256
680.371704102,96.6794204712
680.367492676,96.6666870117
680.360961914,96.664680481
680.343139648,96.6650085449
680.322937012,96.6651153564
680.32043457,96.6796340942
680.316101074,96.6778488159
680.30267334,96.6811447144
680.300476074,96.6808624268
680.296081543,96.6816101074
680.284851074,96.6816177368
680.273803711,96.6827087402
680.260559082,96.6811065674
680.260559082,96.6811065674
680.247497559,96.6660461426
680.246948242,96.6845321655
680.242675781,96.6839523315
680.222900391,96.6681137085
680.220825195,96.6678848267
680.22076416,96.6702880859
680.220336914,96.6862564087
680.220336914,96.6862564087
680.217956543,96.6860351562
680.211669922,96.6864089966
680.202941895,96.668182373
680.198364258,96.670173645
680.195922852,96.68699646
680.198181152,96.6885223389
680.19152832,96.68775177
680.178405762,96.6726913452
680.176391602,96.6711273193
680.17175293,96.6719512939
680.17175293,96.6719512939
680.162963867,96.6721115112
680.156188965,96.6737670898
680.140686035,96.6744766235
680.140686035,96.6744766235
680.131835938,96.6745758057
680.10949707,96.6793441772
680.107177734,96.6790924072
680.098388672,96.6792144775
680.106628418,96.7011413574
680.104492188,96.700843811
680.093322754,96.7032470703
680.091064453,96.7029571533
680.080444336,96.6820373535
680.075866699,96.6815872192
680.084289551,96.7071228027
680.069396973,96.6832046509
680.079833984,96.707824707
680.073242188,96.7082290649
680.06427002,96.7109069824
680.06427002,96.7109069824
680.029296875,96.689453125
680.048828125,96.7139511108
680.037353516,96.718788147
680.032958984,96.7194595337
680.035217285,96.7196121216
680.028564453,96.7213439941
680.01965332,96.7239303589
680.013000488,96.7256851196
679.968994141,96.7045516968
679.999511719,96.7326583862
679.953308105,96.7087936401
679.937683105,96.7143325806
679.950073242,96.7551116943
679.906311035,96.7253875732
679.945617676,96.7570266724
679.938842773,96.7574768066
679.938842773,96.7598342896
679.932128906,96.7603607178
679.936523438,96.7633132935
679.927612305,96.7696075439
679.923278809,96.7690963745
679.87487793,96.7400817871
679.863769531,96.7449645996
679.856994629,96.7478485107
679.911804199,96.7788543701
679.848083496,96.7528991699
679.847961426,96.7541351318
679.834533691,96.7623672485
679.882324219,96.8061065674
679.873352051,96.8134536743
679.873291016,96.8159866333
679.87097168,96.8169937134
679.870849609,96.8182296753
679.777893066,96.8060684204
679.854919434,96.8384475708
679.852722168,96.8406143188
679.854797363,96.8434143066
679.775512695,96.8107070923
679.773498535,96.8115692139
679.850280762,96.8537902832
679.847900391,96.8584594727
679.843444824,96.8676986694
679.752929688,96.8422622681
679.748291016,96.84790802
679.748291016,96.84790802
679.74609375,96.8475875854
679.74597168,96.851348877
679.739013672,96.8615722656
679.732055664,96.8718261719
679.732116699,96.8754501343
679.83581543,96.9121780396
679.835205078,96.9342651367
679.835205078,96.9342651367
679.715026855,96.9458618164
679.843139648,96.9781646729
679.844909668,96.9930648804
679.716552734,96.9767532349
679.712097168,96.9750289917
679.711975098,96.9835510254
679.711975098,96.9835510254
679.711730957,96.9884643555
679.711730957,96.9884643555
679.862304688,97.0099105835
679.707458496,96.9927978516
679.926696777,97.0125961304
679.935424805,97.0124740601
679.939880371,97.0129776001
679.633850098,97.0062408447
679.900756836,97.0709609985
679.719055176,97.064163208
679.971008301,97.0141677856
679.716796875,97.0651702881
679.732177734,97.0705871582
679.694641113,97.0637435913
679.66796875,97.0630264282
679.679077148,97.0644378662
679.659179688,97.0620117188
679.668029785,97.0643692017
679.668029785,97.0643692017
679.956420898,97.0725631714
679.645874023,97.061706543
679.974182129,97.0722732544
679.998718262,97.0677719116
679.73840332,97.0885772705
680.006530762,97.0134811401
680.013183594,97.0142288208
680.033203125,97.0153961182
679.753540039,97.1173324585
679.753295898,97.118522644
680.044433594,97.0141906738
680.034179688,97.0731506348
679.748962402,97.1241836548
679.75958252,97.1328430176
679.753051758,97.130821228
679.755187988,97.1347503662
680.056396484,97.0721511841
680.056335449,97.0733642578
679.572631836,97.0627975464
680.063049316,97.0704345703
680.065185547,97.0719528198
679.50958252,97.0026016235
679.505187988,97.004486084
679.502807617,97.005531311
680.078674316,97.0710525513
680.085388184,97.0717926025
679.500732422,97.0027694702
679.491760254,97.0054626465
679.530334473,97.0615463257
679.759338379,97.1512451172
679.916931152,97.1538467407
679.532531738,97.0630340576
680.098693848,97.073348999
680.105285645,97.0729598999
679.478393555,97.0038757324
679.510559082,97.061630249
679.763793945,97.1577224731
679.925415039,97.1647109985
679.927612305,97.1723403931
679.925292969,97.1756515503
679.501647949,97.0605926514
679.467407227,97.0013427734
679.454101562,97.0010528564
679.490539551,97.0568695068
680.126525879,97.0165557861
679.929748535,97.1774749756
679.936157227,97.1880493164
679.440612793,97.0006942749
679.438659668,97.0028305054
679.475158691,97.0598068237
679.936096191,97.189239502
679.942749023,97.1937332153
679.942749023,97.1937332153
679.431884766,97.004447937
680.156311035,97.0741043091
680.156311035,97.0741043091
679.452880859,97.0597381592
679.416503906,97.0002059937
680.16418457,97.0197753906
680.170715332,97.0205230713
680.16973877,97.0744552612
679.430969238,97.0582885742
680.197631836,97.0199966431
679.426269531,97.059135437
679.417480469,97.0567321777
679.408569336,97.0581970215
679.387573242,97.0005645752
680.204101562,97.0207901001
680.202026367,97.0192871094
680.210754395,97.0203552246
680.20300293,97.0734710693
680.211914062,97.0720672607
680.211914062,97.0720672607
680.22644043,97.020980835
680.231872559,97.0743484497
680.23638916,97.073677063
680.23638916,97.073677063
679.384033203,97.0589752197
679.334533691,96.9978713989
680.245300293,97.0747375488
679.35534668,97.0567703247
679.316711426,96.9970321655
680.260742188,97.0765533447
680.265197754,97.0758514404
680.281921387,97.0225906372
680.281860352,97.0214080811
680.272094727,97.0766220093
679.287902832,96.9972915649
679.319885254,97.0550537109
680.289489746,97.0763397217
679.319946289,97.056312561
679.276794434,96.996055603
679.302246094,97.0553970337
679.302246094,97.0553970337
679.293334961,97.054397583
679.29119873,97.054107666
680.32421875,97.0226516724
679.282165527,97.0554656982
679.256713867,96.9961242676
679.254699707,96.9958877563
680.327270508,97.0770797729
680.339660645,97.0245056152
680.344116211,97.026260376
679.243530273,96.9969940186
679.241333008,96.9955062866
679.236938477,96.9949493408
680.346374512,97.0228271484
679.236938477,96.9962081909
679.236938477,96.9962081909
680.372924805,97.023475647
680.4140625,97.0799026489
680.4140625,97.0799026489
680.41619873,97.0801620483
680.434082031,97.0786361694
680.438659668,97.0791473389
680.444091797,97.0257720947
679.120422363,97.0499191284
680.487304688,97.0812454224
679.116088867,97.0481796265
679.105102539,97.0480575562
679.112792969,96.9914474487
680.529663086,97.0800704956
680.531738281,97.0791625977
680.517333984,97.0259094238
680.517333984,97.0259094238
680.54510498,97.0819168091
680.542907715,97.0828933716
679.082824707,97.0478744507
680.554138184,97.0804824829
680.556335449,97.0819168091
680.541931152,97.0250320435
680.562988281,97.0791015625
679.056152344,97.049659729
679.066345215,96.9907608032
679.051025391,96.9926223755
680.569641113,97.0799026489
679.049499512,97.0488433838
679.044189453,96.9919052124
679.041931152,96.989112854
679.035522461,96.9908294678
679.030944824,96.9927520752
679.024291992,96.991897583
680.568664551,97.0269088745
679.026489258,96.9885177612
679.024169922,96.990737915
680.609680176,97.0809173584
680.618469238,97.0819549561
679.00201416,96.989402771
679.000976562,97.0456390381
680.588562012,97.0293502808
680.591003418,97.0270690918
680.595275879,97.02759552
680.620788574,97.0821456909
680.62298584,97.0824661255
680.625183105,97.0814971924
680.629760742,97.0820465088
680.606323242,97.0289535522
680.61541748,97.0286941528
680.64666748,97.0274581909
680.694152832,97.0822982788
680.705505371,97.0823287964
680.707519531,97.0814056396
680.754455566,97.0819778442
680.72644043,97.0283737183
680.730895996,97.0288925171
680.733093262,97.0291671753
680.756530762,97.0846710205
680.757629395,97.0308074951
680.757629395,97.0296096802
680.759887695,97.0298614502
680.75982666,97.0286254883
680.768798828,97.0308914185
680.768859863,97.0283660889
680.77532959,97.0292510986
680.517578125,96.8194351196
680.522094727,96.8198852539
680.521850586,96.8224487305
680.524230957,96.821434021
680.510925293,96.8198852539
680.524169922,96.8226623535
680.528442383,96.8220291138
680.515258789,96.825302124
680.515258789,96.825302124
680.517578125,96.8194351196
680.528564453,96.8231887817
680.539794922,96.8256835938
680.539672852,96.8269195557
680.541809082,96.8272094727
680.546325684,96.8301696777
680.548339844,96.8292617798
680.550720215,96.8307876587
680.55291748,96.8359146118
680.559387207,96.8354263306
680.546142578,96.8399353027
680.541625977,96.8382415771
680.566101074,96.8398590088
680.563659668,96.8421707153
680.572631836,96.8431549072
680.577087402,96.8472976685
680.579223633,96.8524551392
680.581298828,96.8539505005
