829.775085449,-108.599487305
829.775634766,-108.587997437
829.772949219,-108.581809998
829.770202637,-108.57283783
829.844360352,-108.57888031
829.844421387,-108.577430725
829.844421387,-108.577430725
829.838317871,-108.573791504
829.84765625,-108.57484436
828.971740723,-108.443580627
828.96887207,-108.438896179
828.965820312,-108.438522339
828.984191895,-108.442222595
828.950317383,-108.436683655
828.953918457,-108.432739258
828.950561523,-108.433769226
828.935180664,-108.433403015
828.929260254,-108.42980957
828.926086426,-108.430892944
828.954406738,-108.421226501
828.929443359,-108.426895142
828.926269531,-108.425079346
828.920227051,-108.424285889
828.916992188,-108.425453186
828.917114258,-108.423995972
828.923706055,-108.417526245
828.898925781,-108.41746521
828.892822266,-108.416725159
828.89263916,-108.419578552
828.889648438,-108.414955139
828.883605957,-108.417053223
828.883361816,-108.418510437
828.880554199,-108.413825989
828.880187988,-108.418121338
828.874206543,-108.415901184
828.871337891,-108.412658691
830.073181152,-108.520881653
830.057922363,-108.517616272
830.104187012,-108.523033142
830.10723877,-108.523529053
830.125793457,-108.524253845
830.134887695,-108.525444031
830.159729004,-108.526931763
830.24005127,-108.533668518
830.252319336,-108.535118103
830.255249023,-108.535575867
830.26159668,-108.536239624
830.267822266,-108.536956787
830.280151367,-108.53704071
830.292541504,-108.538452148
830.298583984,-108.539276123
830.354187012,-108.544464111
830.366577148,-108.544494629
830.375793457,-108.545654297
830.385009766,-108.546775818
830.39440918,-108.546409607
830.397460938,-108.54825592
830.440551758,-108.551948547
830.446777344,-108.552757263
830.446716309,-108.551269531
830.428344727,-108.549087524
830.480651855,-108.555389404
830.487060547,-108.556159973
830.486938477,-108.554672241
830.502319336,-108.556518555
830.505432129,-108.556915283
830.598144531,-108.565116882
830.598327637,-108.563644409
830.604187012,-108.565864563
830.610778809,-108.565109253
830.613830566,-108.565505981
830.620117188,-108.566146851
830.619934082,-108.564781189
830.364685059,-108.45589447
830.358581543,-108.45375061
830.361755371,-108.451171875
830.377075195,-108.455924988
830.355712891,-108.450439453
830.374023438,-108.452690125
830.352355957,-108.451530457
830.374084473,-108.45123291
830.346496582,-108.447898865
830.377319336,-108.450149536
830.383422852,-108.452301025
830.383422852,-108.453788757
830.383483887,-108.450874329
830.340026855,-108.450088501
830.337097168,-108.449615479
830.398925781,-108.452758789
830.398620605,-108.45715332
830.405090332,-108.453414917
830.404907227,-108.454940796
830.404907227,-108.456390381
830.408081055,-108.45388031
830.408081055,-108.45526886
830.411315918,-108.454216003
830.414367676,-108.451698303
830.417236328,-108.457801819
