827.304931641,-106.927398682
827.275085449,-106.909439087
827.271850586,-106.910545349
827.271850586,-106.910545349
827.300170898,-106.897994995
827.372680664,-106.92829895
827.372558594,-106.931106567
827.37286377,-106.92250061
827.373046875,-106.921081543
827.372436523,-106.935447693
827.336975098,-106.90096283
827.194946289,-106.91292572
827.188903809,-106.910736084
827.191955566,-106.908317566
827.185668945,-106.910446167
827.210266113,-106.913238525
827.213562012,-106.907981873
827.213806152,-106.902252197
826.512329102,-106.778518677
826.524658203,-106.777107239
826.524658203,-106.777107239
826.518737793,-106.773544312
826.50958252,-106.770996094
826.509643555,-106.76953125
826.506591797,-106.769241333
826.485168457,-106.768089294
826.479187012,-106.765975952
826.476135254,-106.762710571
826.470275879,-106.759086609
826.461181641,-106.756561279
826.486083984,-106.750892639
826.43963623,-106.754020691
826.439758301,-106.752677917
826.439819336,-106.751152039
826.49822998,-106.752349854
826.507324219,-106.752052307
826.42767334,-106.745429993
826.424865723,-106.746482849
826.418701172,-106.745758057
826.415527344,-106.74546051
826.415649414,-106.743972778
826.412475586,-106.745071411
826.403442383,-106.74395752
826.754333496,-106.800010681
826.757202148,-106.800415039
826.842834473,-106.80909729
826.836914062,-106.806922913
827.274902344,-106.844535828
827.277954102,-106.844902039
826.684936523,-106.768753052
826.682006836,-106.766960144
826.690979004,-106.769470215
826.706359863,-106.769859314
826.715698242,-106.769500732
826.816589355,-106.780029297
826.813720703,-106.778259277
827.590881348,-106.871856689
827.612182617,-106.874420166
827.621520996,-106.875518799
827.627563477,-106.876235962
827.655273438,-106.878082275
827.673522949,-106.878829956
827.713623047,-106.882156372
827.728881836,-106.883903503
827.732055664,-106.884307861
827.003540039,-106.794944763
827.015869141,-106.794975281
827.021911621,-106.795677185
827.119934082,-106.805870056
827.135192871,-106.807723999
827.138183594,-106.808151245
827.162841797,-106.808082581
827.17199707,-106.809234619
827.19354248,-106.811767578
827.199645996,-106.812423706
827.211791992,-106.812492371
827.251586914,-106.817276001
827.251708984,-106.815811157
827.251708984,-106.815811157
827.260925293,-106.816833496
827.276123047,-106.82006073
827.279296875,-106.819038391
827.288513184,-106.820137024
827.307006836,-106.820823669
827.319030762,-106.823760986
827.325256348,-106.823028564
827.325256348,-106.823028564
827.331481934,-106.823760986
827.334350586,-106.824180603
827.346862793,-106.824142456
827.41418457,-106.830741882
827.417175293,-106.831092834
827.429504395,-106.832504272
827.441650391,-106.833984375
827.444824219,-106.834312439
827.454162598,-106.834022522
827.466247559,-106.836845398
827.469482422,-106.835845947
827.481567383,-106.837249756
827.500061035,-106.839416504
827.503051758,-106.839820862
827.506103516,-106.840110779
827.536865234,-106.842353821
827.558349609,-106.84488678
827.561340332,-106.845298767
827.561340332,-106.845298767
827.582641602,-106.846374512
827.589111328,-106.845657349
827.598083496,-106.846763611
827.604370117,-106.847488403
827.662597656,-106.854347229
827.665649414,-106.85332489
827.659423828,-106.852630615
827.668640137,-106.85509491
827.687011719,-106.855819702
827.699279785,-106.857307434
827.702514648,-106.856185913
827.687011719,-106.855819702
827.773071289,-106.863098145
827.782165527,-106.864250183
827.782165527,-106.864250183
827.785217285,-106.864616394
827.785339355,-106.863166809
827.82208252,-106.867507935
827.828308105,-106.86681366
827.846557617,-106.869026184
827.862060547,-106.870811462
827.86517334,-106.869682312
827.874267578,-106.872291565
827.895812988,-106.871925354
827.905029297,-106.873046875
827.923461914,-106.873840332
827.92956543,-106.874526978
827.938659668,-106.877059937
827.941772461,-106.877357483
827.95111084,-106.876991272
827.966369629,-106.877418518
827.981689453,-106.88067627
827.99395752,-106.88067627
827.997009277,-106.881080627
828.000183105,-106.880027771
828.003417969,-106.88028717
828.009399414,-106.881034851
828.018676758,-106.882164001
828.030883789,-106.883720398
828.043212891,-106.883674622
828.052368164,-106.88470459
828.055358887,-106.885101318
828.055358887,-106.886505127
828.083068848,-106.888427734
828.092407227,-106.889480591
828.09552002,-106.888420105
828.098449707,-106.888717651
828.104675293,-106.890853882
828.107910156,-106.889801025
828.110839844,-106.890228271
828.119995117,-106.891288757
828.122924805,-106.890167236
828.126220703,-106.890556335
828.141540527,-106.893882751
828.184326172,-106.896072388
828.193786621,-106.897064209
828.199890137,-106.897865295
827.896972656,-106.785430908
827.884887695,-106.781021118
827.881530762,-106.782173157
827.918395996,-106.786521912
827.872436523,-106.781089783
827.866394043,-106.780288696
827.866394043,-106.777496338
827.924621582,-106.784416199
827.937011719,-106.784416199
827.934143066,-106.781082153
827.85723877,-106.777786255
827.939941406,-106.786254883
827.943237305,-106.782241821
827.946166992,-106.784080505
827.949157715,-106.785835266
828.363525391,-106.829086304
828.360412598,-106.825935364
828.360412598,-106.825935364
828.35168457,-106.820465088
828.35168457,-106.820465088
828.348571777,-106.818748474
828.345581055,-106.818328857
828.339294434,-106.821876526
828.339355469,-106.819107056
828.330200195,-106.816444397
