683.993774414,66.6304168701
683.993713379,66.6352920532
683.985046387,66.6321640015
684.002502441,66.6371994019
684.007019043,66.6350479126
683.993774414,66.6304168701
684.004699707,66.6386642456
684.004882812,66.6397399902
684.009338379,66.6376800537
684.009338379,66.6376800537
684.007019043,66.6399993896
684.046691895,66.6357650757
684.042236328,66.6390609741
684.042236328,66.6390609741
684.249633789,66.6698074341
684.247253418,66.6709289551
684.940063477,66.7665481567
684.937805176,66.7675552368
