830.122436523,-109.101631165
830.125549316,-109.09765625
830.146911621,-109.104537964
830.146911621,-109.104537964
830.146911621,-109.104537964
830.150146484,-109.104919434
830.150695801,-109.090530396
830.575317383,-109.15599823
830.585754395,-109.126838684
830.545776367,-109.122070312
830.56451416,-109.122787476
830.555236816,-109.121665955
830.54901123,-109.12097168
830.489746094,-109.131210327
830.486633301,-109.129447937
830.487243652,-109.119308472
830.487243652,-109.119308472
830.477478027,-109.123977661
829.592163086,-108.985809326
829.598388672,-108.986541748
829.60736084,-108.987701416
829.730834961,-108.999458313
829.737121582,-108.998847961
829.721679688,-108.996879578
829.749389648,-109.000297546
829.712646484,-108.991493225
829.709594727,-108.989677429
829.706359863,-108.989356995
829.709594727,-108.988288879
829.706481934,-108.987983704
829.706604004,-108.986503601
829.703430176,-108.988952637
829.694396973,-108.982147217
829.974243164,-109.021591187
829.977416992,-109.021820068
830.02355957,-109.024589539
830.042114258,-109.026741028
829.664001465,-108.977020264
829.663879395,-108.975502014
829.666931152,-108.974441528
829.660766602,-108.972290039
829.657775879,-108.97190094
829.648620605,-108.96938324
829.673522949,-108.968017578
829.633117676,-108.970436096
829.614746094,-108.965316772
829.830627441,-108.982543945
829.833679199,-108.982902527
829.848876953,-108.983337402
829.867675781,-108.985481262
829.895263672,-108.988891602
829.907592773,-108.990318298
830.003173828,-108.997383118
830.009338379,-108.998199463
830.027832031,-108.999008179
830.030883789,-108.999298096
830.043334961,-109.00227356
830.81060791,-109.09437561
830.819763184,-109.095542908
830.841430664,-109.098060608
830.850585938,-109.099227905
830.850585938,-109.099227905
830.853820801,-109.099617004
830.080200195,-109.005256653
830.086303711,-109.00604248
830.086303711,-109.00604248
830.086486816,-109.004600525
830.107849121,-109.007141113
830.114196777,-109.007858276
830.114196777,-109.007858276
830.117492676,-109.00680542
830.126586914,-109.007957458
830.94329834,-109.105964661
830.946411133,-109.106369019
830.169921875,-109.011672974
830.182128906,-109.013191223
830.274658203,-109.021385193
830.277770996,-109.021743774
830.283813477,-109.022483826
830.296142578,-109.023963928
830.345581055,-109.028396606
830.34552002,-109.02696991
831.107055664,-109.119926453
831.116394043,-109.12097168
831.125671387,-109.122032166
830.385498047,-109.031806946
830.397949219,-109.031837463
830.413391113,-109.033729553
830.444335938,-109.036003113
830.456542969,-109.037353516
830.506103516,-109.04045105
830.509155273,-109.040786743
830.509155273,-109.040786743
830.63269043,-109.052719116
830.645019531,-109.054214478
830.685180664,-109.059051514
830.688171387,-109.057945251
830.706604004,-109.058776855
830.725097656,-109.062416077
830.817626953,-109.070640564
830.817871094,-109.06918335
830.817871094,-109.06918335
830.826904297,-109.071739197
830.826904297,-109.071739197
830.854919434,-109.073623657
830.85168457,-109.071846008
830.870178223,-109.075454712
830.870178223,-109.075454712
830.938110352,-109.080734253
830.94128418,-109.081123352
830.944458008,-109.081489563
831.046447754,-109.090820312
831.049499512,-109.089790344
831.055664062,-109.090492249
831.064941406,-109.091583252
831.074279785,-109.091255188
831.299865723,-109.111122131
831.312194824,-109.112510681
831.337158203,-109.114067078
831.346191406,-109.113807678
831.35546875,-109.11631012
831.367797852,-109.117767334
831.411132812,-109.120094299
831.423706055,-109.12008667
831.426574707,-109.122009277
831.112060547,-109.005950928
831.115356445,-109.006309509
831.112426758,-109.001617432
831.112060547,-109.005950928
831.137084961,-109.008857727
831.143066406,-109.008163452
831.075256348,-109.0
831.087341309,-109.00151825
831.075256348,-109.0
831.180297852,-109.009712219
