830.084716797,-108.602783203
830.060913086,-108.586860657
830.07043457,-108.583694458
830.067382812,-108.583328247
830.061157227,-108.583984375
830.135803223,-108.577026367
830.15411377,-108.582069397
830.15411377,-108.580680847
830.15411377,-108.580680847
829.155334473,-108.439041138
829.15826416,-108.439338684
829.17980957,-108.441978455
829.204467773,-108.443496704
829.306152344,-108.454223633
829.318725586,-108.452720642
829.294189453,-108.445510864
829.281616211,-108.446968079
829.278808594,-108.442253113
829.275756836,-108.441947937
829.260375977,-108.440101624
829.263671875,-108.436096191
829.260498047,-108.437080383
829.245117188,-108.43674469
829.239074707,-108.433128357
829.235961914,-108.434242249
829.264099121,-108.42464447
829.239196777,-108.430259705
829.23614502,-108.428443909
829.229980469,-108.427749634
829.226989746,-108.428726196
829.227050781,-108.427314758
829.233520508,-108.420837402
829.208740234,-108.420852661
829.202636719,-108.420082092
829.202392578,-108.422950745
829.199462891,-108.418273926
829.193237305,-108.420341492
829.19317627,-108.421859741
829.190307617,-108.417182922
829.184143066,-108.419250488
829.181152344,-108.416061401
829.527648926,-108.473648071
829.534118652,-108.474365234
829.540222168,-108.475021362
829.31036377,-108.428672791
829.313415527,-108.429031372
830.138183594,-108.528038025
830.141052246,-108.528434753
829.513671875,-108.447219849
829.519897461,-108.446495056
829.498291016,-108.44405365
829.566101074,-108.450706482
829.572143555,-108.451454163
829.593811035,-108.452583313
829.649047852,-108.459259033
829.639892578,-108.456672668
829.664428711,-108.461135864
829.677001953,-108.459632874
829.686401367,-108.4608078
829.689208984,-108.461135864
829.692260742,-108.461494446
829.695373535,-108.463340759
829.698486328,-108.462287903
829.772399902,-108.469612122
829.778564453,-108.470443726
829.784729004,-108.469711304
829.787780762,-108.471572876
829.790893555,-108.470474243
829.806213379,-108.472358704
829.815612793,-108.473381042
829.904907227,-108.481277466
829.920349121,-108.483055115
829.9296875,-108.482727051
829.9296875,-108.482727051
829.960449219,-108.485038757
829.972717285,-108.486564636
829.994445801,-108.487609863
830.000427246,-108.4897995
830.012939453,-108.489845276
830.015930176,-108.490219116
830.043823242,-108.493553162
830.040710449,-108.491767883
830.06829834,-108.495117188
830.074707031,-108.495796204
830.074707031,-108.495796204
830.096130371,-108.496925354
830.133239746,-108.50138855
830.154907227,-108.502510071
830.166931152,-108.50402832
830.194702148,-108.507354736
830.210266113,-108.507827759
830.231994629,-108.508872986
830.250366211,-108.512588501
830.271911621,-108.513694763
830.271911621,-108.513694763
830.284179688,-108.513771057
830.305908203,-108.516265869
830.318237305,-108.517829895
830.41394043,-108.526390076
830.416931152,-108.526779175
830.429321289,-108.528266907
830.43548584,-108.527565002
830.444763184,-108.528694153
830.447875977,-108.530487061
830.497192383,-108.53352356
830.500305176,-108.533912659
830.512573242,-108.535362244
830.55267334,-108.538726807
830.558898926,-108.539459229
830.562072754,-108.538414001
830.565185547,-108.538734436
830.568054199,-108.540542603
830.571411133,-108.539505005
830.577453613,-108.540229797
830.61138916,-108.544311523
830.608398438,-108.542533875
830.602172852,-108.541877747
830.633178711,-108.545516968
830.636169434,-108.545799255
830.6640625,-108.547660828
830.676391602,-108.547782898
830.682373047,-108.54990387
830.68560791,-108.548881531
830.694824219,-108.549957275
830.707214355,-108.551460266
830.719421387,-108.552978516
830.719421387,-108.552978516
830.72869873,-108.553993225
830.750366211,-108.555221558
830.756591797,-108.555976868
830.768981934,-108.557395935
830.790405273,-108.55859375
830.796630859,-108.559356689
830.79675293,-108.557861328
830.812255859,-108.559669495
830.815124512,-108.560127258
830.833862305,-108.562286377
830.843078613,-108.562026978
830.849182129,-108.564178467
830.907775879,-108.568367004
830.907958984,-108.566871643
830.914123535,-108.56905365
830.917236328,-108.569442749
830.920349121,-108.568336487
830.923461914,-108.568687439
830.929626465,-108.569488525
830.932556152,-108.571342468
830.978881836,-108.573883057
830.991333008,-108.575469971
831.000610352,-108.575141907
830.671325684,-108.454421997
830.684020996,-108.45438385
830.687133789,-108.453437805
