830.206970215,-107.272018433
830.217712402,-107.242866516
830.17779541,-107.238121033
830.196289062,-107.238883972
830.187133789,-107.237709045
830.180847168,-107.237098694
830.137023926,-107.244941711
830.143493652,-107.24131012
830.121520996,-107.247367859
830.127990723,-107.243782043
830.118408203,-107.245597839
829.225036621,-107.103378296
829.231262207,-107.104141235
829.240600586,-107.105186462
829.363769531,-107.116905212
829.369873047,-107.116226196
829.354370117,-107.114479065
829.382080078,-107.117637634
829.345275879,-107.109016418
829.342468262,-107.107200623
829.339233398,-107.106880188
829.342651367,-107.105682373
829.339294434,-107.105415344
829.339477539,-107.103904724
829.336303711,-107.106506348
829.327331543,-107.099487305
829.29675293,-107.094482422
829.296813965,-107.093025208
829.299804688,-107.092018127
829.293701172,-107.089775085
829.290649414,-107.089454651
829.281494141,-107.086898804
829.306213379,-107.08555603
829.265930176,-107.088027954
829.247802734,-107.082954407
829.463378906,-107.099815369
829.466369629,-107.100158691
829.500183105,-107.102752686
829.527893066,-107.106002808
829.540283203,-107.107498169
830.442321777,-107.21018219
830.45135498,-107.211265564
829.801940918,-107.128479004
829.814453125,-107.129867554
829.906982422,-107.137931824
829.91003418,-107.13835907
829.91619873,-107.139091492
829.977844238,-107.144943237
829.977966309,-107.143432617
830.01776123,-107.148246765
830.030151367,-107.148269653
830.045654297,-107.150093079
830.048828125,-107.148963928
830.076721191,-107.152297974
830.088562012,-107.153816223
830.264587402,-107.168800354
830.276855469,-107.170272827
830.320129395,-107.173942566
830.338623047,-107.174766541
830.357055664,-107.178245544
830.449768066,-107.186424255
830.449707031,-107.184967041
830.449707031,-107.184967041
830.458984375,-107.187515259
830.458984375,-107.187515259
830.681213379,-107.205238342
830.687194824,-107.20589447
830.696716309,-107.207000732
830.705749512,-107.206687927
830.931335449,-107.226165771
830.943847656,-107.227638245
830.968200684,-107.22908783
830.977416992,-107.228759766
830.986816406,-107.231300354
831.042480469,-107.235054016
831.054931641,-107.235054016
831.057922363,-107.236801147
831.124206543,-107.215644836
831.121276855,-107.209617615
831.121276855,-107.209617615
831.136657715,-107.215682983
830.766052246,-107.115272522
830.768981934,-107.115623474
