662.087280273,-141.56187439
662.089477539,-141.559890747
662.085266113,-141.559112549
662.089538574,-141.558685303
662.087524414,-141.557144165
662.083496094,-141.553939819
662.087890625,-141.553482056
662.070556641,-141.557601929
662.073059082,-141.552017212
662.068786621,-141.55241394
662.060241699,-141.553253174
662.056091309,-141.553695679
662.05645752,-141.548873901
662.051818848,-141.55291748
662.049743652,-141.551330566
662.052307129,-141.546890259
662.047668457,-141.552093506
662.047668457,-141.552093506
662.043884277,-141.546508789
662.039428711,-141.545852661
662.03729248,-141.545410156
662.03338623,-141.542266846
662.02911377,-141.545120239
662.024597168,-141.546691895
662.014343262,-141.542388916
662.014221191,-141.543640137
662.008117676,-141.541259766
662.00390625,-141.538101196
661.999694824,-141.539657593
661.999938965,-141.53604126
661.997375488,-141.541671753
661.99798584,-141.53326416
661.993225098,-141.539733887
661.991638184,-141.53453064
661.980834961,-141.53855896
661.977111816,-141.529403687
661.97454834,-141.53503418
661.968261719,-141.533859253
661.970581055,-141.530670166
661.966491699,-141.529876709
661.962158203,-141.531509399
661.962036133,-141.53263855
661.958068848,-141.529449463
661.958129883,-141.528335571
661.958435059,-141.523529053
661.947875977,-141.52394104
661.952148438,-141.521102905
661.943481445,-141.524383545
661.943664551,-141.522018433
661.941223145,-141.525238037
661.939453125,-141.522460938
661.922851562,-141.514572144
661.920776367,-141.515350342
661.920776367,-141.515350342
661.920715332,-141.514144897
661.918640137,-141.513793945
661.900085449,-141.50668335
661.873168945,-141.499237061
661.864257812,-141.506118774
661.864868164,-141.496505737
661.858154297,-141.501342773
661.847412109,-141.502990723
661.852111816,-141.495376587
661.852355957,-141.492965698
661.848083496,-141.492248535
661.836914062,-141.49987793
661.835021973,-141.498306274
661.846191406,-141.490661621
661.83984375,-141.489517212
661.837646484,-141.490310669
661.837646484,-141.490310669
661.83782959,-141.487854004
661.78704834,-141.485824585
661.787902832,-141.472625732
661.765014648,-141.468353271
661.756103516,-141.474075317
661.756835938,-141.464477539
661.761047363,-141.463989258
661.743591309,-141.470443726
661.743713379,-141.469284058
661.739501953,-141.469741821
661.750732422,-141.459640503
661.737487793,-141.469314575
661.740234375,-141.458938599
661.728027344,-141.45300293
661.723815918,-141.45098877
661.721801758,-141.449493408
661.709472656,-141.443557739
661.70324707,-141.441192627
661.675354004,-141.448104858
661.686767578,-141.435638428
661.684692383,-141.434066772
661.678283691,-141.43536377
661.671081543,-141.447387695
661.674316406,-141.430953979
661.668151855,-141.428649902
661.662109375,-141.425033569
661.662109375,-141.425033569
661.655944824,-141.422668457
661.651611328,-141.420730591
661.649597168,-141.420288086
661.637207031,-141.415679932
661.61541748,-141.424957275
661.628845215,-141.412902832
661.60723877,-141.41986084
661.603149414,-141.417770386
661.601074219,-141.418731689
661.582702637,-141.409210205
661.590087891,-141.391204834
661.568115234,-141.402893066
661.568115234,-141.402893066
661.563842773,-141.402114868
661.555725098,-141.399353027
661.563476562,-141.377731323
661.547363281,-141.396636963
661.545288086,-141.395141602
661.553222656,-141.373413086
661.520874023,-141.383239746
661.516601562,-141.381225586
661.510559082,-141.377670288
661.457336426,-141.34967041
661.457214355,-141.350814819
661.449157715,-141.345733643
661.438903809,-141.340240479
661.438903809,-141.340240479
661.434997559,-141.335861206
661.426879883,-141.330734253
661.451782227,-141.307373047
661.412414551,-141.324401855
661.437744141,-141.296279907
661.40057373,-141.31489563
661.39855957,-141.314498901
661.39630127,-141.31288147
661.380126953,-141.302597046
661.378112793,-141.301101685
661.361999512,-141.289581299
661.327697754,-141.261474609
661.323913574,-141.257019043
661.321716309,-141.256729126
661.372375488,-141.227218628
661.372375488,-141.227218628
661.307739258,-141.24319458
661.303771973,-141.24118042
661.360351562,-141.217681885
661.299743652,-141.236846924
661.297790527,-141.236557007
661.354553223,-141.207000732
661.356811523,-141.207382202
661.354553223,-141.205795288
661.349060059,-141.195022583
661.268066406,-141.204437256
661.339172363,-141.185943604
661.341064453,-141.186309814
661.266052246,-141.201660156
661.266052246,-141.201660156
661.264099121,-141.200012207
661.258422852,-141.191604614
661.256347656,-141.187652588
661.254943848,-141.180023193
661.252563477,-141.180969238
661.33416748,-141.163192749
661.252624512,-141.178497314
661.248962402,-141.174179077
661.332641602,-141.155578613
661.242675781,-141.170623779
661.242980957,-141.168197632
661.237121582,-141.159835815
661.239196777,-141.15788269
661.320861816,-141.138946533
661.235107422,-141.155944824
661.235412598,-141.153488159
661.323364258,-141.134567261
661.231384277,-141.147918701
661.225646973,-141.140762329
661.223815918,-141.137969971
661.223510742,-141.139129639
661.220581055,-141.121627808
661.322570801,-141.114974976
661.32043457,-141.113479614
661.317138672,-141.100708008
661.317199707,-141.099533081
661.323364258,-141.102935791
661.323425293,-141.101852417
661.207214355,-141.099807739
661.207397461,-141.096176147
661.320129395,-141.088973999
661.323486328,-141.067901611
661.321716309,-141.063858032
661.319824219,-141.059936523
661.324035645,-141.059524536
661.201599121,-141.055099487
661.197814941,-141.047164917
661.322143555,-141.057983398
661.32409668,-141.055923462
661.196533203,-141.037231445
661.200866699,-141.035491943
661.200866699,-141.035491943
661.197021484,-141.030059814
661.333679199,-141.040634155
661.339233398,-141.023544312
661.34375,-141.017059326
661.352783203,-141.007888794
661.352783203,-141.006652832
661.202575684,-140.976516724
661.205322266,-140.964981079
661.466369629,-140.986297607
661.474853516,-140.989044189
661.47467041,-140.990280151
661.491271973,-140.992156982
661.468505859,-140.921264648
661.468505859,-140.921264648
661.478820801,-140.925613403
661.497497559,-140.995788574
661.503540039,-140.999206543
661.268737793,-140.838424683
661.288024902,-140.833511353
661.511901855,-141.001968384
661.518066406,-141.001998901
661.518188477,-141.003067017
661.458007812,-140.889038086
661.24395752,-140.830184937
661.241821289,-140.829788208
661.250488281,-140.828948975
661.237854004,-140.825408936
661.244018555,-140.826553345
661.204772949,-140.815643311
661.526184082,-141.00831604
661.542663574,-140.954284668
661.542785645,-140.95072937
661.546691895,-140.95614624
661.297180176,-140.821868896
661.301513672,-140.822555542
661.301574707,-140.821350098
661.206726074,-140.814834595
661.473266602,-140.879669189
661.554870605,-141.022064209
661.557128906,-141.02243042
661.571350098,-140.965652466
661.583740234,-140.970352173
661.477783203,-140.875717163
661.477905273,-140.873260498
661.480102539,-140.872406006
661.58782959,-140.972351074
661.58972168,-140.975097656
661.59173584,-140.976730347
661.48034668,-140.87008667
661.608642578,-140.979812622
661.496032715,-140.857147217
661.333435059,-140.788421631
661.5,-140.860366821
661.502197266,-140.860733032
661.504211426,-140.859832764
661.502075195,-140.861938477
661.522094727,-140.847381592
661.526428223,-140.843460083
661.366516113,-140.766708374
661.625244141,-141.049545288
661.627380371,-141.048690796
661.684692383,-141.012023926
661.645690918,-141.05821228
661.563659668,-140.826004028
661.568054199,-140.823196411
661.725769043,-141.031692505
661.590270996,-140.806625366
661.588623047,-140.799118042
661.693359375,-141.076629639
661.738098145,-141.036437988
661.594543457,-140.803863525
661.701477051,-141.080535889
661.74621582,-141.042709351
661.746398926,-141.040390015
661.756713867,-141.044708252
661.767211914,-141.049041748
661.77734375,-141.053329468
661.78137207,-141.056472778
661.759277344,-141.103408813
661.76751709,-141.10609436
661.803894043,-141.065612793
661.778015137,-141.109191895
661.778015137,-141.109191895
661.818969727,-141.127670288
661.818786621,-141.128890991
661.863830566,-141.091110229
661.866027832,-141.091461182
661.848022461,-141.139129639
661.851928711,-141.142288208
661.910949707,-141.114364624
661.927734375,-141.117416382
661.893188477,-141.159591675
661.905578613,-141.164352417
661.905578613,-141.164352417
661.905517578,-141.165542603
661.911682129,-141.166763306
661.917907715,-141.170349121
661.922180176,-141.169769287
661.964904785,-141.133956909
661.964904785,-141.133956909
661.977111816,-141.138748169
661.959289551,-141.185134888
661.965454102,-141.187545776
661.965454102,-141.187545776
662.026733398,-141.158737183
662.026489258,-141.159942627
662.032714844,-141.162338257
662.04296875,-141.167816162
662.015075684,-141.206359863
662.051391602,-141.170547485
662.055480957,-141.170135498
662.055480957,-141.170135498
662.021240234,-141.209945679
662.021240234,-141.211135864
662.033447266,-141.217071533
662.058166504,-141.226486206
662.11529541,-141.199310303
662.117004395,-141.201034546
662.119445801,-141.201293945
662.127563477,-141.202926636
662.127624512,-141.205215454
662.129699707,-141.20451355
662.097473145,-141.242202759
662.09954834,-141.243713379
662.10369873,-141.244537354
662.143920898,-141.212036133
662.158447266,-141.217056274
662.124328613,-141.253189087
662.205993652,-141.236785889
662.210083008,-141.237503052
662.169799805,-141.271331787
662.240966797,-141.250518799
662.223449707,-141.29335022
662.225402832,-141.294921875
662.271850586,-141.264694214
662.2421875,-141.300415039
662.24609375,-141.30241394
662.24822998,-141.302841187
662.250427246,-141.3019104
662.250305176,-141.304382324
662.262573242,-141.310317993
662.269104004,-141.31022644
662.264770508,-141.310638428
662.264770508,-141.310638428
662.306945801,-141.279632568
662.308898926,-141.281265259
662.333129883,-141.336517334
662.343200684,-141.3409729
662.343200684,-141.3409729
662.35345459,-141.346542358
662.355712891,-141.345626831
662.357727051,-141.346069336
662.357788086,-141.34727478
662.361877441,-141.349182129
662.363952637,-141.348464966
662.393432617,-141.317443848
662.374328613,-141.352722168
662.380371094,-141.35508728
662.382507324,-141.357894897
662.384460449,-141.358337402
662.426574707,-141.3309021
662.417724609,-141.370452881
662.437011719,-141.333953857
662.434204102,-141.378311157
662.511230469,-141.367095947
662.513305664,-141.367462158
662.513305664,-141.368606567
662.52545166,-141.374588013
662.510742188,-141.407012939
662.529785156,-141.376525879
662.535888672,-141.378875732
662.52746582,-141.411392212
662.542236328,-141.380004883
662.535888672,-141.414123535
662.537902832,-141.415710449
662.537658691,-141.418136597
662.548217773,-141.383636475
662.550476074,-141.384033203
662.560668945,-141.38961792
662.564758301,-141.391571045
662.575134277,-141.394683838
662.600585938,-141.460098267
662.592163086,-141.457382202
662.590270996,-141.456924438
662.567810059,-141.444259644
662.567443848,-141.447875977
662.61517334,-141.461654663
662.619567871,-141.461196899
662.621643066,-141.462799072
662.700256348,-141.428649902
662.704345703,-141.42829895
662.71081543,-141.429428101
662.710876465,-141.428192139
662.725280762,-141.434585571
662.686401367,-141.477249146
662.734680176,-141.453216553
662.698913574,-141.483139038
662.753967285,-141.45072937
662.753967285,-141.45199585
662.711425781,-141.486572266
662.744445801,-141.466003418
662.750610352,-141.468338013
662.731933594,-141.496414185
662.773376465,-141.477371216
662.754516602,-141.50553894
662.763183594,-141.507110596
662.760986328,-141.507873535
662.77545166,-141.512954712
662.77545166,-141.512954712
662.781555176,-141.516555786
662.783630371,-141.516967773
662.804138184,-141.525634766
662.83972168,-141.505401611
662.8125,-141.529541016
662.824829102,-141.535476685
662.833068848,-141.538223267
662.843688965,-141.541442871
662.843688965,-141.542526245
662.227661133,-141.58782959
662.221496582,-141.584228516
662.232055664,-141.585037231
662.234130859,-141.585357666
662.24017334,-141.587783813
662.21105957,-141.581130981
662.21105957,-141.581130981
662.206848145,-141.580352783
662.247009277,-141.584075928
662.250793457,-141.587371826
662.250976562,-141.586135864
662.257080078,-141.589630127
662.259033203,-141.593612671
662.259338379,-141.586471558
662.263427734,-141.589599609
662.26751709,-141.593948364
662.269836426,-141.589538574
662.271911621,-141.591064453
662.274230957,-141.589126587
662.275939941,-141.593200684
662.278198242,-141.593521118
662.281982422,-141.596786499
662.286682129,-141.590316772
662.290527344,-141.599456787
662.292724609,-141.595123291
662.294921875,-141.595458984
662.29095459,-141.591003418
662.295043945,-141.59425354
662.299255371,-141.592590332
662.307312012,-141.60017395
662.317993164,-141.598464966
662.317932129,-141.600906372
662.318054199,-141.599655151
662.321960449,-141.602813721
662.320251465,-141.596420288
662.326293945,-141.603622437
662.328186035,-141.60395813
662.337036133,-141.598358154
662.343139648,-141.604293823
662.343200684,-141.600738525
662.347351074,-141.603866577
662.347473145,-141.601547241
662.357849121,-141.603515625
662.364196777,-141.605804443
662.372314453,-141.610961914
662.374511719,-141.610137939
662.37890625,-141.608474731
662.391418457,-141.611984253
662.391479492,-141.609619141
662.393798828,-141.607666016
662.406005859,-141.61239624
662.408325195,-141.611526489
662.412475586,-141.615921021
662.412475586,-141.615921021
662.412841797,-141.608688354
662.414916992,-141.609069824
662.420959473,-141.61265564
662.427246094,-141.614990234
662.433288574,-141.618560791
662.435424805,-141.619018555
662.46295166,-141.620376587
662.463134766,-141.618026733
662.461120605,-141.617645264
662.45880127,-141.618545532
662.465026855,-141.618453979
662.473388672,-141.622360229
662.471679688,-141.615921021
662.473632812,-141.617553711
662.490539551,-141.621795654
662.492553711,-141.622268677
662.494445801,-141.624954224
662.494506836,-141.62147522
662.511291504,-141.626876831
662.513305664,-141.627288818
662.513366699,-141.626159668
662.519836426,-141.627227783
662.519836426,-141.627227783
662.521728516,-141.628921509
662.524169922,-141.624481201
662.526062012,-141.626098633
662.526245117,-141.624816895
662.540893555,-141.625152588
662.540893555,-141.625152588
662.547058105,-141.628723145
662.549255371,-141.630249023
662.553588867,-141.626296997
662.561828613,-141.631439209
662.56829834,-141.629013062
662.574645996,-141.630126953
662.576721191,-141.630477905
662.582885742,-141.63168335
662.583251953,-141.629257202
662.587036133,-141.633636475
662.589050293,-141.635269165
662.595947266,-141.629226685
662.598022461,-141.630813599
662.59967041,-141.63482666
662.602050781,-141.634063721
662.606506348,-141.629928589
662.610473633,-141.634353638
662.616699219,-141.636734009
662.616699219,-141.636734009
662.633728027,-141.63621521
662.637817383,-141.636962891
662.646362305,-141.638504028
662.650634766,-141.635696411
662.654724121,-141.640090942
662.650878906,-141.633270264
662.654724121,-141.635345459
662.657104492,-141.636825562
662.659423828,-141.632476807
662.669250488,-141.64163208
662.667602539,-141.633987427
662.673706055,-141.638824463
662.674194336,-141.636306763
662.675842285,-141.64151001
662.680053711,-141.641052246
662.680175781,-141.637481689
662.684448242,-141.635879517
662.686706543,-141.637481689
662.701171875,-141.643783569
662.710083008,-141.635757446
662.714172363,-141.637680054
662.726867676,-141.638824463
662.726806641,-141.641296387
662.726623535,-141.643661499
662.733093262,-141.639984131
662.741638184,-141.640335083
662.741638184,-141.640335083
662.743835449,-141.639541626
662.75201416,-141.645935059
662.760864258,-141.641403198
662.775146484,-141.646575928
662.775390625,-141.641769409
662.77557373,-141.640487671
662.777404785,-141.64453125
662.790588379,-141.640823364
662.792663574,-141.640045166
662.792663574,-141.640045166
662.813110352,-141.649963379
662.83026123,-141.649459839
662.836730957,-141.645751953
662.836853027,-141.644592285
662.836486816,-141.650619507
