681.123596191,95.5484161377
681.114807129,95.548576355
681.141296387,95.550491333
681.125671387,95.5584793091
681.121154785,95.5579681396
681.152404785,95.5517425537
681.15246582,95.5529708862
681.110107422,95.5579376221
681.094604492,95.5573577881
681.088012695,95.5455780029
681.163513184,95.5603866577
681.085754395,95.553817749
681.081298828,95.5557632446
681.083740234,95.5462722778
681.074523926,95.5538330078
681.174621582,95.5543823242
681.176574707,95.5632705688
681.070129395,95.5545043945
681.070129395,95.5545043945
681.183410645,95.5627593994
681.183410645,95.5627593994
681.181274414,95.5551300049
681.18548584,95.5641403198
681.190063477,95.5562286377
681.054992676,95.5428695679
681.046020508,95.5419082642
681.221191406,95.5597839355
680.972717285,95.5370407104
680.97052002,95.5367279053
680.910644531,95.533493042
680.901367188,95.5460205078
680.877380371,95.5320663452
680.881408691,95.5448608398
680.870544434,95.533821106
680.866149902,95.5333023071
680.866149902,95.5333023071
680.832824707,95.5330352783
680.837097168,95.5445632935
680.832519531,95.5428161621
680.821716309,95.5329742432
680.817260742,95.5324935913
680.814941406,95.5310745239
680.825866699,95.5445632935
680.819274902,95.5437545776
680.803894043,95.5310287476
680.816894531,95.5448608398
680.816894531,95.5448608398
680.781433105,95.5443725586
680.752380371,95.5458984375
680.732849121,95.5313491821
680.741394043,95.5458221436
680.681640625,95.5327148438
680.688110352,95.548248291
680.667907715,95.5508422852
680.645935059,95.5530395508
680.641296387,95.553817749
680.606018066,95.5374755859
680.599487305,95.5391616821
680.597106934,95.5388717651
680.588256836,95.539100647
680.579284668,95.5429763794
680.579284668,95.5404891968
680.539306641,95.5481033325
680.539306641,95.5481033325
680.532653809,95.5473480225
680.538757324,95.568901062
680.538757324,95.568901062
680.529907227,95.5691375732
680.50579834,95.5516204834
680.485778809,95.55418396
680.50982666,95.5753097534
680.47467041,95.5553512573
680.487365723,95.5813674927
680.483032227,95.5808258057
680.480834961,95.581817627
680.474060059,95.5846710205
680.469482422,95.5866470337
680.44128418,95.5624847412
680.467346191,95.5864105225
680.42767334,95.5658416748
680.454040527,95.5909805298
680.453918457,95.5922164917
680.442626953,95.5957794189
680.440673828,95.5955352783
680.409912109,95.573600769
680.407653809,95.5734024048
680.405639648,95.5731124878
680.396484375,95.5781021118
680.385437012,95.5780944824
680.380065918,95.6253662109
680.340698242,95.5949707031
680.338378906,95.5959777832
680.338439941,95.5947875977
680.336181641,95.5957107544
680.37097168,95.62915802
680.329528809,95.5997161865
680.368652344,95.6314544678
680.322570801,95.6076583862
680.32043457,95.6085357666
680.315979004,95.6081085205
680.35748291,95.6386795044
680.304626465,95.6104431152
680.306945801,95.6143569946
680.30255127,95.6126098633
680.355224609,95.6408462524
680.352844238,95.6430892944
680.346252441,95.6459884644
680.346191406,95.6484222412
680.279968262,95.6247558594
680.271057129,95.6323318481
680.266540527,95.6330413818
680.337158203,95.6571655273
680.332763672,95.659034729
680.264343262,95.6351699829
680.261901855,95.6410598755
680.314331055,95.6790466309
680.241821289,95.6522064209
680.243896484,95.6537322998
680.232727051,95.6646118164
680.227966309,95.6689758301
680.227966309,95.6689758301
680.225952148,95.6675872803
680.293884277,95.7073135376
680.293884277,95.7146606445
680.291503906,95.715637207
680.291442871,95.7180328369
680.203186035,95.6930770874
680.203186035,95.696685791
680.284423828,95.7404937744
680.184692383,95.7216949463
680.173156738,95.7460784912
680.173095703,95.7485046387
680.173278809,95.7509002686
680.276977539,95.773979187
680.278930664,95.7853240967
680.166015625,95.769744873
680.276489258,95.7948379517
680.163879395,95.7719802856
680.163757324,95.7744140625
680.161376953,95.7875442505
680.161376953,95.7875442505
680.161254883,95.7900161743
680.158813477,95.8044586182
680.158813477,95.8044586182
680.156555176,95.8066558838
680.15637207,95.8078689575
680.15637207,95.810295105
680.158508301,95.8130111694
680.154174805,95.8149490356
680.282104492,95.8507843018
680.155517578,95.8567581177
680.305725098,95.8805084229
680.153076172,95.8590316772
680.294311523,95.8890228271
680.289978027,95.8908996582
680.301208496,95.8885345459
680.310180664,95.8761672974
680.316894531,95.8793563843
680.319030762,95.8807983398
680.319030762,95.8820571899
680.323486328,95.8812789917
680.287719727,95.8955993652
680.336853027,95.8779830933
680.143859863,95.8739318848
680.271911621,95.9071502686
680.337036133,95.8767089844
680.354553223,95.8836669922
680.128417969,95.8745193481
680.128417969,95.8745193481
680.121826172,95.874961853
680.121765137,95.8737869263
680.354736328,95.8751678467
680.349975586,95.8881149292
680.112792969,95.8752593994
680.104003906,95.8741149902
680.354553223,95.8836669922
680.09954834,95.8748016357
680.099731445,95.8760299683
680.092895508,95.874130249
680.253479004,95.9394302368
680.072814941,95.8730316162
680.072814941,95.8730316162
680.064208984,95.8731842041
680.140380859,95.9298706055
680.127197266,95.9283752441
680.17791748,95.94165802
680.09185791,95.926651001
680.252868652,95.9688415527
680.089660645,95.9287872314
680.252868652,95.9688415527
680.252868652,95.9688415527
680.254943848,95.9739227295
680.179748535,95.9517364502
680.182128906,95.9568939209
680.030883789,95.8741912842
680.031005859,95.8729629517
680.031005859,95.8729629517
680.030761719,95.8717956543
680.026428223,95.8712081909
680.021911621,95.8719177246
680.049560547,95.9279632568
680.045288086,95.9273681641
680.26361084,95.9883956909
680.192810059,95.9789047241
679.993286133,95.8710479736
679.993286133,95.8710479736
679.993347168,95.8698120117
679.984313965,95.8700485229
680.023071289,95.9272842407
680.270019531,95.9977645874
680.016540527,95.9264984131
679.989807129,95.9282836914
680.287414551,96.014541626
679.935546875,95.8692703247
679.96081543,95.9286117554
679.917663574,95.8696212769
679.917663574,95.8696212769
679.952148438,95.9275588989
680.209472656,96.0226745605
680.300354004,96.0295410156
679.915588379,95.869354248
680.224731445,96.0391769409
680.304870605,96.0300292969
680.309265137,96.03540802
680.311401367,96.0332794189
680.224853516,96.0402908325
680.3203125,96.0380020142
679.873474121,95.8668670654
680.335510254,96.0507888794
680.348754883,96.0548477173
680.350952148,96.0550460815
679.864440918,95.8696289062
679.883361816,95.9256896973
679.876708984,95.9261474609
680.364257812,96.0566253662
680.364196777,96.0578231812
679.852172852,95.9244918823
679.843444824,95.9235610962
679.834594727,95.9224090576
679.832519531,95.9221572876
679.823486328,95.9247817993
679.785827637,95.9229049683
679.764831543,95.8653564453
679.779174805,95.9221954346
679.779296875,95.923324585
679.770385742,95.9223175049
679.751464844,95.8649520874
679.761413574,95.9224853516
679.759277344,95.9210586548
679.727050781,95.8658065796
679.713806152,95.8641815186
679.704956055,95.863243103
679.691833496,95.8628463745
679.682800293,95.8631057739
679.664001465,95.9197006226
679.634216309,95.8598480225
679.612121582,95.8633728027
679.60760498,95.8640518188
679.60760498,95.8604507446
679.585327148,95.8603286743
679.583251953,95.8600997925
679.583374023,95.8588409424
679.606445312,95.9179458618
679.604064941,95.9176940918
679.569946289,95.8572235107
679.55090332,95.9175262451
679.512390137,95.8566665649
679.453674316,95.9135360718
681.211914062,95.8951873779
681.198730469,95.8960494995
681.201904297,95.9504928589
681.193115234,95.9494018555
681.193115234,95.9506607056
681.181884766,95.9494018555
681.173034668,95.9472045898
681.175354004,95.9485549927
681.146362305,95.9464874268
681.10534668,95.8937454224
681.078613281,95.8943862915
681.106323242,95.9491729736
681.06072998,95.89478302
681.06072998,95.8935317993
681.088623047,95.9483718872
681.084228516,95.9465713501
681.038574219,95.8934249878
681.034118652,95.8929138184
681.068603516,95.9484939575
681.059509277,95.9486923218
681.029602051,95.8947753906
681.02746582,95.8933410645
681.02520752,95.8931121826
681.028686523,95.9450531006
681.028808594,95.9438247681
681.002990723,95.8929824829
681.015258789,95.9458694458
680.9609375,95.8916854858
680.923156738,95.8922348022
680.925231934,95.8912811279
680.935241699,95.9451828003
680.928649902,95.9468994141
680.916381836,95.8914794922
680.907531738,95.8916091919
680.919677734,95.9458618164
680.917419434,95.9444122314
680.896362305,95.8916244507
680.876403809,95.8904800415
680.866455078,95.9432983398
680.855224609,95.9432830811
680.853027344,95.9454803467
680.835266113,95.9445724487
680.810852051,95.9429779053
680.802001953,95.9431381226
680.793212891,95.9433288574
680.779724121,95.9430465698
680.777526855,95.9415893555
680.773010254,95.9435043335
680.758666992,95.8891220093
680.74420166,95.9413375854
680.737487793,95.9430847168
680.72869873,95.9420394897
680.698608398,95.8882293701
680.674133301,95.8890228271
680.665405273,95.8880233765
680.656738281,95.8857116699
680.652160645,95.8876647949
680.647583008,95.8883361816
680.645385742,95.8869171143
680.648742676,95.9400024414
680.636657715,95.8870620728
680.642089844,95.9381408691
680.618835449,95.8874588013
680.619812012,95.9403610229
680.613220215,95.9395904541
680.608520508,95.9402999878
680.602050781,95.9395523071
680.599731445,95.9392242432
680.575439453,95.9388656616
680.555480957,95.9340744019
680.552307129,95.8821868896
680.553405762,95.935043335
680.566345215,95.9427337646
680.559692383,95.9420166016
680.559570312,95.944519043
680.561889648,95.945930481
680.563964844,95.9547195435
680.481201172,95.8873596191
680.47442627,95.8829193115
680.469848633,95.8909683228
680.465393066,95.8953399658
680.476379395,95.9003295898
680.482910156,95.902305603
680.456237793,95.9041213989
680.480773926,95.9057769775
680.487304688,95.9041137695
680.489379883,95.9092712402
680.491821289,95.9094924927
680.49609375,95.9100036621
680.498352051,95.908996582
680.462768555,95.9061584473
680.498291016,95.9114685059
680.49810791,95.9128036499
680.495910645,95.9136734009
680.507263184,95.9125366211
