1647.93701172,604.922241211
1647.91503906,604.917724609
1647.9029541,604.913757324
1647.9029541,604.913757324
1647.97277832,604.937561035
1647.89196777,604.909851074
1647.99511719,604.942199707
1647.99511719,604.942199707
1647.99609375,604.94543457
1648.04223633,604.961242676
1648.06445312,604.965820312
1648.07714844,604.973144531
1648.16870117,605.001525879
1648.25085449,605.032470703
1648.29699707,605.048400879
1648.33044434,605.056945801
1648.34313965,605.064208984
1648.37780762,605.07611084
1648.40014648,605.080688477
1648.43579102,605.095947266
1648.4588623,605.103881836
1648.46948242,605.104431152
1648.48205566,605.111755371
1646.25402832,604.404174805
1646.26977539,604.428161621
1646.29455566,604.442687988
1646.30688477,604.450012207
1646.32873535,604.451171875
1646.35144043,604.458984375
1646.38525391,604.467651367
1645.91040039,604.29901123
1645.93334961,604.30670166
1645.95654297,604.314880371
1645.98046875,604.326049805
1645.98046875,604.326049805
1646.06152344,604.353637695
1645.99755859,604.35333252
1646.1072998,604.369445801
1646.06604004,604.373718262
1646.07739258,604.377563477
1646.00891113,604.357177734
1645.99841309,604.356689453
1646.02038574,604.361083984
1646.03283691,604.368469238
1646.04382324,604.369140625
1646.04418945,604.372375488
1645.86035156,604.312438965
1645.80432129,604.299316406
1645.79223633,604.292297363
1645.76916504,604.284423828
1645.86035156,604.312438965
1645.68884277,604.259887695
1645.67858887,604.259277344
1645.69042969,604.266601562
1645.66674805,604.255249023
1645.6550293,604.251342773
1645.49511719,604.202758789
1645.48449707,604.202087402
1645.43920898,604.189758301
1645.43920898,604.189758301
1645.56445312,604.22644043
1645.56445312,604.22644043
1645.33618164,604.157531738
1644.11645508,603.883911133
1644.1529541,603.90246582
1644.04882812,603.867004395
1644.04980469,603.870239258
1644.02514648,603.855651855
1640.05163574,602.543518066
1639.99499512,602.527160645
1639.95080566,602.518127441
1639.9161377,602.506225586
1639.9161377,602.506225586
1639.90649414,602.509155273
1639.89575195,602.508483887
1639.89758301,602.515136719
1639.87438965,602.507263184
1639.83178711,602.504821777
1639.78588867,602.489196777
1639.78466797,602.485900879
1639.7746582,602.485229492
1639.77380371,602.481933594
1648.59106445,605.807006836
1648.48840332,605.777893066
1648.47814941,605.780578613
1648.45532227,605.772644043
1648.45532227,605.772644043
1648.45446777,605.76940918
1648.62609863,605.864929199
1648.56958008,605.851989746
1648.39709473,605.752868652
1648.44372559,605.815002441
1648.36437988,605.747680664
1648.33032227,605.739135742
1648.25012207,605.714538574
1648.25012207,605.714538574
1648.2052002,605.705566406
1648.07873535,605.665161133
1648.14929199,605.738464355
1648.14929199,605.738464355
1648.04467773,605.656616211
1647.98840332,605.643432617
1647.88623047,605.614501953
1647.97949219,605.695800781
1647.8626709,605.606567383
1647.91052246,605.675170898
1647.87670898,605.666687012
1647.84289551,605.65814209
1647.59130859,605.534851074
1647.6270752,605.599487305
1647.60339355,605.588256836
1647.59313965,605.591003418
1647.42114258,605.4921875
1647.53881836,605.584472656
1647.53881836,605.584472656
1647.515625,605.576538086
1647.39892578,605.487609863
1647.39294434,605.553100586
1647.11706543,605.418395996
1647.17956543,605.504455566
1646.85925293,605.360839844
1646.77001953,605.342468262
1646.92346191,605.453369141
1646.92346191,605.453369141
1646.90002441,605.445495605
1646.68041992,605.324035645
1646.89001465,605.448059082
1646.6126709,605.307006836
1646.76721191,605.424499512
1646.5456543,605.293151855
1646.45861816,605.284851074
1646.5682373,605.390014648
1646.37768555,605.257263184
1646.34570312,605.255249023
1646.35925293,605.358154297
1646.18127441,605.232727051
1646.17932129,605.225891113
1646.32409668,605.346191406
1646.31396484,605.348999023
1646.29211426,605.344543457
1646.29211426,605.344543457
1646.07946777,605.20703125
1645.94689941,605.186035156
1645.9029541,605.180419922
1645.96728516,605.318969727
1645.6072998,605.140258789
1645.90112305,605.30859375
1645.53308105,605.139343262
1645.53442383,605.145935059
1645.52111816,605.135253906
1645.51257324,605.14465332
1645.81567383,605.307006836
1645.44506836,605.127563477
1645.42260742,605.12298584
1645.77294922,605.304626465
1645.35791016,605.11932373
1645.72973633,605.302062988
1645.7199707,605.304748535
1645.2845459,605.121582031
1645.6105957,605.291809082
1645.51757812,605.302856445
1645.52954102,605.306884766
1645.17614746,605.111938477
1645.07775879,605.099731445
1645.05700684,605.101745605
1645.4354248,605.314575195
1645.40246582,605.309448242
1644.96105957,605.099487305
1644.95092773,605.102416992
1644.93945312,605.098510742
1644.88757324,605.101989746
1645.33081055,605.321716309
1644.79211426,605.103088379
1644.77429199,605.118469238
1644.77429199,605.118469238
1644.76379395,605.117980957
1644.72180176,605.118896484
1644.70629883,605.144165039
1644.6776123,605.112915039
1644.66748047,605.115600586
1644.65869141,605.121765137
1644.66088867,605.131591797
