829.443725586,-105.775657654
829.456115723,-105.774276733
829.43182373,-105.767074585
829.419311523,-105.76852417
829.416442871,-105.763824463
829.413330078,-105.763496399
829.398071289,-105.761634827
829.401306152,-105.757705688
829.398132324,-105.758773804
829.38269043,-105.758407593
829.376647949,-105.754890442
829.373596191,-105.755905151
829.37689209,-105.75189209
829.373901367,-105.750152588
829.367614746,-105.749397278
829.364562988,-105.750480652
829.364746094,-105.749031067
829.37109375,-105.742599487
829.346191406,-105.748344421
829.346496582,-105.74256134
829.340087891,-105.744804382
829.340270996,-105.741836548
829.330932617,-105.743713379
829.337280273,-105.740028381
829.330932617,-105.742301941
829.327880859,-105.738983154
829.318725586,-105.737968445
829.823730469,-105.781211853
829.826782227,-105.781570435
829.82989502,-105.781990051
830.205810547,-105.814407349
830.211975098,-105.815124512
830.211975098,-105.815124512
830.233642578,-105.816200256
830.409423828,-105.832435608
830.421691895,-105.832366943
830.409423828,-105.832435608
830.44317627,-105.835044861
830.455566406,-105.83644104
830.551391602,-105.844741821
830.554443359,-105.845024109
830.566650391,-105.846549988
830.572937012,-105.845779419
830.582336426,-105.846832275
830.585205078,-105.848678589
830.770263672,-105.863143921
830.7734375,-105.863456726
830.801391602,-105.86530304
830.813598633,-105.865333557
830.820007324,-105.86743927
830.822753906,-105.866455078
830.832214355,-105.867507935
830.838256836,-105.869682312
830.844482422,-105.868919373
830.844360352,-105.870407104
830.856811523,-105.870407104
830.856811523,-105.870407104
830.866027832,-105.871482849
830.887817383,-105.872612
830.893920898,-105.873291016
830.92779541,-105.875862122
830.934020996,-105.876548767
830.934204102,-105.875099182
830.949401855,-105.876945496
830.952575684,-105.87727356
830.971069336,-105.879402161
830.980285645,-105.879150391
830.98651123,-105.881210327
830.989379883,-105.881599426
831.045349121,-105.885154724
831.051330566,-105.885986328
831.054626465,-105.886283875
831.070068359,-105.888084412
831.116271973,-105.890640259
831.128479004,-105.892127991
831.137817383,-105.891731262
830.796081543,-105.774963379
830.799499512,-105.772445679
830.805664062,-105.774650574
830.78717041,-105.771026611
830.802734375,-105.771377563
830.784179688,-105.770629883
830.811584473,-105.776725769
830.808837891,-105.772071838
830.821105957,-105.773521423
830.821166992,-105.772140503
830.824279785,-105.770988464
830.830200195,-105.773223877
830.830383301,-105.77167511
830.84588623,-105.773597717
830.852050781,-105.778518677
830.848754883,-105.779624939
830.864257812,-105.778610229
830.86151123,-105.772438049
830.879577637,-105.780456543
830.882751465,-105.779335022
