830.216308594,-107.271690369
830.217651367,-107.244308472
830.217712402,-107.242866516
830.217712402,-107.242866516
830.199279785,-107.239242554
830.17175293,-107.237281799
830.162109375,-107.237762451
830.162231445,-107.236305237
829.243591309,-107.105583191
829.268371582,-107.107017517
829.289916992,-107.10962677
829.345458984,-107.11038208
829.342651367,-107.105682373
829.339294434,-107.105415344
829.357788086,-107.108970642
829.32409668,-107.103507996
829.327331543,-107.099487305
829.32409668,-107.100639343
829.30871582,-107.100318909
829.302612305,-107.096763611
829.299438477,-107.09778595
829.327636719,-107.088134766
829.30291748,-107.09375
829.299804688,-107.092018127
829.293762207,-107.091178894
829.290588379,-107.092338562
829.290771484,-107.090873718
829.337097168,-107.08769989
829.340209961,-107.088127136
829.297058105,-107.084411621
829.272338867,-107.084434509
829.266052246,-107.083686829
829.266235352,-107.086547852
829.263305664,-107.081825256
829.256958008,-107.08404541
829.256774902,-107.085418701
829.253967285,-107.080810547
829.247802734,-107.082954407
829.244812012,-107.079666138
829.374084473,-107.092079163
829.37713623,-107.092475891
829.577331543,-107.110420227
829.583435059,-107.109703064
829.562011719,-107.107093811
830.485473633,-107.213806152
830.506896973,-107.216438293
829.836181641,-107.132423401
829.84197998,-107.133216858
829.848327637,-107.132492065
829.851379395,-107.134239197
829.854614258,-107.133224487
829.869995117,-107.135063171
830.023986816,-107.14755249
830.036437988,-107.149040222
830.057983398,-107.150131226
830.076721191,-107.152297974
830.079589844,-107.152694702
830.10723877,-107.155975342
830.104431152,-107.154129028
830.132080078,-107.157371521
830.138122559,-107.158164978
830.138122559,-107.158164978
830.159790039,-107.159263611
830.196655273,-107.163696289
830.218322754,-107.164787292
830.230651855,-107.166229248
830.243103027,-107.166282654
830.273925781,-107.169921875
830.295532227,-107.171073914
830.335571289,-107.175819397
830.347961426,-107.17578125
830.335571289,-107.175819397
830.369628906,-107.178352356
830.381713867,-107.179870605
830.446594238,-107.186027527
830.431091309,-107.18283844
830.477416992,-107.188240051
830.480529785,-107.18863678
830.492797852,-107.190078735
830.499023438,-107.189323425
830.508300781,-107.190437317
830.560852051,-107.195220947
830.563781738,-107.195617676
830.576171875,-107.197059631
830.616333008,-107.200401306
830.622497559,-107.201118469
830.625732422,-107.200035095
830.62878418,-107.200363159
830.631713867,-107.202217102
830.634765625,-107.201156616
830.641113281,-107.201843262
830.674926758,-107.205886841
830.671936035,-107.204078674
830.665649414,-107.203384399
830.696716309,-107.207000732
830.699462891,-107.207374573
830.727233887,-107.209228516
830.739746094,-107.209197998
830.746032715,-107.211425781
830.749328613,-107.210342407
830.758422852,-107.211425781
830.770690918,-107.212867737
830.782958984,-107.214355469
830.782958984,-107.214355469
830.813842773,-107.216598511
830.82019043,-107.217292786
830.820251465,-107.21585083
830.854125977,-107.219970703
830.860229492,-107.22063446
830.860290527,-107.219177246
830.875671387,-107.220985413
830.878723145,-107.221412659
830.897155762,-107.223632812
830.906555176,-107.22328949
830.971374512,-107.229454041
830.977539062,-107.230224609
830.980773926,-107.230583191
830.983886719,-107.229560852
830.986938477,-107.229850769
830.722229004,-107.120315552
830.72253418,-107.118766785
830.716308594,-107.116577148
830.713256836,-107.116287231
830.713378906,-107.114807129
830.728759766,-107.115196228
830.710205078,-107.114402771
830.737976074,-107.120643616
830.734802246,-107.115959167
830.741149902,-107.115249634
830.747314453,-107.117370605
830.747375488,-107.116035461
830.750488281,-107.114967346
830.756713867,-107.115631104
830.772033691,-107.117507935
830.778198242,-107.12247467
830.775024414,-107.123535156
830.768676758,-107.124259949
830.796569824,-107.124649048
830.805847168,-107.124359131
830.809143066,-107.12322998
830.787719727,-107.116340637
830.81842041,-107.122901917
830.81842041,-107.122901917
