648.510009766,-137.746948242
648.514526367,-137.741821289
648.524353027,-137.745956421
648.514709473,-137.738204956
648.494873047,-137.730987549
648.496765137,-137.730239868
648.534362793,-137.74899292
648.534545898,-137.746612549
648.546325684,-137.752502441
648.433105469,-137.70425415
648.427368164,-137.700805664
648.429443359,-137.698745728
648.411743164,-137.689620972
648.399841309,-137.683837891
648.382568359,-137.698471069
648.370422363,-137.693878174
648.384094238,-137.674972534
648.352722168,-137.682373047
648.351074219,-137.680770874
648.354675293,-137.658798218
648.323059082,-137.643478394
648.322937012,-137.642364502
648.274108887,-137.609603882
648.270385742,-137.604171753
648.262573242,-137.599090576
648.228942871,-137.61315918
648.221130371,-137.610488892
648.207519531,-137.599624634
648.233581543,-137.577072144
648.197570801,-137.594284058
648.221923828,-137.566619873
648.187927246,-137.585357666
648.187927246,-137.584197998
648.215881348,-137.564361572
648.180236816,-137.579177856
648.178100586,-137.578903198
648.176147461,-137.579696655
648.174377441,-137.575759888
648.208374023,-137.556991577
648.208374023,-137.556991577
648.170471191,-137.572631836
648.166503906,-137.569641113
648.204406738,-137.552780151
648.156799316,-137.564147949
648.196655273,-137.545379639
648.133605957,-137.546783447
648.177734375,-137.528778076
648.123901367,-137.536743164
648.121887207,-137.536376953
648.117980957,-137.533294678
648.106384277,-137.522872925
648.151062012,-137.500106812
648.147338867,-137.494644165
648.145385742,-137.49420166
648.143371582,-137.490386963
648.133972168,-137.480392456
648.131958008,-137.479919434
648.134277344,-137.476776123
648.126708984,-137.467132568
648.103820801,-137.444961548
648.101867676,-137.442276001
648.105895996,-137.443008423
648.102233887,-137.435302734
649.698181152,-137.889068604
649.688293457,-137.883728027
649.651062012,-137.860214233
649.693603516,-137.838241577
649.693603516,-137.838241577
649.6875,-137.834823608
649.67956543,-137.832122803
649.671875,-137.824676514
649.666015625,-137.821258545
649.661987305,-137.81930542
649.609863281,-137.834686279
649.609802246,-137.83354187
649.654296875,-137.814285278
649.64642334,-137.806900024
649.578125,-137.815795898
649.578125,-137.815795898
649.56652832,-137.806564331
649.564453125,-137.806137085
649.552734375,-137.798080444
649.55291748,-137.796875
649.589355469,-137.772598267
649.593383789,-137.772155762
649.539367676,-137.786071777
649.539367676,-137.786071777
649.53692627,-137.789260864
649.52722168,-137.780273438
649.511535645,-137.77142334
649.497680664,-137.76524353
649.554199219,-137.745941162
649.538696289,-137.734603882
649.540710449,-137.735046387
649.526977539,-137.727737427
649.466247559,-137.746414185
649.466247559,-137.746414185
649.531799316,-137.714416504
649.531738281,-137.715576172
649.542358398,-137.711547852
649.544250488,-137.713119507
649.424621582,-137.725585938
649.521118164,-137.692153931
649.548461914,-137.711486816
649.548522949,-137.710357666
649.548461914,-137.712631226
649.503112793,-137.685272217
649.503112793,-137.685272217
649.519287109,-137.688232422
649.420410156,-137.724945068
649.41619873,-137.726577759
649.474365234,-137.685974121
649.51361084,-137.682510376
649.412231445,-137.725723267
649.448486328,-137.675247192
649.432861328,-137.666366577
649.410949707,-137.654022217
649.368164062,-137.711654663
649.368164062,-137.711654663
649.405334473,-137.649353027
649.369262695,-137.697647095
649.369262695,-137.697647095
649.358032227,-137.707550049
649.358398438,-137.702804565
649.356262207,-137.704788208
649.354309082,-137.704345703
649.360107422,-137.679229736
649.356018066,-137.678497314
649.354125977,-137.67590332
649.395385742,-137.642868042
649.393432617,-137.64251709
649.352294922,-137.703933716
649.352539062,-137.700485229
649.350219727,-137.673904419
649.391479492,-137.640899658
649.387512207,-137.639022827
649.387695312,-137.636672974
649.379760742,-137.632781982
649.363891602,-137.622833252
649.32244873,-137.659286499
649.314697266,-137.654205322
649.360168457,-137.618560791
649.310791016,-137.651199341
649.306945801,-137.648086548
649.346191406,-137.611190796
649.346191406,-137.611190796
649.30090332,-137.64692688
649.336730957,-137.603439331
649.28717041,-137.637283325
649.322937012,-137.595077515
649.314880371,-137.591217041
649.299377441,-137.578735352
649.249938965,-137.616119385
649.297485352,-137.577301025
649.24206543,-137.60987854
649.277893066,-137.565322876
649.270263672,-137.557983398
649.262084961,-137.555282593
649.260314941,-137.552612305
649.242614746,-137.542190552
649.204589844,-137.587554932
649.234680176,-137.53717041
649.230834961,-137.534072876
649.222717285,-137.530273438
649.21307373,-137.523651123
649.21105957,-137.523269653
649.213012695,-137.522506714
649.169128418,-137.565658569
649.155517578,-137.557174683
649.189819336,-137.507415771
649.147766113,-137.552078247
649.147521973,-137.553359985
649.143432617,-137.551361084
649.129760742,-137.542953491
649.124084473,-137.538330078
649.112121582,-137.533737183
649.15447998,-137.483093262
649.152587891,-137.481613159
649.130859375,-137.469192505
649.082702637,-137.514007568
649.12487793,-137.465805054
649.113037109,-137.458862305
649.105102539,-137.456222534
649.10333252,-137.452362061
649.101379395,-137.450820923
649.057067871,-137.499740601
649.068054199,-137.428085327
649.019836426,-137.476333618
649.018005371,-137.473617554
649.052490234,-137.416870117
649.02911377,-137.40184021
648.980529785,-137.450149536
648.97869873,-137.449676514
649.024963379,-137.39994812
649.024963379,-137.39994812
649.019104004,-137.397598267
649.019042969,-137.396408081
648.96496582,-137.440063477
648.96496582,-137.441223145
649.015319824,-137.392166138
648.947143555,-137.43081665
648.943237305,-137.427749634
648.933288574,-137.422348022
648.91784668,-137.412384033
648.911987305,-137.407745361
648.970275879,-137.361312866
648.968444824,-137.359725952
648.90814209,-137.404525757
648.90612793,-137.403121948
648.954772949,-137.351257324
648.952636719,-137.35093689
648.952636719,-137.35093689
648.936889648,-137.342102051
648.934814453,-137.341705322
648.868774414,-137.380767822
648.872436523,-137.386184692
648.864685059,-137.381240845
648.864746094,-137.379974365
648.864990234,-137.378814697
648.933349609,-137.336593628
648.84362793,-137.360641479
648.841491699,-137.361465454
648.831481934,-137.35723877
648.829772949,-137.354537964
648.829650879,-137.353286743
648.829650879,-137.353286743
648.827636719,-137.355270386
648.893981934,-137.310409546
648.872375488,-137.297027588
648.870605469,-137.294143677
648.794189453,-137.333709717
648.780456543,-137.327651978
648.780456543,-137.326477051
648.782714844,-137.323348999
648.772705078,-137.320266724
648.770812988,-137.319885254
648.762756348,-137.314941406
648.762817383,-137.316070557
648.742980957,-137.304153442
648.735168457,-137.301498413
648.817687988,-137.259536743
648.723754883,-137.287521362
648.806030273,-137.252578735
648.799926758,-137.250289917
648.788146973,-137.243423462
648.703796387,-137.279144287
648.703735352,-137.280334473
648.782531738,-137.237579346
648.686279297,-137.26763916
648.686279297,-137.268676758
648.759033203,-137.221389771
648.676513672,-137.261062622
648.668640137,-137.257232666
648.666564941,-137.256759644
648.664733887,-137.255187988
648.725830078,-137.199798584
648.702270508,-137.183624268
648.700622559,-137.182052612
648.635192871,-137.236816406
648.635192871,-137.236816406
648.692565918,-137.178237915
648.605895996,-137.218276978
648.584411621,-137.203582764
648.580444336,-137.202957153
648.672973633,-137.162826538
648.669189453,-137.163253784
648.576538086,-137.198699951
648.568603516,-137.195999146
648.655273438,-137.154754639
648.637756348,-137.142028809
648.625915527,-137.135162354
648.614379883,-137.125839233
648.582885742,-137.107040405
648.507995605,-137.15625
648.49597168,-137.150634766
648.555541992,-137.090148926
648.553710938,-137.088531494
648.547668457,-137.083969116
648.470397949,-137.137557983
648.494750977,-137.050445557
648.495239258,-137.046966553
648.477294922,-137.038848877
648.475341797,-137.036087036
648.395996094,-137.088302612
648.360900879,-137.065200806
648.357116699,-137.062149048
648.343139648,-137.056030273
648.315673828,-137.041351318
648.253051758,-137.002532959
648.251159668,-136.998703003
648.250671387,-137.004592896
648.243347168,-136.99130249
648.246948242,-136.99911499
648.235351562,-136.988708496
648.227355957,-136.987243652
648.225402832,-136.985595703
648.225219727,-136.986801147
648.128295898,-137.061767578
648.132385254,-137.059066772
648.13067627,-137.056365967
648.130859375,-137.053909302
648.132995605,-137.053146362
648.135009766,-137.052337646
648.174682617,-137.009674072
648.179382324,-137.002212524
