1988.05603027,387.505126953
1988.0904541,387.517944336
1990.5333252,388.036712646
1990.53417969,388.040283203
1991.38989258,388.207305908
1991.39099121,388.210876465
1990.77893066,388.098693848
1990.81152344,388.10458374
1990.81225586,388.108093262
1990.79675293,388.108673096
1990.98803711,388.137054443
1991.02075195,388.146453857
1987.71179199,387.550109863
1987.72937012,387.560028076
1987.73034668,387.563690186
1992.5871582,388.447113037
1992.58898926,388.454193115
1992.60498047,388.457061768
1992.60498047,388.457061768
1992.63549805,388.455963135
1992.63647461,388.459564209
