826.391784668,-106.760055542
826.397827148,-106.76083374
826.407043457,-106.761856079
826.498901367,-106.769889832
826.502197266,-106.763069153
826.511352539,-106.765609741
826.520202637,-106.7710495
826.505371094,-106.760574341
826.493286133,-106.75630188
826.529296875,-106.773582458
826.535461426,-106.772819519
826.547729492,-106.774345398
826.820129395,-106.797904968
826.838378906,-106.800163269
826.462768555,-106.751228333
826.46295166,-106.749778748
826.465881348,-106.748756409
826.460021973,-106.746513367
826.45703125,-106.74621582
826.447814941,-106.743721008
826.472412109,-106.742202759
826.432617188,-106.737571716
826.414123535,-106.739700317
826.496887207,-106.743789673
826.658935547,-106.758705139
826.665283203,-106.759391785
826.692687988,-106.762695312
826.704772949,-106.764144897
826.711303711,-106.761962891
826.800048828,-106.771026611
826.806152344,-106.771766663
826.824401855,-106.772529602
826.827575684,-106.772857666
827.60168457,-106.866127014
827.610900879,-106.867256165
826.876464844,-106.778678894
826.88269043,-106.777961731
826.903930664,-106.780532837
826.910095215,-106.781242371
826.910095215,-106.781242371
826.913391113,-106.780105591
826.922607422,-106.781219482
826.965393066,-106.784828186
826.977539062,-106.786361694
827.069519043,-106.794281006
827.072631836,-106.794746399
827.424987793,-106.825012207
827.437255859,-106.826461792
827.480285645,-106.830123901
827.498718262,-106.8309021
827.516845703,-106.834388733
828.252624512,-106.920188904
828.258605957,-106.919540405
827.609069824,-106.84249115
827.609130859,-106.841041565
827.609130859,-106.841041565
827.618164062,-106.843582153
827.618164062,-106.843582153
827.645812988,-106.84539032
827.642944336,-106.843505859
827.661193848,-106.847190857
827.661193848,-106.847190857
827.72845459,-106.852363586
827.731689453,-106.85269165
827.734741211,-106.853050232
827.83605957,-106.86214447
827.839111328,-106.861114502
827.845214844,-106.86177063
827.820922852,-106.858810425
827.854431152,-106.862892151
828.087768555,-106.881965637
828.100280762,-106.883407593
828.124633789,-106.884803772
828.133850098,-106.884437561
828.198364258,-106.890762329
828.213684082,-106.892532349
828.256713867,-106.894752502
828.269104004,-106.896133423
828.290588379,-106.89730835
828.290588379,-106.89730835
828.299743652,-106.898445129
828.293884277,-106.893333435
828.299865723,-106.89553833
828.303039551,-106.8957901
828.300231934,-106.886909485
828.306396484,-106.889015198
828.309753418,-106.882263184
828.312683105,-106.884048462
828.315795898,-106.885856628
828.315856934,-106.884368896
828.282226562,-106.876068115
828.27947998,-106.871398926
828.291809082,-106.871429443
828.276550293,-106.865341187
828.276550293,-106.865341187
828.282836914,-106.866004944
828.276733398,-106.863838196
827.910949707,-106.778556824
827.926147461,-106.780418396
827.911071777,-106.771408081
827.932373047,-106.779701233
827.93548584,-106.778656006
827.923522949,-106.771438599
827.926513672,-106.771766663
827.932739258,-106.772567749
827.944946289,-106.774002075
