829.790710449,-107.661705017
829.79675293,-107.661010742
829.781494141,-107.659156799
829.784545898,-107.656646729
829.787841797,-107.655563354
829.809020996,-107.662361145
829.772277832,-107.653755188
829.76940918,-107.651939392
829.766296387,-107.651542664
829.76953125,-107.650474548
829.766357422,-107.650146484
829.766418457,-107.648704529
829.763244629,-107.6512146
829.708129883,-107.637413025
829.708435059,-107.631652832
829.717651367,-107.634178162
829.723632812,-107.639205933
829.723693848,-107.637756348
829.692993164,-107.632720947
829.726623535,-107.636665344
829.674743652,-107.627624512
830.877502441,-107.731300354
830.877502441,-107.729789734
830.877502441,-107.729789734
830.886901855,-107.732383728
830.886901855,-107.732383728
830.923706055,-107.736732483
830.930175781,-107.735969543
830.930175781,-107.735969543
830.914611816,-107.734214783
830.951660156,-107.738609314
830.991760254,-107.741836548
830.998046875,-107.741111755
831.001159668,-107.741539001
831.106079102,-107.751098633
831.109130859,-107.750099182
831.11541748,-107.750717163
831.124511719,-107.753288269
831.124633789,-107.751861572
831.127624512,-107.753646851
831.272888184,-107.765083313
831.285339355,-107.765129089
831.309936523,-107.768051147
831.319396973,-107.769104004
831.322387695,-107.769515991
831.325439453,-107.769874573
831.35949707,-107.771034241
831.372070312,-107.772445679
831.396728516,-107.773963928
831.414978027,-107.776153564
831.427429199,-107.777633667
831.430541992,-107.777992249
831.439941406,-107.779067993
831.568481445,-107.749397278
831.171936035,-107.666114807
831.174987793,-107.6664505
831.181030273,-107.667236328
831.17199707,-107.66178894
831.171936035,-107.666114807
831.202758789,-107.66835022
831.212158203,-107.660804749
831.212158203,-107.660804749
831.215454102,-107.662628174
831.215515137,-107.661132812
