681.14642334,96.6812057495
681.153076172,96.6819610596
681.141784668,96.6905288696
681.1640625,96.6832962036
681.137207031,96.6912155151
681.130554199,96.6904220581
681.13079834,96.6806640625
681.168395996,96.6923370361
681.170898438,96.6840362549
681.173034668,96.6843414307
681.172729492,96.6929168701
681.117370605,96.6888427734
681.183898926,96.6954956055
681.186157227,96.6956863403
681.112976074,96.6871185303
681.112976074,96.679725647
681.108764648,96.6780090332
681.110595703,96.6880340576
681.104003906,96.6872787476
681.108764648,96.6780090332
681.195129395,96.6906280518
681.195129395,96.6893615723
681.08404541,96.6861801147
681.08404541,96.6861801147
681.08215332,96.6748199463
681.073059082,96.6737976074
681.064453125,96.6727142334
681.062072754,96.6737670898
681.064147949,96.6838760376
681.055480957,96.6729736328
681.046691895,96.6719055176
681.04864502,96.6819229126
681.044189453,96.6815032959
681.030944824,96.6700897217
681.01776123,96.6697692871
681.010620117,96.679977417
681.011047363,96.6690216064
681.004333496,96.6682052612
681.00390625,96.6805038452
680.999633789,96.6787261963
680.997619629,96.6699066162
680.999938965,96.6688919067
680.995727539,96.6683349609
680.984191895,96.6781387329
680.981872559,96.679145813
680.977478027,96.678527832
680.975097656,96.678314209
680.964050293,96.6770324707
680.957641602,96.6761245728
680.937683105,96.6640930176
680.944152832,96.6770248413
680.939575195,96.676574707
680.93548584,96.6638031006
680.908691406,96.6754379272
680.906433105,96.6751480103
680.900085449,96.6620788574
680.862243652,96.6600799561
680.862243652,96.6600799561
680.860168457,96.6598129272
680.860168457,96.6598129272
680.846618652,96.6607284546
680.846618652,96.6607284546
680.837768555,96.6596832275
680.835205078,96.6741790771
680.826782227,96.6596221924
680.821960449,96.6713104248
680.821960449,96.6713104248
680.824523926,96.6605224609
680.813354492,96.6592178345
680.795288086,96.6730728149
680.786804199,96.6585845947
680.784423828,96.6583557129
680.784484863,96.659576416
680.786560059,96.6732406616
680.782226562,96.6605606079
680.775634766,96.6585083008
680.757751465,96.6589050293
680.737915039,96.6590423584
680.735229492,96.6734695435
680.730957031,96.6716766357
680.717468262,96.6750564575
680.715087891,96.6747589111
680.71081543,96.6754074097
680.699707031,96.6754150391
680.688537598,96.6766281128
680.675231934,96.6750335693
680.675231934,96.6750335693
680.662414551,96.659942627
680.666442871,96.6775894165
680.657470703,96.6777801514
680.637817383,96.6619873047
680.635559082,96.6617279053
680.635314941,96.6640930176
680.635253906,96.6799697876
680.635253906,96.6799697876
680.63293457,96.6797866821
680.626220703,96.6802749634
680.617736816,96.6620788574
680.61340332,96.6639556885
680.610595703,96.6809310913
680.612976074,96.6823196411
680.606323242,96.6816101074
680.593322754,96.666557312
680.591186523,96.6649703979
680.586547852,96.6658172607
680.586547852,96.6658172607
680.577453613,96.666015625
680.570983887,96.6676330566
680.586120605,96.6854095459
680.555541992,96.6682739258
680.555541992,96.6682739258
680.546569824,96.6684417725
680.524414062,96.6732406616
680.522033691,96.6728897095
680.513061523,96.6731491089
680.521484375,96.6949386597
680.519287109,96.6947479248
680.508178711,96.6970443726
680.505859375,96.6968612671
680.495300293,96.6759033203
680.490844727,96.6754455566
680.499206543,96.7009429932
680.484130859,96.6770858765
680.494750977,96.7016143799
680.48815918,96.7019805908
680.479064941,96.7047348022
680.479064941,96.7047348022
680.444030762,96.6834182739
680.463439941,96.7077941895
680.452209473,96.7126464844
680.447753906,96.7132949829
680.450073242,96.7134857178
680.44342041,96.7152023315
680.434265137,96.7178955078
680.42779541,96.7194900513
680.383728027,96.6984176636
680.405395508,96.7291793823
680.368164062,96.7026901245
680.352416992,96.7082672119
680.364929199,96.7489318848
680.321228027,96.7192993164
680.360412598,96.7508926392
680.353759766,96.7513046265
680.35369873,96.7538070679
680.346984863,96.7542572021
680.344787598,96.7565002441
680.342590332,96.7561721802
680.342590332,96.7561721802
680.337890625,96.7630157471
680.333435059,96.7698287964
680.278442383,96.7388687134
680.273986816,96.7383651733
680.326721191,96.7727203369
680.262817383,96.7468719482
680.262878418,96.7480010986
680.249267578,96.7562713623
680.297119141,96.7999420166
680.288146973,96.8073501587
680.288085938,96.8099136353
680.286071777,96.810798645
680.285949707,96.8120269775
680.269897461,96.8310470581
680.269897461,96.8310470581
680.192932129,96.7986679077
680.192749023,96.7999038696
680.269836426,96.83228302
680.267700195,96.8344802856
680.190490723,96.8045349121
680.188354492,96.8054733276
680.260681152,96.8508377075
680.262695312,96.8523635864
680.258056641,96.8616027832
680.167663574,96.8361663818
680.163024902,96.8418502808
680.163024902,96.8418502808
680.160766602,96.8415985107
680.160766602,96.8451538086
680.153991699,96.8554458618
680.147094727,96.8656845093
680.146972656,96.8693847656
680.250549316,96.9061126709
680.25012207,96.9281082153
680.25012207,96.9281082153
680.125305176,96.9453430176
680.25982666,96.9870452881
680.131591797,96.9706115723
680.12713623,96.9688491821
680.127075195,96.9774627686
680.127075195,96.9774627686
680.126831055,96.9824066162
680.126831055,96.9824066162
680.27734375,97.0037841797
680.122192383,96.9866790771
680.34161377,97.0065231323
680.06652832,96.9985580444
680.350341797,97.0062866211
680.355102539,97.006690979
680.048583984,97.0001525879
680.134033203,97.0580749512
680.385864258,97.0080337524
680.131713867,97.0590133667
680.147155762,97.0644989014
680.087463379,97.0525970459
680.09197998,97.0543060303
680.09197998,97.0543060303
680.109802246,97.0575408936
680.102966309,97.0569381714
680.082946777,97.056968689
680.074279785,97.0559082031
680.371398926,97.066444397
680.060913086,97.0555725098
680.389221191,97.0660629272
680.413635254,97.0615463257
680.153625488,97.0823745728
680.421447754,97.0073165894
680.428405762,97.00806427
680.447998047,97.0092010498
680.168457031,97.1111755371
680.168518066,97.1123657227
680.459411621,97.0080337524
680.449035645,97.0670394897
680.458068848,97.0643692017
680.163818359,97.118057251
680.174682617,97.1266555786
680.168151855,97.1246261597
680.170288086,97.1286315918
680.471496582,97.0659255981
680.477844238,97.0643463135
680.480407715,97.0656661987
679.924621582,96.9965438843
679.920166016,96.9984512329
679.91784668,96.9995040894
679.960876465,97.0548400879
679.956542969,97.0542831421
680.493408203,97.0649642944
680.500183105,97.0656356812
679.954406738,97.0540390015
679.915710449,96.9967422485
679.906860352,96.9992599487
679.945495605,97.0554885864
680.174377441,97.1449890137
680.33203125,97.1476516724
680.513427734,97.0672225952
680.520141602,97.0667648315
679.893615723,96.9977416992
679.925354004,97.0556106567
680.178466797,97.1516647339
680.340515137,97.1585922241
680.342712402,97.1661300659
680.340209961,97.1695709229
679.91015625,97.049987793
679.882568359,96.9952087402
679.875915527,96.9944381714
679.869262695,96.9948883057
679.905639648,97.0507507324
680.541320801,97.010345459
680.344787598,97.1712799072
680.351074219,97.1819381714
679.860351562,96.993812561
679.855834961,96.9945373535
679.853637695,96.9967422485
679.888000488,97.0498657227
680.351074219,97.18309021
680.357788086,97.187538147
680.357788086,97.187538147
679.883544922,97.0518493652
680.571228027,97.0678253174
680.571228027,97.0678253174
679.868041992,97.0511550903
679.831481934,96.9941101074
680.579040527,97.0136489868
680.585876465,97.0143203735
680.584655762,97.0681915283
679.850036621,97.0503921509
679.845703125,97.052192688
680.612182617,97.0138473511
679.841369629,97.0529098511
679.832458496,97.0507125854
679.823547363,97.0520706177
680.61920166,97.0145797729
680.616882324,97.0131607056
680.625854492,97.0141372681
680.617919922,97.0672302246
680.62689209,97.065864563
680.62689209,97.065864563
680.641174316,97.0147857666
679.801330566,97.0507125854
680.64666748,97.0682296753
680.651062012,97.0675582886
680.651062012,97.0675582886
680.660095215,97.0685882568
679.770324707,97.0507125854
679.731689453,96.9909362793
680.67565918,97.0703430176
680.680236816,97.0696563721
680.696716309,97.016456604
680.696777344,97.0152130127
680.686584473,97.0705032349
679.702941895,96.9912567139
679.735107422,97.0489425659
680.704528809,97.0702209473
679.735046387,97.0501861572
679.691711426,96.9899291992
679.717163086,97.0493087769
679.717163086,97.0493087769
679.708374023,97.048210144
679.706176758,97.0480117798
680.738952637,97.0165100098
679.671813965,96.9900588989
679.674255371,96.9890899658
679.669677734,96.989692688
680.754577637,97.0182495117
680.758972168,97.0200653076
679.658325195,96.9909744263
679.65637207,96.989402771
679.651977539,96.9889144897
680.761291504,97.0166625977
679.651977539,96.9900894165
679.651977539,96.9900894165
680.787902832,97.0172729492
680.828918457,97.0737457275
680.828918457,97.0737457275
680.831054688,97.0740127563
680.848876953,97.0724182129
680.853393555,97.0729064941
680.859008789,97.0195846558
679.573242188,97.0445327759
679.535522461,97.0438308716
680.902282715,97.075050354
679.531188965,97.0419998169
679.524475098,97.0400695801
679.520019531,97.0421142578
679.518066406,97.0344161987
679.527893066,96.9853210449
679.515686035,97.0378570557
679.507202148,97.0294189453
679.494018555,97.0229492188
679.491699219,97.0202713013
679.491516113,97.0215072632
680.944580078,97.0738067627
680.946777344,97.0729064941
680.953430176,97.0724182129
680.932250977,97.0196609497
680.932250977,97.0196609497
680.960021973,97.0756912231
679.487243652,97.0173187256
679.480712891,97.0153045654
679.473937988,97.0145263672
680.968933105,97.0742645264
680.971130371,97.0757904053
680.956787109,97.0188064575
680.978149414,97.0728302002
679.481384277,96.9846725464
679.467590332,97.0124740601
679.472595215,96.9824371338
680.984558105,97.0736846924
679.449768066,97.0031433105
679.456970215,96.9831237793
679.450317383,96.9847335815
679.445617676,96.9989318848
679.439453125,96.9858322144
679.434448242,96.9987792969
679.450439453,96.9822616577
680.983642578,97.020690918
679.432434082,96.9899597168
679.441589355,96.9824295044
679.43927002,96.9846725464
679.428222656,96.9870071411
679.42376709,96.9853286743
679.423461914,96.9926528931
679.419311523,96.9896774292
681.024414062,97.0746917725
681.03338623,97.0757293701
679.417175293,96.9832305908
681.003417969,97.0230560303
681.005737305,97.0208511353
681.010070801,97.0213699341
681.035522461,97.0759811401
681.038024902,97.0762710571
681.040039062,97.075302124
681.044494629,97.0758285522
681.021362305,97.0226745605
681.030029297,97.0225372314
681.061218262,97.0213088989
681.109008789,97.0760498047
681.120300293,97.0761108398
681.122314453,97.0752182007
681.168884277,97.0758285522
681.141418457,97.0221099854
681.145874023,97.0226669312
681.147949219,97.0230026245
681.171325684,97.0784835815
681.172424316,97.0246200562
681.172424316,97.0233917236
681.174621582,97.0235748291
681.174743652,97.022277832
681.18359375,97.0246429443
681.183654785,97.0221862793
681.190246582,97.0229263306
680.869445801,96.8366241455
680.869445801,96.8390579224
680.876159668,96.8398361206
680.873779297,96.8420791626
680.887207031,96.8448028564
680.893859863,96.8455657959
680.893859863,96.8455657959
680.898376465,96.8472824097
680.900512695,96.8463592529
680.902587891,96.8478546143
680.904846191,96.8468704224
680.907104492,96.849571228
680.904602051,96.8518447876
680.906982422,96.8508758545
680.915893555,96.8554992676
680.898010254,96.8583297729
680.920166016,96.8585586548
680.924621582,96.8615112305
680.902282715,96.8613739014
680.895690918,96.8617324829
680.926879883,96.8666305542
680.928894043,96.8668899536
680.931152344,96.8671875
680.933349609,96.867401123
680.93347168,96.8686752319
680.931213379,96.8708114624
680.928771973,96.8742599487
680.937744141,96.8740615845
680.935424805,96.875
